---------------------------
f_d = -5000
---------------------------
(-1.24629,-0.863272)
(0.48297,-0.0943654)
(0.0121135,0.0254264)
(0.0685601,-0.103326)
(0.713905,-1.27833)
(0.141408,0.312474)
(0.0875519,0.261853)
(-0.766386,-0.994412)
(-0.877102,0.453962)
(-0.128886,-0.394493)
(0.279998,-0.28681)
(-0.224015,-0.271192)
(-0.201533,0.519035)
(-0.0395635,0.300702)
(-0.509414,-0.560549)
(0.419586,1.04959)
(0.172114,0.148286)
(-0.281188,-0.59779)
(-0.827578,-0.163253)
(-0.3133,-0.826892)
(0.453196,0.420243)
(-0.782075,0.467972)
(0.176458,0.806698)
(-1.03604,-0.402344)
(0.690196,0.555815)
(-0.274022,-0.527328)
(-0.611364,0.281047)
(0.709454,0.229475)
(0.14272,0.295888)
(-0.123347,-0.0437778)
(0.0130633,-0.396575)
(-0.309863,-0.0895343)
(0.183389,-0.180203)
(0.396828,-0.572586)
(0.189299,-0.16092)
(-0.0295052,-0.496422)
(-0.22017,0.0211745)
(-0.368043,0.0611732)
(-0.0165101,-0.516657)
(0.609844,-0.707753)
(-1.09692,-0.430895)
(-0.802577,-0.248135)
(-0.41082,-0.338492)
(-1.30605,0.119044)
(0.565032,0.778934)
(-0.68504,0.7156)
(0.0638436,0.0119286)
(-0.50664,0.579286)
(-0.592063,-0.560475)
(0.554568,-0.566311)
(0.155079,-0.636041)
(0.176753,-0.0158492)
(0.5029,-0.201228)
(0.173205,0.220432)
(0.0873907,0.225818)
(0.796218,0.614702)
(0.137879,1.11865)
(-0.417877,0.113854)
(0.1696,0.914421)
(0.0256417,1.11378)
(0.141115,-0.540666)
(-0.765897,-0.262682)
(-0.297658,-0.102417)
(-0.37826,-0.848058)
(0.29073,-0.447181)
(0.0177532,-0.202253)
(-0.471549,-0.35937)
(0.0914414,0.631474)
(0.935648,0.571547)
(-0.321184,0.108126)
(-0.318438,-0.250549)
(-0.289513,-0.460556)
(-0.366429,0.0772539)
(0.609753,0.254205)
(-0.297145,-0.257381)
(0.810193,0.321417)
(0.368141,0.290515)
(-0.284006,-0.0860524)
(0.821506,0.300188)
(-0.66968,0.179825)
(0.706919,0.323131)
(-0.338899,0.430619)
(0.0104814,-0.742996)
(-0.357626,-0.320092)
(0.396481,0.126998)
(-0.330697,-0.171215)
(-0.420388,-0.172223)
(0.505108,0.14289)
(-0.000251807,0.217846)
(0.0718205,0.113053)
(-0.018075,0.178249)
(-0.0186113,-0.393182)
(-0.728335,-0.0834737)
(0.3955,0.610839)
(-0.0964172,0.254013)
(-0.2024,-0.017718)
(-0.862538,0.0590102)
(0.176075,-0.22913)
(0.385526,-1.12955)
(0.229038,0.231938)
(0.5874,0.12172)
(-0.129753,-0.611344)
(0.0747778,0.80672)
(0.420903,-0.115855)
(0.35148,-0.725957)
(0.0787831,0.146863)
(-0.494838,-0.878941)
(0.325619,0.263278)
(-0.341657,-0.127859)
(0.558166,-0.44353)
(-0.833457,0.287251)
(0.290307,0.160698)
(0.254681,0.170152)
(0.481538,-0.0497238)
(0.10946,-0.0734312)
(-0.423535,-0.19582)
(0.198001,-1.21852)
(0.417605,-0.381609)
(-0.0453245,-0.311718)
(0.0216848,-0.420325)
(0.473031,0.0161763)
(0.402231,-0.659179)
(-0.294708,0.0798559)
(0.453563,0.366141)
(-0.688994,0.112123)
(-0.228131,0.144568)
(-0.604003,0.504821)
(-0.283173,-1.03312)
(-0.24448,-1.09335)
(0.565554,-0.546566)
(-0.69226,-1.43259)
(-0.860692,0.547732)
(0.41453,0.234421)
(-0.0216089,-0.84619)
(-0.0429848,0.668972)
(-0.0181912,-0.136871)
(-0.007185,-0.073285)
(0.400396,1.01471)
(0.352619,-0.399296)
(0.364449,0.38664)
(0.473339,0.12594)
(0.0926992,0.104192)
(0.432535,-0.334711)
(0.822172,0.296185)
(-0.0753798,0.464908)
(-0.863425,-0.127815)
(0.274609,-0.782319)
(-0.505721,-0.0275411)
(-0.19328,0.456149)
(0.338231,0.196857)
(-0.419674,0.819024)
(0.235801,-0.358508)
(-0.460458,-0.689309)
(0.312573,-0.440429)
(0.631055,-1.08336)
(-1.01473,0.0466689)
(-0.206452,0.37478)
(0.682637,0.021374)
(0.499468,0.958889)
(0.10245,-0.772512)
(0.464613,0.763198)
(-0.216044,-0.757603)
(-0.717341,-0.343611)
(0.904694,0.440083)
(0.236144,-0.241962)
(0.265291,-1.0704)
(-0.433734,-0.576452)
(0.598361,-0.465715)
(-0.0916249,-0.270201)
(-0.124713,0.410702)
(0.488137,-0.117378)
(-0.994293,0.217248)
(0.422702,0.378784)
(-0.173084,0.211643)
(-0.849367,0.487125)
(-0.203113,-0.236992)
(0.996017,0.555609)
(0.201268,0.801439)
(-0.0416022,0.0612105)
(0.0937206,0.983917)
(0.0580317,0.171538)
(-0.102072,-0.505697)
(1.50256,0.406201)
(0.164224,-0.553512)
(-0.290533,-0.428598)
(-0.937377,0.172368)
(-0.0765781,-1.00719)
(-0.305912,-0.566294)
(-0.0522139,0.522399)
(0.647398,0.570689)
(-0.826256,0.0750378)
(0.0716555,0.280551)
(0.337391,0.656479)
(0.266006,0.17493)
(0.566206,-0.2554)
(-0.375838,0.310174)
(-0.549881,0.365026)
(0.212818,0.146235)
(-0.729641,0.35096)
(1.03647,-0.212718)
(-0.714045,0.83571)
(0.639398,-0.241651)
(0.724024,0.222896)
(0.386653,-0.182038)
(0.326375,0.751064)
(0.868086,0.622877)
(0.931181,0.396395)
(0.352372,0.44878)
(0.416371,-0.530552)
(-0.66349,0.84509)
(-0.283856,0.47559)
(0.33029,0.578038)
(-1.31447,0.126124)
(-0.0210189,0.27454)
(0.080595,-0.620008)
(-0.162957,-1.32054)
(0.0869772,-0.215297)
(0.62776,-0.981675)
(-0.127442,-0.5871)
(-0.95098,0.077289)
(0.134169,-0.650045)
(0.434934,-0.070243)
(0.320368,0.392707)
(0.761667,0.316821)
(-0.536936,-0.138178)
(0.112722,-0.315715)
(-0.497277,0.0298548)
(-0.550815,-0.23226)
(0.674457,-0.244023)
(-0.111675,0.100168)
(-0.204769,-0.426781)
(1.26565,-0.372749)
(0.650188,-0.0991289)
(-0.133143,0.594231)
(0.429036,-0.335568)
(0.304415,0.063089)
(-0.913017,0.370788)
(-0.187507,-0.239207)
(-0.449226,0.317515)
(-0.396416,0.858642)
(0.203313,0.784236)
(-0.950759,0.0992544)
(0.396509,0.950101)
(-0.280853,0.347736)
(0.417168,0.0835619)
(0.674049,1.11665)
(0.881612,0.660767)
(0.202866,-0.318741)
(-0.458478,0.117829)
(-0.869506,0.8664)
(-1.16422,-0.585452)
(-0.0275945,0.561567)
(0.223175,-0.433233)
(0.0170287,-0.223895)
(0.535428,-0.899101)
(0.232606,-0.2617)
(0.42524,-0.00157405)
(-0.184271,0.0783222)
(0.0286767,0.838896)
(-0.732186,-0.271594)
(-0.691864,0.0217498)
(-0.163809,-0.276855)
(0.131735,0.0364824)
(-0.097297,-0.924546)
(-0.555602,-0.746963)
(0.0755739,0.624868)
(1.02537,-0.481267)
(-0.830336,0.295226)
(-0.559907,0.381709)
(0.49801,0.488037)
(0.667863,-1.3679)
(-0.226463,0.143182)
(0.444955,0.00733448)
(0.325261,-0.609255)
(-1.2274,0.456918)
(0.997789,0.0108754)
(-0.353393,-0.401163)
(0.101991,0.519017)
(-0.445217,0.354027)
(0.160085,1.0264)
(0.266591,-0.251289)
(-0.0890993,0.224936)
(0.0327332,-0.309146)
(-0.6513,-1.39198)
(1.29713,0.160758)
(0.374073,-0.818912)
(0.34943,-0.0862807)
(1.38112,0.293756)
(-0.588727,0.462737)
(-1.37284,0.52092)
(-1.16128,0.271907)
(1.27248,0.299002)
(0.0222859,-0.593761)
(0.338175,-0.838733)
(-0.0512981,0.198372)
(0.404907,0.440995)
(-0.645234,0.282126)
(-0.330664,0.372294)
(0.419095,0.59926)
(-0.0648801,-1.02411)
(0.469752,1.0153)
(0.749419,-0.247723)
(0.112544,-0.491403)
(-0.16394,0.552874)
(0.109613,0.0299287)
(-0.610105,-0.707735)
(0.138139,0.653372)
(0.290148,0.154544)
(-0.649432,-0.0491098)
(-0.0687672,0.115449)
(0.829616,0.200365)
(-0.0939521,0.116998)
(-0.289851,0.623828)
(0.966806,0.766506)
(-0.398927,-0.669601)
(-0.876092,-0.346857)
(0.183825,-0.176921)
(-0.0739498,-0.456451)
(-0.506274,0.21251)
(-0.0207056,0.331865)
(0.393236,-0.674788)
(-0.812329,-0.792707)
(0.123662,-0.124489)
(-0.277703,-0.690985)
(-0.189987,0.188478)
(0.579782,0.256462)
(0.406828,0.826866)
(0.0795662,0.762808)
(-0.540393,0.110869)
(-0.872358,-1.04469)
(0.406389,0.936819)
(0.35309,-0.433346)
(-0.544551,0.298407)
(-0.132722,1.1801)
(0.191016,-0.271367)
(0.00405105,0.155744)
(0.312806,0.905987)
(0.00525522,-0.32018)
(0.211176,0.559176)
(-0.532179,-0.160686)
(0.870112,-0.16547)
(-0.609458,0.31513)
(0.315406,0.777957)
(-1.73889,0.5371)
(0.639317,0.19797)
(-1.33156,0.285282)
(-0.563245,-0.35646)
(-0.251116,-0.357935)
(0.543399,0.629698)
(-0.0721225,-0.111464)
(0.538596,-0.00840588)
(0.103633,-0.138647)
(-0.589834,0.361481)
(-0.732688,0.257616)
(-0.0755423,-0.279751)
(-0.177564,0.140247)
(-0.438927,0.148356)
(0.970167,1.23967)
(-0.445243,-0.123058)
(-0.098848,0.56384)
(-0.348932,-0.165472)
(-0.19008,-0.889506)
(-0.833018,0.116558)
(0.44179,-0.226725)
(0.00314884,-0.313921)
(0.487355,0.111138)
(0.505775,0.151731)
(-0.729087,0.194005)
(-0.105609,0.112408)
(0.594732,0.529677)
(0.528288,-0.261349)
(0.422369,0.185224)
(0.00851956,0.616638)
(-0.210196,0.765351)
(-0.325492,-0.385327)
(0.39725,0.259662)
(0.479209,0.0393293)
(-0.0347166,0.230743)
(-1.06185,-0.00132895)
(-0.53312,-0.00825678)
(0.622598,-0.320841)
(0.126957,0.176056)
(1.17441,-0.105239)
(0.099973,0.305826)
(0.061635,-0.437448)
(-0.249689,-0.479205)
(0.453559,-0.103842)
(-0.163388,0.318876)
(0.634644,-0.41089)
(-0.0912001,0.52475)
(0.457692,0.253571)
(-0.0403255,0.745687)
(-0.0265479,-0.242341)
(0.276397,-0.925176)
(0.0525367,-0.460113)
(0.785385,0.382651)
(0.40891,-0.287892)
(-0.622149,-0.0532403)
(0.199566,-0.323487)
(-0.397973,-0.0958359)
---------------------------
f_d = -4000
---------------------------
(-0.0137699,0.266201)
(-0.31598,1.36795)
(-0.249282,0.75972)
(-0.622616,0.0811973)
(-0.267106,-0.270045)
(-0.201062,0.0548635)
(0.533751,0.458618)
(0.667374,-0.464056)
(0.488111,0.418856)
(0.408475,-0.746357)
(-0.254757,-0.100622)
(-0.035212,0.446831)
(0.0379569,0.255934)
(0.752291,-0.5258)
(-1.12581,0.787238)
(0.344705,-0.0879225)
(-0.481511,-0.549883)
(0.318012,0.254246)
(1.17866,0.0188706)
(-0.0471,-0.0657687)
(0.371819,0.977268)
(-0.778149,-0.372601)
(-0.112858,1.49258)
(0.781452,-0.17206)
(1.06564,0.151104)
(0.584239,-0.0956749)
(0.0989709,0.292736)
(0.165994,-0.543035)
(-1.45444,-0.515478)
(0.821708,-1.63729)
(0.105222,0.289674)
(-0.0730904,-0.696385)
(-0.163392,-0.0365482)
(0.356426,0.171785)
(0.046957,0.530421)
(-0.380104,-0.0726701)
(0.521294,0.246185)
(-0.910639,-0.347787)
(-0.445101,-0.107905)
(0.238623,0.0395725)
(-0.481516,0.23285)
(1.22875,0.319398)
(-0.614966,-0.466601)
(-0.537249,0.403534)
(0.696522,-0.646853)
(-0.0697504,-0.161888)
(0.53203,-0.240524)
(0.241826,0.618932)
(0.615722,-0.157892)
(-1.04807,0.103855)
(-0.212446,-0.226344)
(-0.282382,-0.524807)
(-0.512601,-0.507451)
(0.154492,-0.57175)
(-0.484529,-1.27263)
(-0.126941,0.519998)
(-0.791097,-0.285181)
(0.0246629,0.518975)
(-0.0124861,-0.163552)
(-0.517893,1.07796)
(-0.222864,0.0599029)
(0.0786532,0.967261)
(0.519688,-0.195325)
(0.0469555,-0.196425)
(0.458302,-0.68596)
(-0.138263,0.282627)
(-0.481421,0.600194)
(-0.692431,-0.166611)
(0.775443,0.114904)
(-0.391997,0.344405)
(0.686121,0.675252)
(0.188142,-0.0143982)
(-0.267191,1.41142)
(0.396778,-0.586916)
(0.213989,-0.405122)
(-0.45162,-0.620938)
(-0.280577,-0.961911)
(-0.677257,0.271471)
(-0.498466,0.224355)
(0.274619,-0.0572669)
(0.299225,-0.452944)
(0.385248,1.30642)
(-0.279762,-0.525969)
(-0.635559,0.456406)
(-0.963686,0.330691)
(-0.721571,-0.714582)
(-0.101087,-0.771947)
(-0.045929,0.436291)
(-0.428988,-0.167898)
(0.523486,-0.414806)
(0.411343,1.04257)
(-0.193835,0.367737)
(-0.160761,-0.155008)
(-0.26004,-0.00941927)
(0.243584,-0.0321598)
(-0.88151,-0.554058)
(-0.979372,0.871049)
(0.276523,-0.460506)
(-0.945883,-0.604424)
(0.0146494,0.798488)
(0.876214,-0.241918)
(0.279824,-0.212126)
(0.19013,0.218617)
(0.102973,0.398056)
(-0.176154,0.383081)
(0.386712,-0.0761961)
(0.568132,0.107262)
(-0.242955,-0.0703688)
(-0.593593,0.619524)
(-0.110706,-0.279992)
(-0.41799,0.769191)
(-0.192757,0.578773)
(-0.0261557,0.866673)
(-0.343324,-0.528986)
(-0.336263,-0.787656)
(-0.263497,-0.662357)
(-0.38871,-0.611111)
(-0.816526,-0.912049)
(0.676166,-0.0989202)
(0.5577,-0.760485)
(-0.679304,-0.78092)
(0.670578,-0.128575)
(-0.0585064,0.54943)
(-0.317768,-0.765712)
(0.0593905,-0.0803253)
(-0.260161,0.539795)
(0.81066,-0.463841)
(-0.371812,-0.75667)
(0.0318611,-0.250428)
(0.656023,0.0570904)
(0.0166548,0.148989)
(-0.524771,-0.386324)
(-0.241952,0.857875)
(-0.504143,0.282439)
(0.899215,0.469545)
(0.709917,-0.2113)
(0.194596,0.0635133)
(0.422704,0.182382)
(0.170259,0.290905)
(-0.524069,0.102841)
(0.203244,0.25748)
(0.444888,0.0543683)
(-0.86219,-0.692271)
(-0.452363,0.229723)
(0.523796,-0.213683)
(-0.328895,0.0634248)
(0.427239,0.405349)
(-0.36728,0.397136)
(-0.121775,0.640253)
(-1.95674,-0.0860647)
(0.65049,0.944634)
(0.553525,0.871065)
(-0.509491,-0.38325)
(-0.445452,-0.917438)
(-0.916797,0.0653481)
(0.418501,-0.354297)
(-0.274161,-0.33127)
(1.05925,-0.308837)
(0.834789,-1.18511)
(-0.721582,0.0288694)
(-0.512033,-0.543757)
(0.809172,-0.402267)
(0.779007,0.259527)
(-0.358834,-0.867377)
(0.166245,0.0407936)
(-0.89331,-0.429658)
(0.348895,-0.0192952)
(-0.599219,0.113523)
(-0.0368072,0.418082)
(0.524132,0.338227)
(-0.277459,-0.42945)
(-0.14674,-0.216165)
(-0.410894,-0.0147397)
(0.13817,0.701847)
(0.67674,0.22118)
(1.09852,0.484927)
(0.193566,-0.244414)
(-0.656876,-0.284685)
(-0.659321,0.360727)
(0.158191,-0.02994)
(-0.496897,-0.240836)
(-0.264048,1.29137)
(0.536812,-0.587304)
(-0.905385,-0.264687)
(-0.110255,-0.309432)
(0.676087,-0.043175)
(-0.227308,0.582766)
(0.158908,0.0535434)
(0.226523,0.706041)
(0.304509,0.981225)
(0.0193811,-0.265851)
(0.513579,-0.522758)
(0.60359,-0.442565)
(0.0609606,-0.0389552)
(0.189302,0.0773154)
(0.177185,0.0399852)
(0.115959,0.0824973)
(-0.230165,0.204814)
(-0.415772,0.993762)
(-0.153203,0.37113)
(-0.404555,-0.012767)
(0.303706,0.662564)
(-0.249654,0.858038)
(-0.660342,-0.202834)
(0.223146,0.926811)
(-0.243614,-0.268367)
(0.35683,-0.841628)
(-0.287446,-0.0516962)
(1.258,-0.457644)
(-1.04995,-0.705366)
(0.395272,0.730094)
(0.771453,-0.795721)
(-0.341284,1.11697)
(-0.324009,0.188824)
(1.16633,0.37381)
(-0.553235,0.574016)
(-0.88187,-1.52783)
(-0.0612735,-0.362564)
(-0.924924,0.0688531)
(-0.0904983,-0.479234)
(-0.170414,-0.227698)
(-0.270254,0.680259)
(0.215914,-0.704762)
(0.316257,0.0437401)
(0.46445,0.0621694)
(0.250137,-0.521165)
(0.412372,-0.273056)
(0.748984,0.38701)
(-0.465212,0.113581)
(-0.865938,-0.386687)
(0.235234,-0.985064)
(-0.670697,-1.05773)
(-0.291637,0.193061)
(0.103488,0.342706)
(0.234644,0.642449)
(0.147896,0.667064)
(0.162929,-0.0614477)
(0.657805,0.00371973)
(-0.374329,0.199544)
(0.55395,1.25457)
(0.949411,-0.0532209)
(-0.117234,0.277789)
(-0.230246,0.335906)
(1.51559,-0.180032)
(-0.393933,0.43417)
(0.524702,-0.00457284)
(1.19255,-0.923195)
(-0.313139,-0.776664)
(0.142021,-0.644563)
(0.215681,0.580509)
(0.49837,0.184073)
(0.228308,0.0557295)
(-0.164966,0.407828)
(-0.412548,0.779987)
(-0.538856,-0.7699)
(0.329337,-0.0444109)
(-0.176842,-0.109893)
(1.11131,-0.497371)
(0.200157,0.300969)
(-0.355252,0.136025)
(-0.523719,-0.154942)
(0.366042,0.128032)
(-0.0229057,-0.405973)
(0.118372,-0.308493)
(0.00253719,-0.333022)
(-0.743602,0.503671)
(-0.269188,0.655028)
(0.985068,0.451591)
(-1.08667,0.453913)
(0.56063,0.104006)
(-1.46248,-1.58634)
(0.351265,0.88355)
(1.04316,-0.218303)
(-0.52646,0.0993744)
(0.66861,-0.0175611)
(0.0430644,0.0383647)
(-0.405056,-0.915848)
(-0.0349811,0.60386)
(1.13439,0.561063)
(-0.310843,-0.145265)
(0.548909,0.251312)
(0.33528,-0.379344)
(-1.17743,-0.317859)
(0.0892839,0.0889348)
(-0.135314,-0.46196)
(-0.525255,-0.0282593)
(-0.0720967,-0.748882)
(-0.605112,-0.105012)
(-0.419347,0.240022)
(-0.5343,0.269279)
(0.358568,0.222747)
(-0.49917,0.664418)
(-0.0691393,0.250564)
(0.564333,-0.571732)
(-0.887601,-0.328206)
(-0.100233,-0.863135)
(0.242871,0.157628)
(0.420566,1.01755)
(0.138323,-0.142264)
(0.849258,0.148873)
(-0.727649,0.227785)
(1.07127,-0.504635)
(0.243511,0.197283)
(0.0950295,0.645183)
(0.5003,0.12026)
(-0.315868,-0.267302)
(0.305012,1.42307)
(1.04055,0.37618)
(0.168767,-0.292614)
(-0.408311,0.285442)
(0.203897,0.11029)
(-0.529973,-0.887377)
(0.726663,0.145148)
(0.23786,0.722316)
(0.018326,-0.246192)
(-0.121579,0.111512)
(-0.546962,-0.675153)
(-0.125342,0.862028)
(-0.595563,0.264813)
(0.33791,-0.269379)
(0.0415843,0.0844988)
(-0.241903,-0.156074)
(0.611486,-0.811413)
(-0.775169,-0.113925)
(-0.0214688,-0.0784302)
(0.59917,-1.33758)
(-0.29917,0.0691672)
(0.487229,-0.505838)
(0.541539,0.281711)
(-0.551227,-0.301431)
(0.388656,-0.165859)
(0.00352616,0.389733)
(-0.886056,1.08302)
(0.428037,-0.322248)
(-0.364616,-1.09827)
(0.00934678,-0.557461)
(0.318819,0.498944)
(0.736663,-0.239778)
(0.197842,0.175971)
(1.73762,0.20102)
(0.225475,-0.291919)
(0.874944,-0.482897)
(0.627374,-0.199213)
(0.624952,0.0207866)
(0.613169,0.454481)
(0.365577,0.0852222)
(0.273629,0.233184)
(-0.629163,-0.528844)
(0.343877,0.133752)
(0.0350914,-0.770572)
(0.172974,0.603632)
(0.850544,-0.355845)
(-0.135393,-0.927248)
(-0.998842,0.7701)
(0.34801,-0.363464)
(-0.0798199,0.125974)
(0.549105,0.147867)
(0.901198,0.177654)
(-0.376202,-0.215832)
(0.235767,-0.211524)
(0.315505,-0.31061)
(-0.0809388,0.215483)
(0.779988,0.166579)
(-0.531373,-0.165451)
(-0.284006,-0.791495)
(-0.313695,0.21697)
(-0.791309,-0.0929993)
(0.187169,0.343705)
(0.88273,-0.887782)
(0.559555,1.08797)
(0.0200782,1.08271)
(-0.0938188,0.499874)
(-1.18235,0.317099)
(0.275446,-0.0626976)
(-0.885791,-0.461356)
(-0.294099,-0.242298)
(0.313294,0.0599042)
(-0.3201,0.556965)
(-0.309972,-0.208691)
(0.373015,1.06481)
(-0.203995,-0.438386)
(-0.50745,0.380592)
(-0.434427,0.858678)
(0.500912,-0.22077)
(-0.257003,0.212048)
(-0.477955,0.620699)
(0.860517,-0.710211)
(-0.749569,-0.403895)
(-0.0368394,0.0199416)
(0.835916,-0.114883)
(0.305999,-0.508605)
(-0.349673,-0.222078)
(-0.355981,0.872931)
(-0.836932,-0.931092)
(-0.399889,0.4296)
(0.755421,-0.0371879)
(-0.430084,-0.228135)
(-0.306332,-1.3471)
(0.125498,-0.633428)
(0.113145,0.218174)
---------------------------
f_d = -3000
---------------------------
(0.139816,-0.261827)
(-0.963597,-0.485337)
(-0.440037,0.914622)
(0.224756,-0.103765)
(0.213961,0.601233)
(-0.232771,0.217021)
(-0.199998,-0.747083)
(-0.744739,-0.802215)
(-0.832187,-0.32868)
(0.185885,-1.30225)
(-0.372306,0.123322)
(-0.218628,-0.608614)
(0.946386,-0.604737)
(-0.114893,0.771293)
(0.299029,0.910737)
(0.535316,-0.435526)
(-0.713653,1.75508)
(-0.0810509,0.172433)
(0.534345,0.525059)
(0.692325,-0.465732)
(-0.825248,0.12597)
(-0.0757753,0.908155)
(-0.389462,-0.313638)
(-0.361224,0.294943)
(0.583381,0.818831)
(0.286074,0.542842)
(0.0606456,0.707617)
(0.716251,1.12686)
(-0.0329844,1.07848)
(0.461656,0.341028)
(-0.126252,-0.394249)
(0.0717195,-0.815054)
(-0.299578,0.927104)
(0.326458,-0.221444)
(-0.200416,0.816899)
(0.6814,0.0378515)
(-0.0153525,0.208728)
(-1.06465,0.034546)
(-0.360032,-0.0776987)
(-0.795765,0.878748)
(-0.64246,-0.0590672)
(-0.733835,-0.3145)
(-0.374168,-0.0661748)
(0.621645,-0.202003)
(-0.234231,0.118514)
(-0.411703,0.737114)
(-0.121443,-0.0861048)
(-0.507009,0.244079)
(-0.594123,-0.270303)
(-0.0830136,-0.34249)
(0.148296,0.112614)
(-0.191549,-0.190482)
(0.696261,-0.774117)
(-0.0636396,0.359685)
(0.609404,-0.362213)
(-0.323462,0.0848528)
(0.108021,0.0609389)
(-0.106815,0.456332)
(-0.16469,0.653984)
(-0.561143,0.442402)
(-0.267859,-0.123221)
(0.102745,0.125983)
(0.17644,-0.828882)
(-0.0126395,0.550125)
(0.238029,0.153669)
(0.238268,-0.229763)
(-0.774735,-0.582012)
(-0.0686753,0.728299)
(0.515116,-0.0908169)
(-0.305023,0.167733)
(0.206473,0.446485)
(-1.06475,0.239666)
(-0.122798,-0.595662)
(0.103477,-0.810486)
(-0.148064,0.641309)
(0.898948,-0.901113)
(-0.223857,-0.0344354)
(-1.23797,0.86951)
(-0.869565,-0.397258)
(-0.442165,-0.37832)
(-0.391267,0.490403)
(0.251956,0.263561)
(0.438394,-0.58776)
(-0.320802,-0.551538)
(-0.116902,0.843739)
(0.858316,-0.789631)
(-0.445572,0.817961)
(-0.0152739,0.0951825)
(-0.536963,-0.198146)
(-0.571751,1.24427)
(-0.279264,-0.494288)
(0.0867692,0.142672)
(0.532884,-0.163169)
(0.577729,0.757617)
(-0.193333,-1.16683)
(-0.107738,0.484931)
(0.598387,0.722542)
(0.575636,0.119907)
(0.0454954,1.54625)
(1.40845,-0.486679)
(-0.450307,0.345456)
(-0.194635,0.450864)
(-0.817644,-0.254749)
(0.0893106,0.333982)
(-0.0442967,-0.424574)
(0.302458,-0.0744425)
(-0.286256,0.685489)
(-0.195768,-0.502282)
(-0.0399575,-0.202868)
(-0.141691,0.769434)
(-0.139879,0.760006)
(0.387901,-0.111577)
(0.501746,0.07498)
(-0.706142,-0.68246)
(0.507776,0.373801)
(0.0914146,-0.0997261)
(0.615956,-0.493322)
(-0.204876,-0.365303)
(0.432361,0.340057)
(0.296108,-0.424398)
(-0.554574,-0.371854)
(0.413918,0.513747)
(-1.10847,-0.666788)
(-0.331323,0.0445419)
(-0.727562,0.158524)
(1.09732,0.266139)
(-0.00770664,-1.46778)
(-0.312647,1.1703)
(0.297687,-0.206729)
(-0.934175,-0.142866)
(0.240152,-0.534794)
(-0.640414,1.33152)
(0.728006,-0.300597)
(-0.195561,0.778176)
(-0.119299,1.11441)
(0.555941,-0.0262548)
(0.674523,-0.274378)
(0.0678446,0.599667)
(0.0471566,-0.767203)
(0.12662,-0.548204)
(0.0233958,-0.584759)
(-0.267176,0.365561)
(-0.770523,0.459021)
(0.304403,0.128964)
(-0.350556,0.437693)
(0.156711,0.527523)
(0.640759,-0.214052)
(0.212362,0.632372)
(-0.0658862,0.13059)
(-0.202561,-0.401604)
(1.10852,0.126629)
(-0.625006,0.0128897)
(-0.651112,-0.435782)
(-0.106049,0.767486)
(0.13414,-0.361768)
(0.417211,-0.569191)
(0.421686,0.339182)
(0.510884,-0.841491)
(-1.38569,0.373885)
(0.515903,0.519683)
(0.628965,-0.754143)
(-1.02219,0.329152)
(0.532919,0.320744)
(0.252053,0.441094)
(-0.0573441,-0.11569)
(0.310933,0.207915)
(0.803871,0.821423)
(0.692071,-0.280913)
(-1.99225,-0.170428)
(0.434681,0.173813)
(-0.318193,-0.591419)
(-1.24685,-0.0565811)
(0.0576018,-0.748509)
(-0.0990838,-0.514886)
(-0.406513,0.0207774)
(0.0264844,-0.625087)
(1.09491,-0.330117)
(-0.831391,-0.793236)
(0.360933,-0.132737)
(-0.541963,-0.112708)
(-0.33599,1.2842)
(1.29428,-0.480907)
(-0.362167,1.10514)
(0.571664,-0.594251)
(-0.213901,-0.131327)
(0.0631019,0.135803)
(1.19466,-0.610434)
(0.468125,-0.658258)
(-0.113944,0.119284)
(0.108052,-0.128027)
(-0.0739456,0.533366)
(0.537821,0.272056)
(-1.28712,0.652441)
(-0.292369,-0.329867)
(-0.200028,-0.343999)
(-0.507794,-0.265586)
(1.10751,-0.307056)
(0.273764,0.75319)
(-0.0497092,0.605743)
(0.268409,0.0177921)
(-0.182121,-0.686296)
(-0.236101,0.420181)
(0.785139,0.224544)
(0.0193235,0.669547)
(0.628652,0.00208318)
(0.52666,-0.0414905)
(-0.680935,0.491247)
(0.247689,-0.0438504)
(-0.768929,-0.0869956)
(-0.878614,0.363019)
(0.234239,-1.05415)
(0.676622,-0.491846)
(0.212799,0.0493591)
(-0.435902,-0.887893)
(-0.419614,0.161719)
(0.00330903,-0.321382)
(1.45394,-0.504246)
(0.470449,-0.228653)
(-0.14442,-0.0430874)
(-0.124773,0.127355)
(0.403461,0.341997)
(-0.00976291,-0.416781)
(-0.033015,-0.440737)
(-0.321031,-1.24921)
(-1.0731,-0.56648)
(0.0129333,-0.69194)
(-0.0109385,0.10494)
(0.171506,1.43426)
(-0.0738003,-0.966938)
(-0.37476,-0.301664)
(-0.042122,0.516019)
(0.808917,-0.339051)
(-0.555925,0.0338499)
(-0.467627,0.0496394)
(0.290414,-0.319834)
(0.257585,-0.036581)
(0.134875,0.176096)
(1.0959,0.0232724)
(0.285945,-0.342403)
(-0.535301,-0.549812)
(-0.504286,-0.606704)
(-0.13392,0.0780423)
(0.665843,-0.906058)
(-0.0580222,-0.203016)
(-0.0388975,-0.657307)
(-0.747363,0.0913272)
(-0.207117,0.174207)
(-0.201718,0.0545449)
(-0.139839,0.761173)
(1.03034,-0.149287)
(0.0751693,-0.816009)
(0.514194,0.828548)
(1.17962,0.092287)
(-0.635099,-0.468813)
(-0.906346,0.390461)
(-0.146459,-0.287438)
(0.828546,-0.108539)
(-0.76471,0.24513)
(-0.199088,-0.613447)
(-0.74819,0.156163)
(0.140052,-1.18391)
(-1.0695,-0.837257)
(-0.0630139,0.0130007)
(0.516634,-0.444628)
(-0.561019,-0.0272803)
(0.191716,0.931784)
(0.597248,0.880634)
(0.321907,-0.104033)
(0.736089,0.738297)
(0.308861,-0.0383768)
(-0.610137,0.860573)
(0.289203,-0.390966)
(0.404356,-0.238174)
(-0.605997,0.441355)
(0.542532,-0.540832)
(0.677508,-0.956921)
(0.520651,0.526225)
(-0.248861,-0.201856)
(0.370884,-0.83715)
(-0.544457,0.0857686)
(1.11567,-0.0854318)
(0.56749,-0.397924)
(-0.425134,0.568362)
(0.204116,-0.724754)
(-0.268063,-0.135658)
(-0.0400006,-0.319661)
(0.0228899,-0.114915)
(0.192494,0.328345)
(-0.290078,0.167155)
(-0.505671,-0.648282)
(0.00905834,0.123706)
(-0.290106,0.468187)
(0.768482,-0.504759)
(-0.601996,-0.0975005)
(0.0240628,0.56092)
(-0.14949,0.114043)
(-0.286757,0.325818)
(0.0989086,-0.380185)
(1.07986,-0.684698)
(-0.095432,0.14053)
(-0.543165,0.272122)
(0.370315,-0.518255)
(0.00580469,-0.306193)
(0.059156,-0.784812)
(0.753314,-0.567801)
(0.167191,-0.416134)
(-0.174956,0.504925)
(0.537589,-0.586236)
(0.356405,0.694424)
(0.47457,-0.188766)
(0.886239,0.324284)
(-1.29896,0.686871)
(0.158326,0.972256)
(0.213941,0.338404)
(-0.273607,0.26754)
(0.757868,-1.15395)
(-0.496534,-0.278606)
(-0.387982,0.0519299)
(-0.0395317,0.174066)
(0.454717,0.0600384)
(0.687323,1.02224)
(0.169677,-0.85194)
(-0.15374,0.183765)
(-0.47029,0.468899)
(-0.591487,0.441617)
(-1.07412,-0.382386)
(-0.444641,-0.455039)
(-0.683531,-0.433374)
(-0.133723,-0.801181)
(-0.199587,0.55117)
(0.0438338,0.644657)
(0.704708,-0.0888417)
(0.222562,0.0906349)
(0.0323597,1.65022)
(0.0285121,-0.265021)
(-0.162157,0.385085)
(-0.0462722,0.703826)
(0.503974,-0.314192)
(-0.359881,-0.386995)
(0.190805,-0.617572)
(-0.398094,-0.0264062)
(0.270241,0.0645026)
(0.23853,-1.18185)
(-0.130864,0.267603)
(0.326849,-0.306644)
(-0.492932,-0.94646)
(-0.813105,0.532329)
(-0.151996,-0.179037)
(0.594107,-0.33908)
(0.424447,-0.0775125)
(-0.643428,-0.0837696)
(-0.694058,-0.781034)
(-0.684248,0.795962)
(0.313648,0.0568458)
(-0.179916,-0.518421)
(-0.0317013,0.557931)
(-0.411654,-0.219666)
(-0.648069,0.291723)
(0.302435,-0.3523)
(0.803894,0.306701)
(-0.850115,-0.54504)
(0.0917896,0.117641)
(0.284612,-0.241824)
(0.355758,-0.0722733)
(0.256274,-0.121105)
(-0.174675,0.31069)
(0.712703,-0.875512)
(-0.564682,-0.704643)
(-0.141151,-0.21905)
(0.188843,0.100097)
(0.150001,0.328968)
(-0.601684,-0.229502)
(-0.308811,0.0649468)
(0.0304531,-0.256308)
(0.463332,-0.578798)
(-0.254958,0.925488)
(0.144691,0.00139803)
(0.330131,-0.240059)
(0.534992,0.195564)
(0.81214,0.484406)
(-0.0702177,-0.493911)
(-0.57072,0.663706)
(0.334754,-0.315032)
(0.556669,0.710488)
(0.395084,0.743095)
(0.255442,-0.376092)
(0.802252,-0.0724425)
(0.415716,0.0532583)
(0.429076,-0.360033)
(-0.00706612,0.178285)
(-0.595748,-0.110339)
(-0.291843,-0.297291)
(-0.329635,-0.313488)
(0.118325,-0.210269)
(-0.343671,0.0189136)
(0.0105976,-0.521554)
(-0.649814,0.216895)
(1.25947,-0.0365995)
(0.455203,-0.434124)
(0.188686,0.491942)
---------------------------
f_d = -2000
---------------------------
(-0.0151475,-1.11014)
(-0.838092,-0.197014)
(-0.71622,0.835416)
(0.58244,-0.055217)
(0.151577,-0.44466)
(0.470207,0.3646)
(-0.17917,-0.391257)
(-0.32359,-0.982067)
(-0.495227,0.88134)
(0.458831,0.484498)
(0.696523,-0.0312184)
(0.134945,0.423446)
(0.183679,-0.0570366)
(0.557108,-0.468907)
(0.407193,0.539424)
(0.17699,-0.16014)
(0.0629504,-0.0374835)
(0.185304,-0.362909)
(0.723196,0.362313)
(-0.0610747,-0.04725)
(-0.407752,-0.269673)
(0.351931,0.695029)
(-1.11199,0.242989)
(0.0296178,-0.268931)
(0.681886,-0.0565742)
(-0.156806,-0.500828)
(0.117784,-0.190998)
(0.336322,0.443493)
(0.161305,0.223267)
(0.174584,-0.863638)
(0.0245345,-0.589763)
(0.776943,-0.147419)
(-0.814637,0.301849)
(-0.270552,-0.481398)
(-0.349052,0.101572)
(-0.355749,-0.34732)
(-0.651783,-0.729423)
(0.0240561,0.339829)
(-0.457631,-0.238567)
(0.0570308,0.401884)
(-0.00270099,0.141917)
(-0.107304,0.250701)
(-0.604922,-0.369057)
(-0.0425298,1.09459)
(-0.0247131,-0.395075)
(-0.0120746,0.589246)
(-0.173682,-0.180669)
(-0.357149,0.0319186)
(0.707877,-0.0211788)
(0.644619,0.75758)
(0.411979,-1.28394)
(-0.456527,-0.505528)
(-0.18552,-0.0520331)
(0.11338,-0.559121)
(-0.173265,-0.875175)
(-0.0081963,0.629388)
(0.179137,-0.754305)
(-0.275491,0.341443)
(0.901717,0.680237)
(-0.06842,0.24611)
(0.205176,0.365101)
(0.75299,0.650493)
(0.602475,0.46924)
(-0.227906,-0.166002)
(0.252291,-0.075813)
(0.317878,0.568437)
(-0.163564,-0.288326)
(0.570479,-0.0137849)
(-0.149415,-0.202853)
(0.65142,0.473059)
(0.231181,-1.19022)
(0.353577,-0.00586751)
(-0.225404,0.472458)
(0.0552139,0.266618)
(0.644412,-0.21193)
(0.812354,0.383396)
(0.153481,-0.166257)
(-0.248754,-0.695137)
(-0.298742,-0.167707)
(0.265747,0.348994)
(0.453531,0.0847005)
(-0.0318309,-0.57886)
(0.00892517,-0.315026)
(-0.58643,0.837884)
(0.522123,-0.438602)
(-0.264025,-1.30944)
(-0.682051,0.306859)
(0.462945,-0.359055)
(-0.788258,-0.706918)
(0.110758,0.431209)
(0.0882659,1.02562)
(0.277738,-0.380034)
(-1.11818,0.317231)
(0.0188924,0.196736)
(0.13111,-0.339885)
(0.0816157,0.570254)
(1.0139,0.808571)
(-0.174342,-0.600593)
(0.320369,0.157521)
(-0.414065,-0.104069)
(0.747393,0.0277338)
(-0.481634,-0.832983)
(0.675863,0.499857)
(-0.775686,0.311107)
(-0.266449,0.312312)
(0.13458,0.246687)
(-0.164576,0.329948)
(0.273393,-0.420354)
(0.194148,0.875112)
(1.04601,-0.264091)
(1.18986,-0.286319)
(-0.0262514,-0.116308)
(0.18212,0.726557)
(0.285614,0.0791593)
(-0.194468,0.133786)
(0.358311,0.275736)
(-0.0963485,0.114432)
(-0.356642,-0.214238)
(-0.356133,-0.335844)
(0.0376721,-0.358231)
(-0.373836,0.264294)
(-0.352661,-0.00419179)
(0.388938,0.761378)
(-0.863396,-0.335009)
(-0.390022,-0.177208)
(-0.295274,0.841477)
(0.100798,0.120319)
(-0.772374,0.73032)
(0.401674,-0.0803963)
(0.231385,0.726998)
(0.246989,0.0183129)
(0.672515,-0.403974)
(-0.100259,-0.368198)
(-0.126766,-0.140981)
(0.321127,-0.161028)
(0.808501,-0.103884)
(0.0586467,0.36061)
(-0.555728,-0.274393)
(-0.93526,-1.70981)
(-0.631014,-0.324424)
(0.547813,-0.807908)
(0.0370587,-1.06244)
(0.346895,-0.244904)
(-0.634046,0.633133)
(-0.011878,0.51211)
(0.180226,0.333358)
(0.473555,1.13307)
(1.018,-0.403937)
(0.0660629,-0.0601188)
(-0.454969,-0.466934)
(-0.0568765,-0.803422)
(-0.217831,-0.0694834)
(0.352052,-0.621115)
(-0.0192835,0.0734744)
(0.392749,0.100931)
(0.900148,-0.236957)
(0.0361573,0.579893)
(-0.797336,-0.322022)
(0.348844,-0.05316)
(-0.4556,0.169638)
(-0.827769,0.975604)
(-0.427146,-0.279257)
(-0.801822,-0.71002)
(-0.500663,-0.486014)
(0.152389,0.206678)
(0.359372,0.21058)
(0.357839,0.423452)
(-0.705085,-0.110946)
(-0.0825486,-0.712462)
(0.152781,-0.214331)
(-0.274902,-0.245363)
(0.527379,-0.529852)
(0.0208651,0.45368)
(0.404941,0.0568906)
(-0.325056,0.00588602)
(0.98871,1.00324)
(0.0686035,-0.167704)
(0.274879,0.35935)
(0.0840114,-0.266091)
(0.114764,-0.425264)
(0.344907,-0.552068)
(0.192251,-0.67467)
(0.479628,-0.542407)
(-0.33516,0.118662)
(0.257648,-0.140276)
(0.0189841,-0.247032)
(0.153178,1.23838)
(0.49728,-1.16339)
(-0.222647,-0.31388)
(-0.700268,0.530392)
(-0.0499568,0.0933233)
(0.280469,0.769776)
(-0.0900037,0.228656)
(0.525966,-0.334032)
(-0.135445,0.286888)
(0.754102,0.843927)
(0.399778,0.986995)
(0.0176557,-0.133712)
(-0.136868,0.621879)
(-0.154628,-0.238941)
(-1.11088,-0.423972)
(-0.817346,-0.84403)
(-0.516817,-0.208724)
(0.262806,-1.48528)
(-0.0166092,0.155534)
(-0.320993,-0.45785)
(-0.490218,-0.564139)
(-0.77,0.906017)
(-0.0902673,0.0579467)
(-0.365192,1.09496)
(0.0112241,0.135716)
(1.04829,0.274909)
(-0.146796,-0.653502)
(-0.132575,-0.587104)
(-0.569813,-0.46829)
(0.104123,0.449064)
(0.365505,0.026234)
(0.534514,-0.432801)
(-1.32615,-0.148667)
(0.790267,-1.01042)
(-0.545732,0.1297)
(-0.61896,0.350195)
(-0.68856,-0.820419)
(-0.428551,0.360471)
(-1.0343,-0.256508)
(-0.589602,0.232061)
(1.00236,1.12106)
(-0.437368,0.484446)
(0.0907143,-0.177109)
(-0.517628,0.280076)
(0.052682,0.351919)
(-0.29578,-0.0265617)
(-1.16294,-0.270573)
(0.294615,-0.317143)
(0.599496,-0.432285)
(-0.929135,0.00249516)
(0.436075,0.718341)
(0.687546,-0.17548)
(0.114489,-0.185258)
(-0.387271,0.953037)
(0.879262,-0.467554)
(-0.437614,-0.302178)
(0.308439,0.099171)
(0.977752,0.308573)
(-0.709551,0.245134)
(-0.537206,-0.822662)
(0.428237,0.461361)
(-0.104582,-0.0827998)
(-0.208358,-0.45674)
(0.259995,0.506525)
(0.155766,0.403504)
(0.329076,-0.939868)
(0.404945,-0.724693)
(-0.916929,-0.182389)
(-0.669726,-0.560859)
(-0.0878061,0.597084)
(-0.264397,0.0600616)
(0.39074,-0.356943)
(0.110619,0.273786)
(0.306916,0.458483)
(-0.0204343,0.0406556)
(-0.586735,0.613092)
(0.342096,0.130494)
(-0.131781,0.589212)
(-0.0790329,-0.422588)
(-0.606722,1.49925)
(0.0182724,-0.513925)
(-0.919194,-0.990276)
(0.623539,-0.467489)
(-1.14932,-0.817579)
(-0.122824,-0.199811)
(-0.354368,0.726276)
(0.563173,0.181109)
(0.29466,0.528093)
(-0.524821,-0.319286)
(-0.195023,0.116408)
(0.279211,0.14114)
(0.574878,0.560927)
(-0.72242,-0.181558)
(0.0874388,0.284575)
(0.278578,0.0284081)
(1.03054,-0.821722)
(0.426963,-0.492642)
(0.269628,-0.877508)
(0.400737,-0.301869)
(-0.753707,-0.685095)
(-0.936734,-0.29009)
(-0.348232,-0.167267)
(-0.100571,-0.0881202)
(-0.0553229,0.182689)
(-0.442863,0.598896)
(0.234185,0.266443)
(0.516493,0.0510084)
(-0.706504,0.445234)
(0.379723,0.98487)
(0.662722,-0.51794)
(-1.01286,0.842461)
(0.429629,0.381482)
(0.804553,-0.188024)
(-0.483816,0.237883)
(0.174696,0.779561)
(0.587035,0.0311369)
(-0.0722409,-1.2111)
(0.89203,0.168808)
(0.119055,-0.504776)
(-0.306706,-0.665136)
(-0.0787235,-0.801541)
(0.486039,-0.204644)
(0.995613,0.130046)
(-0.0384046,0.138427)
(-0.178691,0.922918)
(-0.0950573,0.276187)
(0.233334,-0.098775)
(-0.261836,-0.505005)
(-0.197338,-0.257359)
(0.0292997,0.460369)
(-0.582523,-0.885397)
(-0.558696,-0.509379)
(-0.341533,-0.558446)
(-0.0885884,-0.871012)
(-0.148828,0.30925)
(0.410862,-0.00199442)
(0.570145,-0.734766)
(0.195509,-0.237533)
(-0.130689,-0.427081)
(-0.344253,-0.322763)
(-1.30048,0.878446)
(0.699011,-0.352977)
(0.0119001,1.34612)
(0.732899,-0.160401)
(0.0483803,-0.299106)
(-0.0480621,-0.56228)
(0.502566,0.0280813)
(0.41803,-0.824869)
(-0.487274,-0.159257)
(0.0551808,0.119205)
(0.259505,-1.21351)
(-0.0929134,0.581433)
(0.0730989,-0.564285)
(-0.96045,0.263471)
(0.368843,0.370981)
(0.492733,0.831508)
(0.17892,0.863236)
(0.611097,0.0249735)
(-0.0545692,0.454699)
(-0.180686,0.301189)
(0.545025,-0.13514)
(0.0310661,0.615389)
(0.410282,-0.431243)
(1.03359,0.138729)
(-0.258529,0.411215)
(-1.21373,-0.313065)
(0.50879,0.286857)
(-0.00907052,0.885476)
(-0.212973,0.574043)
(0.584941,0.642888)
(-0.273553,-0.48701)
(0.266382,0.308376)
(-1.24673,0.102678)
(-0.116985,-0.0252026)
(-0.112296,-0.233836)
(-0.151166,-0.332776)
(0.0100714,-0.557311)
(0.101639,0.105737)
(0.402622,-0.024822)
(-0.410628,0.436793)
(1.03557,-0.19958)
(-0.705497,-0.188102)
(0.0146542,-0.244389)
(-0.495659,-0.366339)
(0.00849063,-0.107833)
(-0.0898965,-0.391947)
(-0.335371,-0.149528)
(0.0575344,0.0655527)
(-0.426667,-0.224589)
(-0.760751,0.423469)
(1.06508,0.533108)
(-1.09305,0.221464)
(1.25888,0.0652432)
(0.601167,0.00821611)
(-0.413732,0.140734)
(-0.678178,0.559118)
(-0.855514,0.709328)
(-0.228858,-0.294827)
(0.0754162,0.196253)
(0.582176,-0.203763)
(-0.0471728,-0.535467)
(-0.119732,-0.581086)
(0.271268,0.188838)
(-0.699564,-0.310019)
(-0.253237,0.357671)
(0.0484035,0.196774)
(0.795387,1.54272)
(-0.146283,0.164933)
(-0.377536,0.216918)
(-0.492705,0.375699)
(-0.872237,-0.231804)
(0.272637,0.530852)
(-0.330003,0.571096)
(-0.354504,0.522874)
---------------------------
f_d = -1000
---------------------------
(-0.0580489,0.807515)
(0.0532048,-0.380592)
(-0.7932,-0.938399)
(-0.845971,0.115558)
(-0.5913,0.289303)
(0.799155,-0.40125)
(0.206707,-0.416005)
(-0.812102,0.168108)
(-0.548409,-0.153717)
(0.111524,0.0806187)
(-0.710533,-0.196338)
(0.939141,0.532947)
(1.10206,0.570293)
(-0.368133,-0.0440017)
(0.00952499,0.986736)
(0.360381,-0.0646646)
(-0.220861,-0.685481)
(-0.0753497,-0.496735)
(0.506976,1.07935)
(-0.623648,0.197263)
(-0.930821,0.133765)
(0.592739,-0.141794)
(-0.583105,-1.04608)
(0.920962,0.0174101)
(0.105954,1.56054)
(0.510582,0.227715)
(-0.0816888,0.570345)
(0.492438,-0.362151)
(-0.198236,-0.220114)
(-0.258821,1.21455)
(0.242801,0.335157)
(0.416079,0.0151028)
(-0.149081,0.326066)
(-0.614902,0.401984)
(0.194153,0.314281)
(-0.0423432,-0.224576)
(0.2764,0.217526)
(0.524978,-0.37781)
(-0.047663,-0.511487)
(0.0601921,0.412429)
(-0.392517,-0.800047)
(0.423226,-0.289404)
(-0.300202,-0.799374)
(-0.0287853,-0.0910075)
(0.395883,-0.742368)
(0.0165161,-0.154845)
(-0.337194,0.181175)
(0.197259,-0.106685)
(0.367131,0.308753)
(-1.30677,0.00356791)
(-0.0804658,0.819216)
(-0.93062,-0.200513)
(-0.62497,-0.48802)
(0.261432,0.300621)
(-0.32253,0.543408)
(0.426182,-0.175576)
(-0.13483,-1.4175)
(-0.130526,0.476074)
(0.052696,0.36864)
(0.371562,-0.21774)
(0.473047,-0.623703)
(0.355787,0.0213042)
(0.198783,-0.763084)
(-0.399668,-0.6344)
(-0.756689,1.03184)
(-0.456657,0.0663119)
(0.103767,-0.432599)
(-0.716572,0.56672)
(-0.0906597,0.890712)
(0.337339,-0.334029)
(-0.495928,-0.346095)
(-0.788407,0.559487)
(0.868031,-0.442903)
(0.251703,-0.967073)
(0.790944,1.09385)
(-0.325518,-0.368778)
(0.315409,-0.257079)
(0.303357,0.5494)
(-0.125999,-0.411276)
(0.712699,0.822704)
(-0.0168084,0.232419)
(0.324552,0.994306)
(-0.0747339,-0.776428)
(0.302142,0.0178119)
(-0.61666,-0.9828)
(0.201658,0.45855)
(0.441358,-0.254169)
(-0.227356,-0.369995)
(0.161716,-0.108203)
(-1.02923,0.154314)
(0.121956,-0.00247)
(-0.41119,-0.299527)
(0.349043,0.41844)
(0.606546,-0.41984)
(0.528586,0.419565)
(-0.023349,-1.11777)
(0.366531,0.0690247)
(-0.0532298,0.61209)
(0.324262,-0.109026)
(-0.553359,0.0283598)
(0.0105302,-0.694716)
(-0.0382203,0.0991181)
(0.256395,-0.790658)
(-0.105726,-0.0992371)
(0.410705,-1.06687)
(-1.06924,0.457691)
(0.848032,0.105141)
(-0.589603,-0.634068)
(0.84185,0.453609)
(0.716771,-0.825941)
(-0.344873,0.208731)
(-0.284171,0.16434)
(0.00234901,0.150318)
(0.00520672,-0.153883)
(-1.32605,1.02958)
(0.202885,0.594551)
(-0.0196887,-1.15511)
(-0.281036,-0.444347)
(0.417015,0.268585)
(-0.0696002,0.0569907)
(-0.23283,-0.303944)
(-0.247489,0.47653)
(-0.673647,-0.514634)
(-0.383501,0.0143381)
(0.380846,-0.474908)
(-0.462567,-0.0739937)
(-0.24185,0.111779)
(0.650589,-0.150884)
(-0.849352,0.597973)
(0.185451,0.100208)
(0.286114,-0.825851)
(-0.574544,-0.258282)
(0.626013,0.170663)
(0.294093,-1.42682)
(-0.150182,0.349469)
(-0.454601,0.583149)
(-1.13377,0.196879)
(-0.0976597,0.175901)
(0.135494,-0.505672)
(-0.443591,-0.684912)
(0.0339082,-0.893036)
(0.869173,0.157761)
(-0.0307881,-0.645543)
(0.897073,0.30778)
(0.0611594,-0.794959)
(-0.403807,0.605423)
(0.840031,-0.0253618)
(1.13372,-0.604985)
(0.526773,0.000286064)
(-0.05731,-0.85957)
(-0.1091,0.0249925)
(-0.307526,-0.439636)
(-0.858921,0.821807)
(-0.0235601,-0.28761)
(0.264532,-0.969133)
(-0.47176,0.65456)
(0.347685,-0.518593)
(-0.036453,0.304754)
(0.710866,0.0460049)
(-0.536582,-0.203434)
(-0.33374,-0.587968)
(0.0507931,-0.556821)
(0.456644,0.448794)
(0.0610041,-0.276781)
(0.403488,-0.323656)
(0.060622,-0.57172)
(-1.36072,0.46707)
(-0.0447763,0.272844)
(-0.501137,-0.156665)
(0.114937,-0.325136)
(1.16586,-0.180505)
(-0.760237,-0.611832)
(0.463497,-0.871668)
(0.25037,-1.1394)
(0.337478,0.559723)
(-0.00431453,0.0861907)
(-0.321257,0.29984)
(0.0704128,0.330997)
(0.709631,-0.396931)
(-0.384953,-0.08122)
(0.366687,-0.266178)
(0.114623,-0.475312)
(-0.30624,0.279225)
(-0.104595,-0.673838)
(-0.146614,-1.13433)
(-0.542779,-0.0489104)
(-0.0575581,-0.322176)
(0.500492,-0.586899)
(0.0227987,0.062097)
(0.191416,-0.0594184)
(0.245301,-0.609944)
(0.42052,0.848771)
(0.0505701,-0.242245)
(0.934917,0.245682)
(-0.220682,-0.802081)
(-0.403782,0.559717)
(0.718978,0.653286)
(-0.566556,0.274153)
(0.943143,0.251485)
(0.249417,0.661346)
(0.0889337,0.210486)
(-0.905912,1.30049)
(0.493532,0.0654251)
(-0.146981,0.127625)
(-0.147729,-0.26246)
(0.214396,0.139122)
(-1.0073,0.0097572)
(-0.0393033,0.578305)
(1.15008,-0.00894278)
(0.560839,-0.684013)
(0.885536,0.539573)
(1.6497,-0.814937)
(0.445817,-0.163179)
(-0.391642,1.07803)
(0.0509824,0.486954)
(-0.673748,-0.294806)
(-0.933301,0.747154)
(-0.277331,1.30467)
(-0.0332204,-1.26699)
(-0.49228,0.733459)
(-0.546406,-0.03159)
(-0.587221,-1.28209)
(-1.1007,-0.49466)
(0.600874,0.0357565)
(-0.980747,0.0160737)
(0.663652,0.391226)
(-0.820422,0.409756)
(-0.206839,-0.206531)
(0.0638568,-1.24236)
(-0.737665,0.393486)
(-0.00539909,0.100529)
(-0.330602,0.753965)
(0.607606,-0.17401)
(-0.839938,0.00882854)
(0.327863,-0.317019)
(0.0675757,-0.145364)
(0.777101,1.20635)
(0.363487,0.697772)
(-0.0341964,-0.390028)
(0.376918,0.206243)
(-0.585024,-0.774412)
(-0.35756,-0.677737)
(0.23878,-0.860101)
(0.360453,0.440929)
(0.355272,-0.54376)
(-0.697485,-0.0391859)
(0.556816,0.740325)
(0.127244,0.748416)
(0.482645,-0.123975)
(1.11635,0.407165)
(-0.0945486,-0.255583)
(0.238127,-0.719593)
(0.506492,0.590197)
(-0.157007,-0.245686)
(0.24449,0.304753)
(0.60312,0.0909598)
(-0.116709,1.43344)
(-0.26458,-0.0905267)
(0.121382,0.396014)
(-0.20101,0.103129)
(0.0183262,0.156121)
(0.646526,-0.277223)
(-0.463417,0.420469)
(-0.108624,0.226396)
(0.382026,-0.281277)
(-0.201233,-0.619025)
(-0.209672,0.391783)
(0.0754938,0.285522)
(-0.223631,0.458579)
(-1.07265,0.150077)
(-0.480194,0.583456)
(-0.278787,-0.473299)
(1.46809,-0.251131)
(0.148468,-0.628321)
(0.968086,-0.409582)
(1.37936,-1.0338)
(-0.0314263,-0.260688)
(0.0561225,-0.209368)
(-0.203121,0.231369)
(-0.41219,-0.192426)
(1.17924,-0.523493)
(0.204825,0.223257)
(-0.179586,-0.481979)
(-0.68044,-0.201112)
(0.00284424,0.0180993)
(-0.404235,0.065347)
(0.398653,0.157498)
(-0.205008,0.145256)
(0.085619,0.383799)
(-0.718577,-0.445193)
(-0.360248,0.637958)
(0.210644,0.606322)
(0.0125901,-0.311108)
(0.715564,-0.471872)
(0.447881,0.317719)
(0.151631,-0.0636114)
(0.41987,0.416694)
(0.564556,-0.102727)
(-0.407781,0.867015)
(0.0139488,0.23157)
(-0.459413,0.357938)
(0.0288604,0.934304)
(-0.0800541,0.636278)
(-0.982915,0.0972963)
(0.0828527,0.428241)
(-0.257762,-0.682326)
(-0.74215,-0.463266)
(0.661206,-0.475369)
(-1.07533,1.23013)
(-0.132129,-0.175017)
(0.692711,0.106792)
(0.126372,-0.953216)
(-0.936062,0.0787209)
(0.425125,-0.366881)
(-0.540069,-0.151255)
(-0.40943,0.258525)
(-0.0859588,0.299847)
(0.0312749,0.384163)
(-0.209077,0.16574)
(-0.216954,1.18766)
(0.365765,0.433155)
(-0.135564,0.511212)
(-1.13979,0.478262)
(0.169558,-0.224851)
(-0.684013,0.215971)
(0.0255993,0.155413)
(0.222313,-0.496821)
(-0.231487,-0.703446)
(-0.189451,0.320845)
(0.706,0.494671)
(-0.234662,1.23409)
(0.396437,-0.073742)
(-0.0116379,-0.652803)
(-0.500288,0.374341)
(-0.557069,1.05631)
(-0.361991,-0.0927634)
(-0.25491,0.230309)
(0.893319,0.278652)
(-1.68222,-1.08405)
(0.230186,0.51139)
(0.13558,-0.091531)
(0.707045,0.166572)
(0.917723,0.393243)
(-0.460445,0.599098)
(-0.0994612,-0.489195)
(-0.480632,-0.710222)
(-0.774294,0.657207)
(-0.911327,-0.0674803)
(-0.828579,0.201445)
(0.209183,-0.26473)
(-0.433757,0.00661848)
(0.626947,-0.522594)
(-1.24248,0.038985)
(0.50221,-0.533016)
(-0.191627,0.231756)
(0.394522,0.425048)
(0.652636,-0.49159)
(-0.232543,0.300397)
(-0.228155,-0.27375)
(-0.70339,0.89152)
(0.490278,0.0914878)
(-0.045263,-0.497876)
(0.0817307,-0.0706821)
(-0.590668,0.0106306)
(0.196862,0.612896)
(0.338103,0.435146)
(0.218887,0.721833)
(-0.413561,-0.260152)
(-0.222418,0.550869)
(-0.241732,0.269942)
(0.561153,0.858949)
(0.220691,-0.800519)
(0.214756,-0.207076)
(-0.498567,0.704798)
(0.311607,-0.0885595)
(0.597265,0.342446)
(1.19803,0.653062)
(0.322984,0.233161)
(-0.497379,0.229383)
(-0.0968073,0.387481)
(0.771992,0.185001)
(0.498316,-0.258842)
(-0.16455,-0.209601)
(0.452219,0.38374)
(-0.527379,-0.168452)
(0.261804,-0.435267)
(-0.227288,1.1881)
(0.0778228,0.410487)
(-0.36791,-1.04039)
(-0.088498,0.943688)
(0.0409185,0.0708707)
(0.387632,-1.43573)
(0.631594,-0.52955)
(-0.249112,-0.833681)
(0.324468,0.3816)
(0.473317,0.0828999)
(-0.739056,-0.938555)
(0.23222,0.525991)
(0.0996096,-0.163571)
(0.0783299,-0.244985)
---------------------------
f_d = 0
---------------------------
(0.914658,-0.70436)
(0.735338,-0.756689)
(0.611953,0.388819)
(0.330024,0.185905)
(0.0406806,0.184136)
(0.428408,0.951512)
(0.0198766,-0.198728)
(0.313061,0.686333)
(0.212815,0.0911695)
(-0.524549,-0.151925)
(0.821298,0.441362)
(0.0116685,-0.0399292)
(-0.0467428,0.26903)
(-0.647924,0.119806)
(-0.437578,-0.337452)
(0.17149,-0.354689)
(-0.318598,-0.484567)
(-1.31377,-0.643478)
(-0.352454,0.119895)
(0.59675,-0.0160203)
(0.602658,-0.637441)
(0.405107,-1.06988)
(-0.0786094,-0.263792)
(0.397179,0.251378)
(0.943397,0.776043)
(0.463538,-0.0061405)
(0.325924,0.366003)
(-0.457767,-0.459337)
(-0.393291,0.667814)
(-0.140869,0.762876)
(0.276096,-0.922721)
(-0.156557,0.557938)
(0.420909,-1.09931)
(0.167699,0.399576)
(0.00425197,-0.577686)
(-0.0100328,0.0724981)
(0.16879,0.160632)
(-0.474624,-0.551588)
(0.720928,-0.150615)
(0.680996,0.253953)
(-0.404287,0.598715)
(0.260459,-0.837183)
(0.126183,0.401736)
(-0.221205,1.5026)
(0.193122,-0.375698)
(0.848229,1.22703)
(0.991832,0.0246676)
(0.257846,-0.00490852)
(0.339673,0.839244)
(-0.364556,0.668158)
(0.49356,-0.63941)
(-0.376685,0.0864891)
(-0.502022,0.938055)
(0.373459,-0.797816)
(0.592496,-0.170154)
(-0.171084,-0.352057)
(0.20309,-0.246906)
(-0.546285,-0.367371)
(0.138229,-0.0552081)
(0.119904,-0.329882)
(-0.288072,0.132246)
(-0.214241,-0.114121)
(-0.573264,0.168341)
(0.793623,0.989328)
(-0.508456,-0.68826)
(0.147444,0.365648)
(-0.547831,-0.130042)
(0.118508,-0.468533)
(0.530861,-0.111556)
(0.339466,-0.0239179)
(1.132,-0.47767)
(-0.730351,0.0410559)
(0.739076,0.450335)
(-0.98203,0.425173)
(0.231427,-0.076362)
(-0.0491542,-0.397813)
(-0.347191,-0.678392)
(0.630662,0.540747)
(-0.455613,-0.473549)
(0.435796,0.554271)
(0.333268,-0.312159)
(0.0892745,-1.29407)
(-0.926089,0.0806831)
(-0.672236,0.212505)
(0.567859,-0.723238)
(-0.854825,-0.407556)
(0.844008,-0.0134211)
(-0.572537,0.190437)
(0.674534,-0.673039)
(0.224511,1.28875)
(0.845062,-0.432917)
(0.68695,1.1637)
(0.343308,0.954083)
(0.964989,0.674558)
(0.726847,0.0338575)
(-0.868601,0.0140949)
(-0.83231,0.374045)
(0.417396,0.00659441)
(-0.58649,0.790907)
(-0.518551,-0.932461)
(0.489059,0.442812)
(-0.0102696,-0.0310102)
(-0.311338,0.186333)
(0.659789,0.213767)
(-0.377776,-0.556176)
(-1.07104,-1.0563)
(-0.937682,-0.0315102)
(0.472583,0.134442)
(0.653021,0.294678)
(0.189443,0.758321)
(1.40831,-0.44794)
(-0.828141,-0.214153)
(0.945089,1.04051)
(0.211892,0.644345)
(-0.311797,0.195485)
(-0.667271,-0.0631692)
(-1.02286,-0.644498)
(-0.317343,0.58705)
(0.275223,0.537535)
(-1.12468,-0.806974)
(-0.551913,-0.369636)
(-0.402034,-0.21639)
(-0.534406,-0.660001)
(0.51314,-0.112839)
(0.239484,0.356432)
(0.00750599,-0.470758)
(0.246354,0.6556)
(-0.987184,0.120099)
(-0.21258,0.952598)
(-0.784134,0.0986509)
(-0.1742,-0.273601)
(0.58903,-0.430652)
(0.468013,-0.963541)
(-0.872781,0.419392)
(0.475646,0.0125511)
(-0.32125,-0.753686)
(0.0292027,0.887445)
(0.84961,0.410675)
(-0.0202202,-0.335679)
(0.213824,0.457374)
(-0.0226737,0.304734)
(0.0157477,-0.240363)
(0.230437,0.499191)
(0.415439,-0.440533)
(-0.333428,-0.00451917)
(-0.585158,-0.330928)
(0.0235012,0.172311)
(0.880772,-0.163296)
(-0.320516,-0.194668)
(0.032132,-0.336132)
(0.094948,0.282145)
(-0.462059,-0.388351)
(-0.0329119,0.181289)
(0.674024,0.244712)
(-0.469552,0.42649)
(0.293848,-0.411776)
(0.799455,1.16936)
(0.230747,0.678804)
(0.281779,-0.580174)
(-0.259569,-0.219558)
(-0.57666,-0.519856)
(-0.145532,-0.381526)
(-0.239746,0.303347)
(0.403863,-0.267587)
(-0.237612,-0.683438)
(-0.853,-0.40992)
(-0.585189,0.215573)
(-0.310893,0.431203)
(-0.326326,-0.466408)
(-0.144682,0.448891)
(0.0606331,-0.1485)
(-0.397965,-0.0446948)
(0.188156,-0.455191)
(-0.755698,0.607584)
(-0.0850789,0.00327955)
(-0.513786,0.357042)
(-0.104459,1.1964)
(0.143367,-0.195396)
(-0.386073,0.26032)
(0.76867,0.0931067)
(0.125728,0.00238302)
(0.421589,0.00577096)
(1.088,0.317656)
(-0.170717,-0.281627)
(-0.289375,-1.20537)
(-0.592912,-0.15288)
(-0.494483,-0.190784)
(0.0596994,-0.67848)
(0.61112,0.375594)
(0.0910075,-0.597536)
(-0.74595,-0.0727197)
(0.464797,0.930092)
(-0.278861,-0.319432)
(1.0362,0.277888)
(-0.538879,0.313545)
(0.124487,0.115482)
(0.265352,0.554616)
(-0.390001,0.129952)
(-0.356739,0.0420926)
(0.300802,0.133195)
(0.72988,0.201784)
(0.680949,-0.342234)
(0.834358,0.64638)
(0.604017,-0.00335793)
(-0.662801,-0.467637)
(-0.384956,0.894865)
(-0.649063,0.947332)
(0.385705,0.117297)
(0.393303,0.751554)
(-0.790372,-0.939378)
(-0.334939,0.314577)
(0.259732,0.347701)
(-0.509175,-0.149746)
(0.293761,-0.134005)
(1.0441,-0.241904)
(-0.955402,-0.005298)
(-1.09887,0.688997)
(0.115697,0.530316)
(-0.0115699,0.295596)
(-0.829673,-0.0694395)
(0.696797,0.08986)
(-0.27729,0.333275)
(0.186984,0.123204)
(-0.695637,0.777243)
(0.269486,0.939057)
(0.526419,-0.292376)
(-0.474885,0.158404)
(-0.354166,0.137801)
(0.700507,0.121018)
(-0.57254,0.716427)
(-0.818641,0.0481635)
(0.938758,0.44584)
(0.260854,-0.632821)
(-0.6837,-1.26184)
(-0.156402,-0.246844)
(0.0530106,0.0129685)
(-0.347258,-0.136036)
(0.140783,-0.439455)
(1.20279,0.874331)
(0.286844,-0.107839)
(-0.712857,-0.1544)
(0.316816,0.429174)
(-0.209441,-0.0690004)
(0.023838,-0.527431)
(0.243223,0.159546)
(0.402542,0.574446)
(0.0660802,-0.0379759)
(-0.998712,-0.10326)
(0.526292,-0.651691)
(-0.311251,-0.634335)
(-0.490942,-1.28218)
(-0.214665,-0.212846)
(0.723258,-0.279171)
(-0.266953,-1.20877)
(-0.491783,-0.521308)
(-0.0628875,0.374782)
(0.221159,-0.0517564)
(0.14382,0.104725)
(0.206251,0.0412065)
(-1.64499,0.637402)
(0.660131,0.176614)
(-0.667145,0.764115)
(-0.293305,0.833068)
(-0.392824,-0.261001)
(-0.103008,-0.393421)
(-0.435666,-0.115109)
(0.198739,-0.186171)
(0.370489,-0.385464)
(0.402535,0.225428)
(0.498479,-0.623101)
(-0.0744832,0.188859)
(0.169764,-0.436695)
(0.0195846,-0.71059)
(-0.219105,-0.133097)
(-0.431237,-0.724748)
(-0.0152887,0.273647)
(0.134315,0.486765)
(-0.195562,-0.342444)
(0.17437,0.0899515)
(0.455238,-1.35148)
(-1.25477,-0.49428)
(-0.0853342,-0.00526918)
(-0.593709,-0.568058)
(-0.998929,-0.951295)
(0.270271,0.383088)
(0.212802,-0.501837)
(-0.951025,0.441208)
(0.0264123,0.104138)
(-0.607723,-0.478408)
(-0.254099,-1.14938)
(-0.284978,0.276825)
(0.857467,-0.145635)
(0.157922,0.121106)
(0.271879,0.365389)
(-0.595635,0.232511)
(-0.332902,0.170364)
(-0.24145,0.404212)
(-0.433558,0.0979396)
(0.106965,-0.205809)
(-0.136803,0.175431)
(0.265442,-0.699796)
(-0.530377,0.62417)
(0.497952,-0.617572)
(0.300588,-0.409597)
(0.366944,-0.425247)
(0.259649,-0.146823)
(0.827968,0.18537)
(0.240308,0.0736562)
(-0.0802408,0.753344)
(0.597212,-0.910207)
(0.0548822,0.600427)
(-0.415464,-0.402936)
(-0.172183,-0.710922)
(1.13955,-0.192632)
(0.445345,-0.159073)
(-0.463191,0.0381282)
(0.553773,0.139087)
(0.708181,0.647051)
(-0.2492,-0.722188)
(1.04621,0.121569)
(0.798683,0.562818)
(-0.995904,-0.030959)
(0.399375,0.82772)
(-0.244145,0.0731478)
(-0.0490466,0.203772)
(0.404843,0.461683)
(-0.17063,0.362291)
(0.357798,-0.362429)
(-0.445376,0.221025)
(-0.614583,0.853803)
(-0.0382965,0.17939)
(0.58523,0.726748)
(-0.458469,-1.59037)
(0.298591,-0.683401)
(0.127312,-0.320387)
(0.0547912,-0.302782)
(0.152536,-0.141365)
(0.302108,0.144685)
(-0.349947,-0.229971)
(-0.440666,0.412358)
(-0.260264,0.158687)
(0.0132905,0.25983)
(-0.0281526,0.219154)
(0.436143,0.781112)
(-0.19318,0.287449)
(-0.403596,0.0152926)
(1.20557,0.0313714)
(-0.264835,0.127679)
(-0.306483,-0.775697)
(0.799396,0.545703)
(-0.863786,0.649544)
(-0.287258,0.329996)
(-0.928118,-0.738925)
(0.126486,-0.719514)
(0.703863,-0.898801)
(0.228165,0.522104)
(0.462596,-0.579217)
(0.58084,-0.43658)
(0.123899,-0.05719)
(1.05818,-0.0465079)
(0.646766,0.461335)
(-0.459898,0.840909)
(0.553521,0.455488)
(0.791978,-0.0553857)
(-1.04429,0.0570739)
(1.09048,-0.900359)
(-0.335085,0.0528219)
(-0.852042,-1.08214)
(-0.518981,0.249396)
(0.0988071,-0.363366)
(0.0608004,-0.465799)
(-0.241541,-0.512824)
(-0.0681564,-0.112849)
(-0.417861,-0.0361663)
(-0.113044,0.133087)
(0.193008,1.07649)
(0.377623,-0.233284)
(0.041911,-0.333803)
(-0.221937,-0.543343)
(-0.273543,0.207855)
(-0.32269,0.711589)
(0.787543,-0.129625)
(-0.547271,-0.179042)
(-0.303974,-0.0369172)
(-0.041443,-0.669664)
(-0.770356,-0.563234)
(0.349367,0.364927)
(0.729601,-0.102239)
(-0.138215,-0.590395)
(0.632091,0.702758)
(-0.0178374,-0.605608)
(0.0784168,0.329169)
(-0.376304,0.437963)
(-0.332875,0.286151)
(0.1303,-0.671965)
(-0.403469,0.322039)
(-0.583149,-0.165645)
(-0.152625,-0.581565)
(0.241187,0.0286076)
(0.94228,1.12113)
---------------------------
f_d = 1000
---------------------------
(-0.275653,0.799403)
(0.329178,-0.378424)
(0.213438,-0.27408)
(0.99072,-0.00635484)
(-0.162097,-0.440234)
(0.0536059,-0.291496)
(-0.653947,0.40243)
(0.0869922,-0.497611)
(-0.82727,0.338472)
(0.127258,1.37918)
(-0.0659164,-0.642312)
(-0.414331,0.32371)
(0.00215246,-0.107771)
(-0.450396,0.515726)
(-0.00897295,-0.0490811)
(-0.753617,0.154259)
(0.247754,0.566625)
(-1.1804,0.485872)
(-0.441687,-0.826815)
(-0.14538,-0.90481)
(0.335977,0.381597)
(1.3626,-0.082997)
(0.814992,-0.28458)
(0.317935,-0.365175)
(0.88776,1.09635)
(0.000819662,-0.222086)
(-0.471851,0.572998)
(-0.186065,-0.245624)
(-0.280649,-0.980243)
(-0.652153,0.759836)
(0.0546016,0.0566871)
(0.425083,0.333052)
(0.242031,-0.646387)
(-0.435111,-0.147779)
(0.0268444,0.0758042)
(0.7892,0.0927019)
(-0.20844,0.168162)
(-0.592584,0.745185)
(0.416164,0.457879)
(-0.643408,0.53265)
(0.661627,-0.224706)
(-0.377366,0.486892)
(0.306541,-0.168728)
(0.0793284,-0.638045)
(-0.140425,0.590149)
(0.070454,0.346146)
(-0.0783192,0.18981)
(0.505166,0.532426)
(-0.915194,0.554114)
(-0.0238563,0.420183)
(-0.126,0.774653)
(-0.198064,-0.354501)
(-0.0246428,-0.158654)
(0.0162636,0.0107795)
(-0.604832,0.489525)
(-0.0686743,0.805332)
(-0.155884,0.582024)
(-0.331232,-0.953686)
(-0.524548,0.741471)
(0.276445,-0.766213)
(0.307618,0.128833)
(-0.813462,0.190361)
(-0.465434,0.957177)
(-0.0924219,-0.553634)
(-0.887926,0.728941)
(0.482496,-0.265112)
(0.430033,-0.501344)
(-0.413873,-0.137682)
(0.684663,-1.27076)
(0.872199,0.461524)
(0.364632,-0.0917898)
(-0.163564,0.0173559)
(-0.0889102,-1.21273)
(0.257315,0.252183)
(0.519215,0.372643)
(0.324227,-0.253402)
(-0.105531,0.251707)
(-0.208028,0.65007)
(0.562818,0.0794363)
(-0.376937,0.341052)
(-0.050127,-0.0588666)
(-0.40176,-0.387189)
(0.342135,-0.372847)
(-0.992866,-0.604429)
(0.49337,0.473692)
(-0.59185,0.446696)
(0.700409,0.337414)
(0.565255,0.33962)
(0.0446672,0.659237)
(0.0827261,0.230727)
(-0.263936,0.674463)
(1.29931,0.456415)
(0.0583608,-0.526394)
(-0.0661543,0.157718)
(0.369214,0.0256432)
(-0.499371,-0.101689)
(0.535809,0.0822469)
(-0.736434,-0.332525)
(0.217201,-0.0489301)
(-0.341049,0.629891)
(-0.409225,1.32572)
(-1.1515,-0.107978)
(0.238722,1.1358)
(-0.066431,0.160265)
(-0.26823,-0.23362)
(-0.0844196,0.0360128)
(0.550627,0.570511)
(-0.243659,-1.48329)
(0.0983497,0.310717)
(0.343588,-0.0528739)
(-0.44601,-0.245245)
(-0.3113,0.254013)
(0.519891,-0.537753)
(-0.742423,-0.689946)
(-0.705289,-0.145155)
(-0.05025,0.162484)
(0.0120097,0.0583782)
(0.0424087,0.0041104)
(0.0689429,0.82238)
(-0.700072,0.223225)
(0.383046,0.0109703)
(-0.838851,0.152844)
(1.01433,0.304653)
(-0.213914,-0.17038)
(0.852561,-0.577504)
(-0.704964,-0.367228)
(-0.0427332,-0.749492)
(0.0765146,0.073973)
(0.203148,-0.22203)
(0.439114,0.145709)
(-0.397214,0.347752)
(1.07122,0.339249)
(-0.108994,-0.385898)
(-0.634935,-0.0958117)
(0.916954,0.268924)
(-0.0535029,-0.15342)
(-0.598798,-0.782038)
(0.0835792,-0.469525)
(0.0344067,-0.692987)
(-0.730652,-0.364467)
(1.51538,1.81896)
(0.0473232,0.455436)
(0.0916247,-0.307198)
(-0.337937,0.561727)
(-0.711593,-0.393636)
(-0.172385,-0.0522736)
(-0.148168,-0.0298954)
(-0.154609,-0.309338)
(0.238453,0.528779)
(-1.2852,-0.996156)
(-0.7433,-0.264878)
(0.743613,-0.305123)
(0.610802,-0.181992)
(-0.098643,0.11925)
(0.565776,0.501403)
(0.273138,-0.23781)
(-0.123548,-0.445783)
(-0.328315,-0.210685)
(0.686704,0.211559)
(-0.458986,-0.408096)
(-0.332917,0.0794421)
(0.528794,0.406752)
(-0.143541,-0.0131849)
(-0.870558,-0.542057)
(0.861022,1.58184)
(0.571733,-0.261106)
(-0.303038,-0.352512)
(-0.00711699,0.490027)
(-0.401272,-0.554282)
(-0.103466,-0.563887)
(-0.456363,-0.21047)
(1.02338,0.369595)
(-0.468859,-0.0706127)
(-0.25403,0.443144)
(-0.0813347,-0.837785)
(0.217704,0.321114)
(0.492223,-0.810884)
(0.217203,-0.39629)
(0.491826,0.106201)
(-0.287842,-0.0119224)
(0.959406,0.044743)
(-0.156376,-0.301468)
(-1.2348,-0.734096)
(-0.182481,-0.613271)
(0.120242,0.576753)
(0.955282,0.0417974)
(0.0555782,-0.418236)
(0.010875,0.439559)
(-0.0301553,0.717009)
(0.215964,-0.927659)
(-0.0559809,0.502696)
(1.20811,-0.496217)
(0.370426,0.0567296)
(-0.978953,1.24856)
(-0.350963,0.263878)
(-0.0629286,-0.249997)
(0.564436,0.0453462)
(-0.117981,-0.480305)
(0.405177,0.144609)
(0.568099,0.68844)
(0.500278,-0.820219)
(0.201219,0.256135)
(0.908195,-0.149001)
(-0.460782,-0.811892)
(0.667703,1.26805)
(0.471039,-0.174226)
(0.31994,0.137122)
(-0.0615793,0.623338)
(1.05996,0.186322)
(0.2111,0.369225)
(1.38832,0.506328)
(-0.0598238,0.807053)
(-0.230358,-1.16209)
(0.0326178,-0.016659)
(-0.00884249,-0.632955)
(0.316716,-0.0400799)
(-0.336611,-0.287795)
(-0.504453,0.00607606)
(-0.718365,-0.0631738)
(0.508021,-0.766004)
(0.686248,-0.0108925)
(-0.199194,-0.397391)
(0.838807,0.07737)
(0.717078,0.289509)
(-0.334178,-0.258577)
(-0.447366,-0.0862471)
(-0.148098,-0.508635)
(-0.7978,-0.19645)
(-0.109942,0.535964)
(-0.169732,-0.0279263)
(0.0233572,0.486841)
(-0.46391,0.310621)
(0.0900999,-0.367161)
(0.146219,0.366225)
(-0.267366,0.0176906)
(-0.589785,0.0610366)
(-0.224088,0.380103)
(-0.216952,0.286478)
(-0.158867,-0.759973)
(0.0557688,-0.190839)
(0.624256,-0.421246)
(0.0498456,-1.20057)
(-0.227502,-0.107662)
(0.956655,-0.629454)
(0.230761,-0.193791)
(0.326153,-1.02882)
(0.298858,1.07116)
(-0.544857,-0.893451)
(-0.33556,0.582513)
(0.485806,0.0103565)
(-0.396954,-1.01328)
(-0.571433,0.315296)
(0.193823,-0.0750307)
(0.83136,-0.708637)
(0.695228,-0.171076)
(0.236823,0.379891)
(-0.483642,-0.737391)
(-0.555248,0.389824)
(0.411733,-0.0399243)
(0.490443,-0.854561)
(-0.0725765,-0.36937)
(0.365505,-0.799579)
(-1.09628,0.388727)
(-0.0321844,-0.193747)
(-0.647164,-0.0150891)
(-0.451745,-0.211637)
(-0.5958,-0.0933216)
(0.231854,0.496083)
(-0.10016,0.320424)
(0.53618,0.976641)
(0.124985,-0.119917)
(-0.145199,0.941152)
(-0.614229,0.10915)
(0.181708,-0.110605)
(-0.359885,0.225618)
(0.283662,0.360101)
(0.0706845,-0.467429)
(-0.525034,0.981813)
(0.672576,-0.119274)
(-0.652714,-0.527814)
(-0.534761,0.0233112)
(-1.32218,-0.126327)
(-0.414518,-0.758521)
(-0.472639,0.910937)
(0.449447,-0.00428147)
(0.522126,-0.450031)
(-0.814965,0.704932)
(0.0120799,0.464009)
(0.0167204,0.435068)
(-0.242973,-0.549808)
(0.0156015,-0.31264)
(-0.222059,0.65376)
(0.00870124,0.0520063)
(0.165302,-0.00563136)
(0.0554808,-0.243807)
(-0.135102,-0.340688)
(-0.454971,-0.0639445)
(1.04113,0.399241)
(0.678391,-0.234241)
(0.984961,0.141801)
(-0.616934,-0.145821)
(-0.159296,-1.22214)
(-0.685663,0.0284738)
(-0.548869,-0.434308)
(0.0934651,-0.440482)
(-0.515327,-1.02019)
(0.0335889,-1.2004)
(0.200956,0.273453)
(-0.184502,-0.682686)
(0.274869,-0.226171)
(-0.783404,0.300667)
(0.395158,0.138515)
(-0.796487,-0.209146)
(0.149295,0.687049)
(-0.0268327,-0.368985)
(0.116151,0.0621608)
(0.384663,0.707018)
(-0.649965,-0.232031)
(0.867799,0.155331)
(0.257438,-0.576129)
(0.001891,0.542346)
(-0.02174,0.338143)
(0.9521,0.56196)
(0.21617,0.352705)
(-0.802272,0.725417)
(0.722116,-0.546235)
(-0.743247,0.402386)
(0.255561,-0.112663)
(-0.331997,-0.28074)
(0.600033,-0.823973)
(-1.13442,0.0420196)
(0.184581,-0.0852048)
(0.232138,-0.590083)
(0.374489,0.254281)
(-0.101825,-0.121849)
(-0.64243,-0.125682)
(0.282046,0.00308132)
(-0.343464,0.740351)
(0.294719,-0.541757)
(0.292991,-0.0494878)
(-0.189117,0.227437)
(-0.226446,-0.0134636)
(0.221801,0.349247)
(0.247522,-0.286092)
(-0.549927,0.0296198)
(-0.13533,-1.49288)
(0.335527,-0.454591)
(0.474815,-0.507116)
(-0.565096,-0.460995)
(-0.691709,-0.269307)
(-1.01177,0.10226)
(-0.0105573,0.200395)
(0.235423,0.100855)
(1.17958,0.502027)
(-0.205415,0.142587)
(-0.528857,0.268996)
(-0.363256,0.71471)
(0.498718,0.428174)
(0.379962,-0.641269)
(0.0485954,-0.147042)
(0.318638,0.568937)
(-0.570135,-0.262783)
(0.0269469,0.385245)
(0.0653573,-0.102933)
(0.50632,-0.940074)
(0.517416,-0.233908)
(-0.257342,-0.0884577)
(1.01394,0.294906)
(-0.395787,0.545655)
(0.13418,-0.315258)
(-0.750825,0.592579)
(-0.0269562,0.759474)
(-0.234412,-0.398417)
(0.00807012,0.765848)
(-1.07669,-0.0699434)
(0.789885,-0.737194)
(0.557622,0.469525)
(-0.135993,0.24528)
(0.341372,-0.568831)
(-0.361977,0.152794)
(-0.647364,0.549489)
(0.26551,0.141824)
(0.137109,0.0105328)
(0.618017,-0.199754)
(0.122882,-0.0311472)
(0.744766,0.626121)
(0.601638,0.532038)
(-0.0191965,-0.858892)
(0.203557,0.228302)
(0.39466,0.310303)
(-0.190219,-0.675493)
(0.10024,0.883187)
(-0.786083,0.967549)
(-1.08512,-0.275434)
(-1.08053,-0.231209)
(-1.3058,0.988492)
(0.262923,-1.01232)
(-0.302211,1.28834)
(-0.325325,-0.30852)
(-0.592663,-0.264115)
---------------------------
f_d = 2000
---------------------------
(0.0416929,0.520456)
(0.0910624,1.15697)
(0.508959,0.682477)
(0.645391,0.566531)
(0.698733,0.120634)
(0.252074,-0.724699)
(-0.275273,0.344575)
(0.0454483,-0.114462)
(0.11973,-0.186666)
(1.35538,-0.949035)
(-0.113784,0.00600334)
(-0.0173927,-0.14776)
(-0.146026,0.146326)
(-0.392707,0.528844)
(-0.552852,-0.883556)
(0.937764,0.749492)
(0.3424,-0.393274)
(0.30378,-0.750018)
(0.716918,-0.0420289)
(-0.72075,0.330035)
(0.146486,0.382043)
(0.986469,0.273957)
(0.609757,0.470288)
(-0.562428,-0.233682)
(0.460329,-0.304284)
(-0.259283,0.0200294)
(-0.345483,0.0756848)
(-0.277538,-0.086313)
(0.265919,-0.00665881)
(0.602723,-0.0594647)
(-0.873627,0.527429)
(0.824469,0.234452)
(-0.353559,-0.48261)
(0.0466875,-0.536634)
(0.942913,0.24424)
(-0.290372,0.25097)
(-0.203418,0.0977794)
(0.0523666,0.337792)
(0.0776142,0.182595)
(-0.671519,0.472929)
(0.297507,0.520553)
(-0.102673,0.0655336)
(0.344976,0.141101)
(-0.47545,-0.0376019)
(-0.0628156,0.260829)
(0.382343,-0.149901)
(0.116227,1.19544)
(0.0556429,-0.597814)
(-0.049532,0.198484)
(0.212189,-1.14103)
(-0.255623,-0.170597)
(0.128033,0.737634)
(-0.172703,-0.337758)
(0.863451,-0.345061)
(-0.316062,-0.654419)
(0.470466,0.644181)
(0.0526482,-0.799024)
(-0.192651,0.171426)
(0.84142,0.0572973)
(0.125426,-0.48689)
(0.0324176,0.479401)
(-0.464219,-0.821902)
(0.13561,0.429893)
(-0.810492,0.733431)
(0.189398,1.55841)
(0.274951,0.117728)
(-0.729342,1.19818)
(-0.352395,0.000930958)
(0.223246,-0.0042493)
(0.30606,0.416464)
(-0.0809285,0.161471)
(0.129503,-0.59993)
(0.0640247,-1.03123)
(-0.501979,-0.629558)
(0.922536,0.246069)
(0.573013,0.387577)
(0.735372,0.164823)
(-0.270009,0.130993)
(0.328216,-0.132827)
(-0.059447,0.14536)
(-0.911204,-0.910764)
(-0.296825,0.563118)
(-0.266829,-1.48911)
(-1.06906,0.585019)
(-0.228258,0.799048)
(0.0424396,0.258091)
(-0.276315,0.824811)
(-0.365923,-0.0133185)
(0.502454,0.436397)
(0.785771,-0.862757)
(-0.242505,0.324312)
(-0.142769,-0.166558)
(-0.635215,-0.400386)
(-0.616924,0.352926)
(0.329539,0.282146)
(-0.600014,-0.438323)
(-0.620359,-0.508477)
(0.298447,0.253403)
(0.66499,-0.353804)
(-0.111857,0.622319)
(0.145655,0.478678)
(-0.289718,-0.156824)
(-0.489033,0.184616)
(0.321908,-0.17693)
(-0.500791,0.647399)
(0.213922,0.0246325)
(0.179274,-0.670996)
(-1.05105,-0.543404)
(0.637148,0.142918)
(0.567505,-0.535461)
(0.0324657,0.734514)
(-0.289103,-0.189042)
(0.0896653,0.760121)
(0.88108,-0.946961)
(0.0400309,0.235585)
(0.0715845,0.0800309)
(0.088996,-0.512453)
(-0.710163,-0.487417)
(0.958207,-0.551473)
(-0.325791,-0.0698268)
(0.00431196,-0.614003)
(0.790867,-0.444686)
(-0.343197,-0.945826)
(0.585009,1.14627)
(0.186869,-0.024268)
(-0.236969,0.655958)
(-0.432115,-0.0577726)
(-0.0815232,-0.00579601)
(-0.461011,0.0264084)
(0.11808,0.124848)
(-0.41472,0.268375)
(-0.912595,-0.0846476)
(0.0734141,0.578128)
(-0.328846,0.841588)
(-0.480118,0.571561)
(-0.0175866,-1.07274)
(-0.311965,-0.509088)
(0.0802541,0.191241)
(-1.24551,-0.607245)
(0.390859,0.587955)
(-0.347403,0.943988)
(-0.981464,-1.06258)
(0.355295,0.284036)
(0.55684,-0.770476)
(-0.595385,-0.690267)
(0.0436391,-0.0819864)
(0.299746,0.157189)
(-0.959732,0.0763872)
(-0.513615,0.293897)
(-0.28057,1.07235)
(-0.570244,0.842368)
(-1.0996,-0.413183)
(0.14149,-0.094046)
(0.490935,-0.0735544)
(-0.422888,-0.37117)
(-0.963792,-0.190628)
(0.346969,0.211522)
(-0.809098,-1.12647)
(0.0512129,-0.0281854)
(0.292053,-0.278808)
(-0.163108,-1.7898)
(-0.67115,0.0560366)
(0.25831,-1.04271)
(0.0684929,1.22448)
(-0.634423,-0.051979)
(-1.12275,0.0338935)
(0.0297452,0.128058)
(-0.792047,-0.267757)
(-0.263225,0.0843941)
(0.0459343,0.532682)
(0.180985,1.06765)
(-1.30654,-0.471708)
(0.591978,0.8539)
(-0.584161,-0.74418)
(0.910484,-0.735445)
(-0.484842,-0.173421)
(0.182209,0.578421)
(0.871364,-1.15735)
(-0.506094,0.362119)
(0.46047,0.826501)
(0.547298,-0.282492)
(-0.329986,0.232303)
(0.480969,0.538232)
(-0.232788,-0.235584)
(0.372501,0.307778)
(0.0474547,-0.599623)
(-0.25919,0.70599)
(-0.879051,0.131972)
(-0.157094,0.0665888)
(-0.968251,-0.421765)
(0.147899,-0.0408618)
(0.215814,-1.02124)
(-0.123276,-0.232838)
(1.14852,0.554017)
(-0.520687,0.00180733)
(-0.0146072,0.114381)
(-0.240668,0.6732)
(-0.181091,0.0198084)
(0.180758,-0.330631)
(-0.179431,-0.86712)
(-0.0934354,-0.0851138)
(-0.466056,0.0301353)
(0.315574,-0.213331)
(-0.110749,0.5679)
(-0.680855,-0.0799137)
(0.220643,-0.0300938)
(-0.616757,-0.271094)
(0.353165,0.715242)
(0.661408,0.508724)
(0.495958,-0.854815)
(-0.717163,0.282974)
(-1.03845,-0.407489)
(-0.0605054,0.143786)
(-0.742773,-0.278068)
(-0.250073,0.507679)
(0.897634,-0.348254)
(0.125459,0.372859)
(-0.21452,0.0191985)
(0.101656,-0.0409938)
(0.176571,0.873666)
(-0.839703,0.740477)
(0.23438,-0.619189)
(-0.154151,0.259632)
(0.535269,-0.42846)
(-0.150079,-0.696146)
(0.0543356,-0.145964)
(0.0600588,0.0953756)
(0.555462,0.239803)
(0.300632,0.387623)
(0.214682,-0.287785)
(0.325941,-0.423731)
(-0.549623,0.602284)
(0.709774,1.42427)
(-0.106966,0.221621)
(-0.715709,-0.173578)
(-0.43904,-0.321958)
(-0.915269,-0.0570399)
(-0.258947,-0.502806)
(0.239501,-0.229063)
(-0.349815,0.0269023)
(0.360627,-0.449472)
(0.202754,0.408235)
(-0.0928851,-0.318453)
(-1.18257,-0.0612075)
(-1.00955,0.325669)
(-0.549059,-0.0521297)
(0.492661,0.0863515)
(0.0777263,-0.638081)
(-0.272443,0.25805)
(-0.0614036,-0.474693)
(-0.445865,-0.255238)
(0.00215906,-0.0657133)
(0.613485,-0.159489)
(0.0120309,0.12)
(-0.19865,-0.204869)
(-0.375657,-0.569475)
(0.531536,0.615604)
(-1.22199,0.00652348)
(0.414905,0.551013)
(-0.502803,-1.0665)
(-0.375965,0.717665)
(0.50762,0.111005)
(0.352193,-0.376182)
(0.340635,1.38117)
(-0.358594,0.385415)
(-0.266151,0.754588)
(-0.149503,-0.0705965)
(-0.415895,-0.263695)
(-0.567693,-0.128695)
(1.14351,-0.0714268)
(0.483056,0.0769574)
(0.480001,-0.0352352)
(1.0238,-0.119705)
(-0.194726,-0.749556)
(-0.0409261,0.484707)
(0.273374,-0.0893776)
(1.06441,-0.38868)
(-0.67324,-0.0349933)
(0.0246854,-0.145109)
(-0.279703,0.470005)
(0.325231,0.0788198)
(-0.0293248,-0.438529)
(0.141426,0.372102)
(-0.211277,-0.801295)
(-1.07983,0.327584)
(-0.0664757,0.54135)
(0.488813,-0.79806)
(0.536174,0.326092)
(-0.55699,-0.377771)
(0.0986691,0.334179)
(0.409056,-0.482817)
(0.813454,0.789309)
(0.18148,-0.600204)
(0.27202,0.0279642)
(0.584469,-0.345237)
(0.235031,0.862977)
(1.05162,0.229901)
(-0.335386,0.39472)
(0.853692,0.936519)
(0.663663,-1.15846)
(0.412848,0.396191)
(0.0777911,0.174676)
(0.221323,-0.0276306)
(-0.39989,0.178602)
(-0.736638,0.301921)
(0.218675,-1.0579)
(-0.455369,-0.974492)
(0.321038,0.586351)
(-0.174986,-1.22514)
(0.00809315,1.313)
(0.623732,-0.257537)
(0.394106,0.0661067)
(0.574989,0.158768)
(-0.0267661,0.101918)
(-0.161384,0.112604)
(-0.366049,-0.486231)
(0.91337,0.126926)
(-0.148351,0.0193486)
(-0.117294,0.182973)
(0.563045,0.128269)
(-0.129904,-0.397283)
(-0.681554,0.0273347)
(-0.263686,-0.311047)
(-0.82215,-0.508185)
(-0.538162,-0.225418)
(1.36321,-0.199948)
(0.455161,0.201893)
(0.749131,0.628409)
(-0.303918,0.0215951)
(-0.317498,-0.443296)
(-0.245448,0.0109026)
(0.385871,0.479855)
(-0.349456,-0.147853)
(-0.0647451,1.23963)
(-0.288834,-0.0342211)
(-0.126891,0.682261)
(0.603833,-0.223663)
(-0.278905,0.0159983)
(0.648174,-0.0023732)
(0.367682,-0.806973)
(0.328364,-0.498953)
(0.307824,-0.407563)
(-0.290427,-0.402795)
(0.41848,0.0239581)
(0.270303,-0.598675)
(-0.232207,-0.588682)
(0.430689,0.578034)
(-0.195224,0.617962)
(-0.527082,-0.0764857)
(-0.0258269,0.27324)
(0.270044,0.238747)
(0.188447,-0.22029)
(0.722286,-0.0452366)
(0.672581,-0.40559)
(-0.563164,-0.913289)
(0.0731565,-0.859409)
(0.807256,-0.164753)
(0.476993,0.331434)
(-0.0493525,-0.0860169)
(-0.283652,0.0480257)
(-0.514163,0.0195413)
(-0.462168,-0.873165)
(-0.386377,0.736378)
(0.0552208,-0.217271)
(0.126485,0.0437231)
(0.594876,-0.13848)
(-0.450134,0.193659)
(0.587264,0.0134514)
(-0.693539,-0.684851)
(-0.495092,0.242583)
(0.262138,0.182944)
(0.385507,-0.128331)
(-0.184362,0.263032)
(0.499723,1.10669)
(-0.038663,-0.757376)
(0.0670761,0.624753)
(-0.448983,-0.215421)
(-0.0537124,-0.0662902)
(0.175507,-0.581229)
(-0.264766,-0.433893)
(0.838095,0.406913)
(1.0481,0.443205)
(-0.452641,1.12333)
(0.358148,0.131732)
(0.431039,-0.451046)
(-0.258346,-0.803067)
(-0.700131,-0.287006)
(0.420398,-0.00596785)
(-1.02069,-0.962011)
(0.176208,0.353218)
(0.0530326,-0.582604)
(0.0537023,0.650046)
(0.714255,-1.09329)
(0.0892088,-0.611766)
(0.0645544,0.195219)
(0.659402,0.313704)
(0.147106,0.0876223)
(0.749206,0.485204)
(-0.190985,-0.685921)
(-0.452662,0.215247)
---------------------------
f_d = 3000
---------------------------
(0.747746,0.675804)
(0.564626,0.530097)
(1.11283,-0.101411)
(-0.655803,-0.707705)
(0.775523,-0.894653)
(-0.0857646,-0.308612)
(0.121441,-0.219905)
(0.109184,-0.262356)
(-0.394695,0.216872)
(-0.746482,0.59732)
(-0.133785,-0.756677)
(0.517243,0.0872133)
(-1.36829,0.452676)
(-0.112413,-1.18817)
(-0.456253,0.15471)
(0.460786,1.52437)
(0.683708,-0.229151)
(-0.88376,0.441128)
(0.238362,0.473616)
(0.399491,-0.216546)
(-0.159189,-0.241212)
(0.310491,0.367274)
(0.829633,0.727154)
(0.101631,-0.659969)
(0.0237677,1.05662)
(0.270587,-1.10254)
(-0.347136,0.594335)
(0.760229,-1.00144)
(-0.402584,-0.113985)
(-0.0255494,-0.522403)
(0.654307,-0.49372)
(0.253065,-0.635257)
(-0.182539,-0.363848)
(-0.19467,0.601381)
(-0.261311,-0.605906)
(-0.0213209,0.511289)
(-0.300911,0.142003)
(0.290732,-0.840011)
(-1.32084,-0.127531)
(0.625466,0.269727)
(-0.241014,0.86153)
(0.400252,0.618533)
(0.850296,-0.793677)
(1.03545,-1.18627)
(-0.538149,-0.224701)
(-0.0925678,0.283997)
(0.314758,0.135038)
(-0.0180438,0.084445)
(-0.0107532,-0.155261)
(-0.214904,-0.209251)
(-0.0465238,0.910837)
(1.126,0.0813125)
(-1.15116,0.794268)
(0.933349,0.266629)
(-0.592114,0.0724657)
(0.543382,0.276243)
(-0.264174,0.391673)
(-0.253797,-0.0513089)
(-0.231565,-0.182227)
(-0.0410864,0.17168)
(0.661446,-0.555198)
(0.382093,0.302504)
(-0.666477,0.213298)
(0.143832,-0.531455)
(-0.0482492,-0.19635)
(0.100873,-0.27169)
(0.205288,0.520701)
(0.80694,-0.433939)
(-1.10806,-0.00514846)
(-0.619488,0.664545)
(-0.279308,0.391152)
(0.0249688,-1.00731)
(-0.0388657,0.743435)
(-0.528471,-0.0514908)
(0.154174,-0.852616)
(-0.0705193,0.960726)
(-0.680457,-0.423174)
(-0.154787,-0.49283)
(-0.440755,0.0953036)
(-0.301605,0.495825)
(0.326468,0.202284)
(-0.211855,-0.335607)
(-1.02875,0.716076)
(0.884576,0.258066)
(0.0516344,-0.194703)
(-0.364286,1.5177)
(0.599591,1.19145)
(0.590065,-0.1521)
(0.41246,0.272411)
(-0.544013,0.89255)
(0.490201,-0.247232)
(0.194253,-0.908113)
(-0.41912,-0.902855)
(-0.0297307,-0.0622932)
(0.0256027,-0.116811)
(-0.147053,-0.7793)
(0.665606,0.347741)
(0.743608,-0.432164)
(0.22575,-0.259883)
(0.491018,0.433277)
(0.320102,0.221851)
(-0.799504,-0.827176)
(-0.698177,0.535962)
(-0.553851,-0.714195)
(1.41359,-0.230721)
(-0.354956,0.236413)
(1.06343,0.711754)
(0.844468,-1.04681)
(-0.143839,0.130165)
(0.451111,-0.202346)
(0.0147409,-0.113162)
(0.213705,0.365162)
(0.968955,0.252743)
(0.472385,-0.213624)
(-0.399816,0.129767)
(-0.094113,0.296794)
(-0.344469,-0.428251)
(-0.277736,1.0145)
(0.726577,0.658034)
(-0.316217,-0.379805)
(-0.0599373,-0.213903)
(0.492564,0.544115)
(0.0113682,0.456784)
(-0.279132,-0.27905)
(0.454718,0.728841)
(0.256003,-0.0625385)
(-0.593502,0.71322)
(-0.0561719,-0.271942)
(1.09796,-0.383609)
(-0.617024,-0.347275)
(0.693192,-0.77113)
(0.245702,0.68462)
(0.506964,0.2662)
(-0.446114,-0.0694774)
(0.308328,-0.0339509)
(-0.652793,0.222375)
(-0.0803623,0.678085)
(0.0999963,-0.58955)
(-0.605977,0.857487)
(0.0209211,-0.252617)
(-1.12178,0.356735)
(-0.662738,-0.568332)
(0.356341,0.221267)
(-0.837602,0.134486)
(0.52673,-0.221964)
(-0.186119,-0.374831)
(-1.57662,0.266191)
(-0.70128,-0.125753)
(0.595211,0.22218)
(-0.811724,0.0299039)
(0.00365257,0.639458)
(1.36407,0.567772)
(0.640695,0.317351)
(1.12215,-0.268464)
(0.242177,-0.693324)
(-0.232658,0.3417)
(-0.406014,-0.131006)
(-0.659398,-0.00368644)
(-0.165954,-0.722147)
(-0.385687,-0.46573)
(-1.03916,-0.822232)
(0.20375,0.0538491)
(0.814055,0.229633)
(0.00636115,0.158674)
(-0.185159,0.223007)
(0.597297,0.379961)
(-1.30003,-0.330437)
(-0.278469,0.747856)
(0.776528,-0.14703)
(0.338229,0.471792)
(-0.114717,-0.542579)
(-0.00726656,0.111547)
(-0.352256,0.150796)
(-0.193773,0.100808)
(0.659972,-0.657129)
(-0.141014,-0.404301)
(0.156437,-0.858653)
(0.932147,0.36688)
(0.126122,-0.124622)
(-0.371816,-0.229613)
(-0.621995,0.219604)
(-0.233118,0.146344)
(0.173322,0.133402)
(-0.252786,-0.225106)
(-0.736743,-0.0845744)
(-0.0513118,-0.359595)
(-0.288217,0.351109)
(-0.653013,0.824787)
(0.112215,0.345281)
(-0.404435,0.183017)
(-0.230669,-0.0511694)
(-0.089129,-0.813614)
(0.217009,-0.273417)
(-0.103989,0.0606726)
(0.687407,-0.399665)
(-0.145549,-0.261742)
(-0.423345,-0.0211416)
(0.0866455,-0.531982)
(0.596498,-0.830697)
(0.398594,0.27834)
(1.51076,0.173825)
(0.184615,0.438741)
(0.119931,0.813744)
(-0.726804,0.797363)
(-0.319707,1.09247)
(-0.636726,-0.410939)
(0.0226203,0.367323)
(0.0494477,-0.306087)
(0.0155069,-0.340029)
(0.690953,-0.358752)
(-0.801513,-0.344912)
(-0.350834,-0.303045)
(0.098735,-0.407122)
(-0.580768,0.267891)
(-0.0243786,0.214077)
(0.89081,-1.09981)
(0.160035,0.609369)
(0.747194,-0.136739)
(1.27577,-0.111224)
(-0.559612,-0.28534)
(0.443129,1.44395)
(-0.459212,-0.419799)
(0.304779,0.271495)
(0.623575,0.704554)
(-0.466289,-0.640405)
(-0.208061,0.11587)
(-0.00519768,0.0233322)
(-0.298673,-0.056964)
(-0.180848,0.417341)
(-0.0377856,-0.932004)
(0.18889,-0.402869)
(-0.839912,-0.526197)
(-0.136852,0.622512)
(0.437802,1.03733)
(0.215949,0.383825)
(0.140097,-0.121104)
(-0.191017,0.645684)
(-0.742376,-0.00808497)
(-0.0365666,0.20195)
(0.448467,-0.108539)
(-0.449802,0.587011)
(0.253362,-0.695375)
(-0.47327,0.7287)
(-0.29837,0.312312)
(-0.218462,-0.962398)
(-0.880772,-0.429429)
(0.152596,-0.410405)
(0.110855,0.290587)
(-1.02591,-0.164557)
(-0.210937,1.02126)
(-0.454304,0.0228133)
(-0.948022,0.816643)
(-0.740057,0.066863)
(0.209694,-0.00306982)
(-0.192809,0.207876)
(0.564682,-0.854116)
(0.131242,0.125222)
(0.136035,0.00822274)
(-0.20351,-0.959261)
(-0.751852,-0.34619)
(0.492027,-0.496281)
(-0.559203,-0.0590622)
(0.0227177,0.504382)
(0.0273657,0.214098)
(-0.541348,-0.454348)
(-0.00496151,0.107521)
(0.507266,-0.271461)
(-0.0823858,0.945593)
(0.173854,0.552086)
(-0.539095,0.146277)
(-0.0684865,-1.31687)
(-0.105963,0.0271805)
(-0.166373,-0.576171)
(0.642859,-0.229872)
(0.274176,1.01547)
(-0.512374,-1.17119)
(-0.152934,-0.378071)
(-0.683014,0.173877)
(-0.582748,-0.68385)
(1.47925,-0.711745)
(-0.0680925,-0.837432)
(0.258924,-0.658764)
(0.481336,-0.967327)
(-0.242947,-0.12953)
(0.266671,0.51206)
(0.0503262,-0.0669243)
(0.339776,0.129049)
(-0.909703,0.666938)
(-0.569001,0.783268)
(-0.23696,0.0715941)
(0.0789238,0.0903342)
(-0.651004,0.334426)
(-0.161357,-0.155701)
(-0.659793,-0.53467)
(-0.525456,-1.08752)
(-0.421486,-0.205696)
(0.50179,-0.632251)
(-0.461332,-0.233285)
(0.639399,0.488914)
(0.133104,-0.42514)
(-0.162016,-0.523639)
(-0.693607,-0.390511)
(-0.42764,-0.935942)
(-0.0466022,0.186798)
(-0.333842,0.471587)
(0.0225072,0.840358)
(0.160323,0.113374)
(-0.993197,1.39297)
(0.0399887,-0.140454)
(-0.120482,-0.431052)
(-0.239375,-0.802577)
(0.178555,-0.50383)
(-0.369693,0.317182)
(-0.669456,0.494501)
(-1.18256,-0.135881)
(-0.469819,0.758619)
(-0.508846,-0.49079)
(-0.16243,-0.00136733)
(0.293737,0.630692)
(0.867305,-0.316416)
(0.6315,-0.407619)
(0.595512,0.0866594)
(0.591917,0.494237)
(0.325174,-0.839113)
(-0.738035,0.315656)
(0.0595293,-0.261174)
(-0.00179741,-1.36439)
(-0.645332,0.945728)
(0.225073,-0.756628)
(0.248036,-0.284694)
(0.931716,0.421424)
(0.0608147,1.09127)
(0.770811,-0.229906)
(-0.760204,0.431493)
(0.0559157,0.0719249)
(-0.518873,-0.022146)
(-0.195864,-0.0458344)
(0.391456,0.00644685)
(-0.140856,0.880173)
(-0.138458,-1.09988)
(0.442392,-0.300389)
(-0.49919,-0.117629)
(0.0538903,-1.11578)
(0.723233,-0.133108)
(-0.126471,0.840685)
(0.170154,0.507059)
(0.810899,0.886345)
(-0.732567,-0.527261)
(-0.602376,-0.166715)
(1.00952,0.237476)
(-0.105385,-0.883909)
(0.100224,1.15563)
(0.0967251,0.586882)
(-0.501447,0.181885)
(-0.363095,0.451487)
(0.683747,0.706795)
(-0.684153,0.897135)
(-0.133757,-0.758975)
(-0.269462,0.356488)
(0.422511,0.687453)
(0.19926,-0.767725)
(0.319998,-0.341509)
(0.573826,0.238922)
(0.0518479,-0.730023)
(-0.0996743,-0.00857664)
(0.0134047,-0.599081)
(0.418954,-0.701547)
(-0.125857,0.261174)
(-0.947488,1.14842)
(-0.483396,1.25642)
(0.0617924,0.58889)
(0.488735,0.405833)
(-0.0472279,-0.504035)
(0.0582093,0.0384184)
(-0.183847,-0.875441)
(0.561479,-0.0792996)
(0.641804,-0.012086)
(0.0332267,0.132726)
(0.58325,0.116961)
(-0.532158,0.169601)
(0.163311,0.187815)
(0.0396599,-0.212578)
(-0.142058,-0.122971)
(0.270703,0.336918)
(0.369805,0.715127)
(0.367426,-0.291884)
(0.288574,0.119963)
(0.352957,-0.0941739)
(-0.734826,0.736836)
(-0.224532,0.178518)
(1.04561,-0.741544)
(-0.954454,-0.298571)
(-0.157111,-0.875771)
(-0.12578,-0.0365164)
(0.276483,-0.271707)
(0.478672,0.466696)
(-0.392201,-0.984096)
(0.156571,-0.359429)
(-0.752702,-0.919801)
(0.314504,0.0496185)
---------------------------
f_d = 4000
---------------------------
(0.0707597,0.0267506)
(-0.264345,0.0578167)
(0.455416,-0.434658)
(-0.758663,0.581411)
(0.596647,-0.383694)
(0.20445,0.040146)
(0.308372,-0.187384)
(-1.00053,0.211994)
(1.49575,-0.331003)
(0.409013,0.0607346)
(-0.0962771,1.07903)
(1.41121,0.496259)
(0.844391,0.622579)
(-0.342723,-0.201945)
(0.067826,0.220738)
(-0.194161,0.357183)
(0.183377,0.365473)
(0.404846,0.221796)
(0.0417109,-0.0666127)
(0.237845,-0.201053)
(-0.454876,0.328745)
(0.814059,0.346119)
(-0.700485,0.0319367)
(-0.171425,0.133091)
(-0.132878,0.13108)
(0.100746,-0.531068)
(-0.566256,0.436047)
(0.183668,0.197752)
(0.671773,0.657791)
(0.499442,-1.19949)
(-0.449153,-0.00842356)
(-0.270958,-0.282422)
(-0.332872,-0.0937)
(0.285864,0.428667)
(0.580437,0.34771)
(0.573109,0.860312)
(0.971096,-0.0125032)
(0.610967,0.458556)
(-0.954297,0.115006)
(0.582186,0.0790565)
(-0.225025,0.746923)
(0.317785,0.157447)
(0.840746,-0.0359814)
(0.595432,0.322833)
(-0.2201,-0.934413)
(-0.0908823,-0.127569)
(-1.07702,-0.224375)
(-1.03987,-0.609591)
(0.797741,-0.749268)
(1.14519,-0.743643)
(0.483227,0.11547)
(-0.829584,-0.37297)
(0.729237,0.708584)
(0.826181,-1.33821)
(-0.651437,0.156896)
(0.421447,-0.741846)
(-0.352894,0.0959381)
(-0.661137,-0.0262301)
(-0.0913941,0.475616)
(1.03675,-0.609695)
(-0.88453,1.26959)
(-0.0323523,0.338016)
(-0.379399,-0.382892)
(-0.603784,0.425601)
(-0.451896,0.194513)
(-0.221986,-0.198646)
(0.456811,0.432545)
(-0.308812,0.159173)
(-0.0510663,-0.487522)
(1.00764,-1.25331)
(-0.68209,-0.822584)
(-0.632003,0.513527)
(1.07896,0.32014)
(1.10008,-0.745914)
(-0.399598,-0.243174)
(0.596011,-0.483805)
(-0.482262,-0.428039)
(-0.124875,-0.152509)
(0.240722,0.751932)
(-0.111545,-0.674392)
(-0.388473,-0.541814)
(0.170384,0.812371)
(0.0438141,-0.382798)
(-0.57192,-0.0338824)
(0.216268,0.619602)
(-0.322188,-1.5655)
(-1.349,-0.749533)
(-0.185509,-0.087422)
(-0.889613,-0.00425618)
(0.427131,-0.034126)
(1.21062,-0.0270868)
(-0.29138,-0.116008)
(-0.26885,-0.347605)
(1.32207,-0.997754)
(-0.318703,-0.104596)
(-0.234389,-0.0217824)
(0.226865,-0.279374)
(0.424285,0.494509)
(0.716377,-0.202149)
(1.27893,0.0296626)
(0.311758,-0.224747)
(0.0262719,0.81594)
(-0.233381,0.865087)
(-0.914109,0.274147)
(-0.0292799,0.920966)
(-0.381757,0.437546)
(0.149799,-0.245551)
(0.0767147,-0.0571813)
(-0.615825,-0.746859)
(0.488763,-0.690255)
(-0.687843,0.062089)
(-0.306375,-0.708889)
(-1.00251,0.322979)
(0.308557,-0.478302)
(0.430509,-1.14434)
(0.802541,-0.260303)
(-0.457423,0.743652)
(-0.173843,-0.128846)
(-0.463884,-0.406822)
(-0.000689269,0.347708)
(0.123162,-0.387565)
(-0.108642,0.857134)
(-0.144925,0.295583)
(-0.044784,0.689304)
(-0.12501,0.849573)
(-0.151457,-0.432651)
(-0.00693712,-0.135392)
(-0.448862,0.995087)
(-0.0107339,0.0318954)
(-0.370342,0.101045)
(0.0300042,0.372346)
(0.569973,-0.598087)
(0.195697,-0.574323)
(0.356288,0.439466)
(0.00450344,-0.119459)
(0.0438368,-0.30999)
(0.264674,0.0782684)
(0.653104,0.0992862)
(0.449916,-0.976879)
(-0.230641,0.247511)
(0.242429,0.759657)
(-0.922899,0.20593)
(-0.896027,0.898689)
(-1.18314,0.225478)
(-0.0400983,-1.11125)
(-0.151949,1.01304)
(0.0840506,-0.873066)
(-0.177432,0.273263)
(0.285646,0.419545)
(-1.27304,-1.07581)
(-0.0389158,0.0248449)
(-0.631493,-0.723216)
(-0.811833,0.335748)
(-0.518781,-0.792929)
(0.90205,0.139649)
(0.0848546,-0.869065)
(-0.994524,0.0187701)
(0.371489,-0.031921)
(-0.141108,0.115777)
(-0.350162,0.29728)
(0.613242,-0.100342)
(0.636462,0.218466)
(0.606158,-0.242593)
(-0.199403,-0.383406)
(-0.107291,-0.0862236)
(-0.316808,-0.601402)
(-0.819323,0.397141)
(-0.402838,-0.0804827)
(-0.569533,-0.333921)
(-0.572621,0.538439)
(0.33668,-0.559777)
(0.528678,0.866587)
(-0.0810411,0.119567)
(-0.729142,-0.73757)
(0.0157276,-0.228304)
(0.264226,-1.29298)
(0.525301,0.230502)
(-0.501859,0.142528)
(-0.024009,0.326253)
(-0.559681,-0.688412)
(-0.732397,-0.105254)
(-0.649834,0.0397434)
(-0.219211,-0.660479)
(0.649932,0.557081)
(-0.336927,-1.18467)
(0.080422,-0.126588)
(0.963939,0.212741)
(-0.325286,0.122075)
(0.00313026,-0.162065)
(0.419407,-0.113119)
(-1.07741,-0.144836)
(-1.09911,0.0433635)
(0.882562,0.347825)
(-0.409829,0.420779)
(-0.439866,0.229575)
(-0.142716,0.978949)
(-0.442108,-0.847313)
(-0.156498,0.0537387)
(-0.190711,-0.501848)
(0.791266,-1.11921)
(-0.0561952,-0.424535)
(1.28662,-0.240197)
(0.220951,-1.06731)
(-0.814602,0.0499025)
(0.359495,0.0048067)
(0.755158,1.03793)
(0.209205,-0.855175)
(-0.519908,0.182515)
(-0.45935,0.12518)
(-0.485751,0.18612)
(-0.0131238,-0.224779)
(0.885426,0.0797072)
(-0.149816,0.0134544)
(-0.273543,-0.732175)
(-0.252065,-0.431012)
(1.13575,0.717691)
(0.0702909,-0.071969)
(0.649291,-0.202566)
(0.675598,-0.372798)
(-0.396086,-0.195092)
(-0.508251,-0.604912)
(0.536259,-0.627819)
(0.176041,0.448599)
(-0.460528,0.620018)
(0.25886,0.758946)
(0.542405,-0.242052)
(0.473422,0.478759)
(-0.121209,1.25822)
(0.317575,-1.24749)
(-0.527078,0.588747)
(0.129982,-0.965289)
(-0.179004,-0.237882)
(-0.191526,0.318041)
(-0.812907,1.19668)
(-0.454376,0.525132)
(0.744565,-0.0935921)
(-0.575179,-0.303052)
(0.309033,-1.10092)
(0.655479,0.178226)
(0.237493,-0.334417)
(-0.434797,0.983362)
(0.314183,0.101027)
(0.0937523,-0.382323)
(-0.538317,0.690827)
(0.0517953,0.63941)
(-0.671387,0.12647)
(-0.549255,1.36295)
(-0.0144286,0.184138)
(-0.521564,0.932469)
(0.704808,-1.01174)
(0.926647,0.688369)
(0.066419,-0.584837)
(0.266035,-0.0257453)
(0.099913,0.0778309)
(-0.0724224,-0.410909)
(-0.276367,-0.404868)
(-0.948196,0.259501)
(0.309376,-0.165777)
(-0.628906,-0.253718)
(0.235599,0.584449)
(-0.720271,0.441154)
(-0.172478,0.313731)
(-0.182574,0.375236)
(-0.403627,0.371656)
(-0.108754,0.788506)
(-0.487201,-0.204241)
(1.71387,0.460356)
(-0.870006,-0.307832)
(1.21959,-0.709364)
(-1.50478,-0.132121)
(-0.171015,-0.437556)
(0.856974,0.0431758)
(-0.310599,-0.00489788)
(0.0547011,0.679413)
(0.165754,-0.211956)
(-0.842496,-0.168924)
(0.0228803,-0.375813)
(0.1764,0.00693163)
(-0.191959,-0.738627)
(-0.410327,0.487373)
(-0.426728,0.14438)
(-0.817717,-0.677175)
(-0.0172191,-0.247943)
(-0.396986,0.498419)
(-1.10601,0.00832205)
(-0.761616,0.570497)
(0.138088,-0.0892509)
(-0.869954,0.0850812)
(0.492242,0.578489)
(-0.272288,0.437468)
(1.12615,-0.144908)
(0.0889123,0.010914)
(0.807037,0.0744518)
(-1.05237,-0.494935)
(0.226419,0.662779)
(0.0830283,0.392362)
(-0.0631178,0.104614)
(0.793329,1.11834)
(-1.36348,-0.228798)
(0.55644,-0.342804)
(-0.430663,0.42414)
(-0.762436,0.175935)
(0.227924,-0.753558)
(0.758978,0.710841)
(0.603617,0.600453)
(-0.862174,0.250577)
(1.41391,0.0680973)
(0.0135708,0.289399)
(0.603517,0.0336743)
(-0.966375,0.954475)
(0.511034,-0.681491)
(-1.11211,0.257194)
(0.115748,0.430226)
(0.909722,-0.239117)
(-0.533501,0.401308)
(0.889241,-0.333987)
(1.25722,-0.487583)
(-0.416335,-0.147016)
(0.50348,-0.136694)
(-0.289253,-0.385462)
(-0.140394,-0.151097)
(0.0315492,-0.916317)
(0.532466,-0.0505972)
(0.23731,0.048639)
(-0.416733,-0.299338)
(-0.600646,0.183158)
(0.473548,0.512928)
(0.829965,0.166251)
(-0.019407,0.371184)
(0.36828,0.574292)
(-0.0061533,-0.32114)
(0.171715,-0.246139)
(0.426576,0.135712)
(-0.472136,0.483033)
(0.390815,0.146943)
(0.0861515,0.251663)
(-0.23896,-0.0290893)
(0.598076,0.132976)
(1.00624,-0.217988)
(0.11346,-0.669125)
(-0.899255,0.704505)
(0.178817,-0.314478)
(-0.344521,0.460476)
(0.0268209,0.197459)
(-0.580693,0.0639412)
(0.194444,-0.129166)
(-0.842736,0.78114)
(0.94417,-0.416148)
(0.381521,0.277628)
(-0.657985,-0.266194)
(0.0342871,-0.231773)
(0.496534,-0.527467)
(-0.330368,-0.0275562)
(0.472032,0.599406)
(0.129318,0.349661)
(0.58141,0.351081)
(-0.0634023,0.421556)
(-0.0428836,0.573152)
(-0.0919201,-0.0461452)
(0.19882,-0.237451)
(0.0239223,-0.631043)
(0.330404,0.24884)
(-0.478251,-0.746156)
(-0.339659,-0.804714)
(0.851403,0.246739)
(-0.974684,0.393703)
(-0.691726,0.115566)
(0.0696986,0.761865)
(0.416012,0.269097)
(-0.290898,-0.339919)
(-0.575374,0.0396904)
(0.583556,0.258077)
(-0.166753,-0.113236)
(0.686171,0.545529)
(-0.712124,-0.539232)
(-0.614131,0.0233981)
(-0.0793502,-0.128122)
(-0.287304,0.377527)
(0.344956,0.545289)
(0.464053,-0.38243)
(-0.5463,-0.369007)
(0.144102,-0.644577)
(0.0380159,0.245099)
(0.216293,-0.518089)
(-0.0959002,-0.743452)
(0.602386,-0.661939)
(-0.750056,-0.118211)
(-0.131928,-0.270668)
(0.683987,-0.0542703)
(-0.315457,0.525191)
(-0.822596,0.418944)
(-0.369104,0.42102)
(0.512078,-0.562755)
(-0.721476,0.860291)
(0.812977,0.504525)
(0.961014,0.540617)
(-0.855653,1.03213)
(0.560547,1.00098)
(0.369582,-0.926764)
(-0.191663,0.153528)
---------------------------
f_d = 5000
---------------------------
(0.538604,0.237096)
(-0.767738,-0.00498851)
(-0.230751,-0.093249)
(0.0201008,-0.468018)
(-0.341472,-0.531239)
(-0.0213963,-0.3169)
(0.369035,-0.677739)
(-0.373372,-1.03442)
(0.0179797,-0.705409)
(-0.743488,0.161276)
(0.641864,-0.0854709)
(-0.175865,-0.478891)
(-0.570391,0.274348)
(0.121303,0.313169)
(-0.387696,0.169434)
(0.842217,0.390447)
(0.328219,0.853928)
(0.164372,0.217035)
(-0.829263,0.220869)
(-0.10011,0.0793394)
(-0.350702,0.215534)
(-0.086288,-0.134625)
(0.470575,-0.601423)
(0.235664,-0.487271)
(0.220064,-0.181847)
(-0.0872861,0.294174)
(-0.0881235,-0.147883)
(0.77574,0.792177)
(-0.283935,-0.905339)
(0.425789,0.0777173)
(0.362084,0.203156)
(-0.118983,-0.15523)
(-0.929355,-1.02662)
(0.0310746,0.0341789)
(-0.555982,-0.433973)
(-0.00565818,-0.048368)
(-0.66442,0.0267698)
(-0.194635,0.152759)
(-0.174615,-0.302675)
(0.219485,0.295557)
(-0.495012,-0.323608)
(0.562395,-0.100648)
(0.112527,-0.616033)
(-0.140757,-0.434089)
(-0.0372803,-0.745786)
(0.56755,-0.53234)
(0.413162,-0.267863)
(0.979257,0.287814)
(0.374736,-0.783295)
(-1.00296,0.408745)
(-0.336761,-0.00777143)
(-0.25933,-0.119628)
(0.292975,0.127815)
(0.0229545,-0.0481014)
(0.558373,0.302735)
(0.774465,0.300761)
(-0.442428,-0.272782)
(-0.368759,-0.340692)
(0.553594,-0.628569)
(-0.798482,0.242249)
(0.0729092,0.450866)
(0.855164,-0.359495)
(-0.0813156,0.0661843)
(0.453698,-0.852538)
(-0.284026,0.296747)
(-0.0613403,0.792785)
(-0.466364,0.138177)
(1.06058,-0.0153656)
(0.779745,-1.01169)
(-0.567271,-0.20416)
(0.843553,-0.0326469)
(0.525172,0.0998969)
(-0.667653,-0.284089)
(-0.517696,-0.153762)
(0.922801,0.113824)
(-0.464841,0.214652)
(0.508942,0.296743)
(0.711745,-0.275131)
(-0.554952,0.754857)
(0.397285,-0.334784)
(0.280734,0.00221004)
(0.122983,0.606757)
(0.198939,-0.834796)
(0.112834,0.42932)
(1.30456,0.339661)
(0.538715,0.382993)
(0.543365,-0.148335)
(0.444882,-0.569339)
(-0.173718,-0.195851)
(-0.960697,0.0242032)
(0.701611,0.85912)
(0.667985,-0.596316)
(0.704813,-0.825134)
(-0.198813,-0.501251)
(0.174191,0.158353)
(-0.783067,-0.259395)
(0.196091,0.0192325)
(-0.705892,-0.0267239)
(-0.216977,0.122353)
(-0.187018,-0.184436)
(-0.358507,0.154572)
(-0.186354,-0.285984)
(-1.69124,0.754873)
(0.697894,0.350796)
(-0.488717,0.694973)
(0.148655,0.240837)
(0.0207873,0.865691)
(-0.27875,0.278189)
(0.677151,-0.226795)
(0.324456,0.972489)
(0.0945348,-0.0614938)
(-0.638417,-0.918312)
(-0.754291,-0.00523969)
(-0.704943,-0.247603)
(0.423045,-0.136193)
(0.799081,1.26762)
(0.559017,-0.199321)
(0.170688,-0.00196633)
(-0.637856,0.315521)
(-1.1069,-0.364117)
(-0.490029,0.0772849)
(0.205023,-0.0700821)
(-0.327174,0.104017)
(-0.20374,0.389324)
(-0.37387,0.165297)
(0.0543331,0.403666)
(-0.327005,-0.0824099)
(0.0473008,-0.839653)
(0.0231436,0.0924076)
(0.262219,0.682113)
(0.447163,-0.475142)
(-0.0904918,0.0784718)
(0.407887,0.266649)
(-1.49955,0.0169799)
(-0.625795,0.442562)
(-0.555277,-0.0240945)
(-0.805366,0.0980202)
(0.734802,-0.101722)
(-0.189244,-0.530521)
(-0.144105,0.865656)
(-0.335706,-0.0900901)
(-0.306685,0.0228649)
(-0.839195,0.131167)
(0.293427,0.0958671)
(-0.219321,-0.192332)
(0.185749,0.797074)
(0.932801,0.477519)
(-0.453678,-0.373577)
(-0.152593,-0.61155)
(-0.103097,-0.730179)
(0.21521,0.203374)
(-0.380975,-0.415276)
(-0.425649,-0.0977912)
(-0.385516,1.01746)
(0.163957,0.632143)
(0.175067,0.445985)
(0.317081,-0.886506)
(-0.903404,0.220639)
(-0.225567,0.287708)
(-0.427626,0.818679)
(0.266417,0.26285)
(0.649137,-0.571022)
(-0.840494,-0.27677)
(-1.82004,0.700408)
(0.530126,-0.36082)
(-1.26048,0.228984)
(-0.149366,0.113205)
(0.0950603,0.211261)
(-0.70826,0.57799)
(0.522499,-0.0823578)
(1.11034,0.820386)
(-0.430726,-0.200465)
(0.241791,-0.755948)
(-0.272351,0.183592)
(-0.360975,-0.329657)
(0.168248,-0.39962)
(0.13148,-0.579298)
(-0.220613,0.122809)
(0.795637,-0.241599)
(0.170686,1.34911)
(-1.10216,0.758559)
(-0.244779,-0.83408)
(-0.955184,0.570087)
(0.0344288,-0.00878362)
(-0.543469,-0.00736338)
(0.0557819,-0.254854)
(0.621048,0.00829608)
(-1.21171,-0.803671)
(0.322422,-0.311534)
(-0.44613,0.240927)
(0.41623,-0.460002)
(0.786648,0.522948)
(0.0873578,1.01422)
(1.18212,1.12623)
(0.460621,0.651067)
(0.541088,0.0286423)
(0.361129,-0.207857)
(-0.246304,0.121457)
(0.405722,0.050821)
(0.205847,0.852806)
(-0.189636,0.209242)
(-0.837649,-0.861904)
(0.134748,1.15322)
(-0.725973,-0.521495)
(-1.13433,0.187101)
(0.451736,-0.455555)
(-0.6112,-0.437319)
(0.674775,-0.400744)
(-0.101022,0.414445)
(1.01662,-1.3597)
(0.61652,-0.195013)
(0.632887,-0.825447)
(0.389686,-0.862529)
(-0.657216,-0.546624)
(-0.145946,-0.257955)
(0.470719,-0.00777895)
(0.121794,-0.517135)
(0.347352,0.587111)
(-0.589437,0.755704)
(-0.240214,0.266343)
(-0.607108,-0.731506)
(0.348687,0.264537)
(-0.343848,0.512351)
(-0.020242,0.412183)
(0.174385,0.991284)
(0.0529147,-0.654875)
(-0.62226,-0.940783)
(0.224395,-0.524556)
(-1.42309,0.811128)
(0.476462,-0.76199)
(-0.247089,-0.668411)
(1.14094,0.764858)
(-0.122478,-0.0334919)
(0.534309,0.341959)
(0.291653,0.326356)
(1.08094,0.390081)
(0.165482,-1.05262)
(-1.31529,0.56786)
(0.173609,0.291991)
(-0.0835085,0.148492)
(-0.77986,-0.238259)
(0.183104,0.769478)
(0.067237,0.152736)
(0.720005,0.504239)
(-0.254719,0.410806)
(0.0433465,0.108282)
(0.0510645,0.414109)
(0.622935,0.192465)
(0.591146,0.926474)
(0.528464,-0.642169)
(-0.907443,-0.243803)
(-0.933901,-0.173465)
(-0.829134,-0.000993881)
(-0.599571,0.196788)
(0.00949702,-0.995002)
(0.316099,0.0836618)
(-0.0957387,-0.705886)
(0.427853,0.938089)
(0.700569,-0.302753)
(0.458147,0.0524277)
(0.253003,-0.761876)
(-0.406172,0.358987)
(0.37071,0.592807)
(-0.0811742,0.282612)
(-0.882789,0.916097)
(0.707213,-0.375992)
(-0.05377,-0.810723)
(-0.339539,-0.306439)
(-0.744891,0.299385)
(-0.214069,-0.329823)
(-0.401948,-0.231379)
(-0.456563,0.316477)
(0.647818,0.428966)
(0.481709,0.0578663)
(-0.459755,0.0577559)
(0.184924,-0.519322)
(0.436576,0.299545)
(-0.277495,-0.575384)
(0.212479,-0.217366)
(0.0455903,0.711292)
(0.340086,-0.676549)
(0.12238,0.00775308)
(-0.107315,1.13157)
(-0.169457,-0.0814532)
(-0.968845,1.54148)
(-0.877086,0.813254)
(-0.0902926,0.660477)
(-0.394424,0.691556)
(0.338855,0.780542)
(0.0754473,-0.251996)
(-0.821255,-0.706955)
(-0.648514,-0.59303)
(0.243721,-0.0626579)
(-0.501846,-0.844077)
(1.0007,-0.870527)
(0.0560008,-0.731398)
(1.03508,-0.113539)
(-0.0814589,0.332986)
(0.996836,-0.999309)
(0.504724,0.0338598)
(-0.358657,-0.0639831)
(-0.425845,0.107096)
(-0.202757,-0.217608)
(0.0575682,1.02948)
(0.161433,-0.819444)
(0.301671,-0.0188446)
(0.175972,0.000997179)
(-0.58607,0.0026079)
(-0.936394,0.442089)
(0.436572,0.274042)
(0.750652,0.614071)
(-1.74364,-0.611731)
(1.48899,0.393159)
(-0.264904,0.241829)
(-0.547433,-1.06901)
(0.101532,-0.595582)
(-0.188192,0.265251)
(0.272893,-0.439218)
(-0.441522,-1.43054)
(-0.683056,-0.137473)
(0.218648,-0.501633)
(-0.373607,-0.442143)
(0.171099,0.546057)
(0.933419,0.10519)
(0.064861,-0.249493)
(-1.27047,0.236303)
(0.638218,0.442355)
(0.414954,0.432494)
(-0.174339,0.265908)
(0.398529,-0.241926)
(-0.843262,-0.355552)
(-0.356593,0.0130433)
(-1.18398,0.221546)
(0.455323,0.585036)
(-0.0923031,-0.125318)
(-0.921522,0.344361)
(1.61301,-0.619678)
(0.410821,0.204023)
(-0.32771,-0.600329)
(0.2138,0.0466275)
(-0.906199,-0.165359)
(-0.041325,0.774055)
(-0.384218,-0.51137)
(0.590542,-0.0394257)
(-0.0580903,-0.67836)
(0.189291,0.171846)
(-0.269171,0.0815306)
(-0.0780157,0.25388)
(0.313211,0.0818031)
(-0.324074,0.473389)
(1.24582,-0.216625)
(-0.972975,-0.0988726)
(-0.325511,0.99375)
(0.552661,-0.0844165)
(-0.757424,0.0312297)
(0.791225,-0.25701)
(-0.757925,0.0681691)
(0.108178,-0.255925)
(0.042766,0.124708)
(0.491859,-1.048)
(0.589754,-0.104102)
(0.368391,0.702028)
(1.20698,-0.420617)
(0.314851,-0.566734)
(0.210493,0.238455)
(1.14139,-0.660523)
(-0.18172,1.10213)
(0.401708,0.189474)
(1.03197,-0.593438)
(-0.24936,-0.135653)
(-0.304776,0.788873)
(-0.0229544,-0.326289)
(-0.922203,0.520149)
(0.49669,0.321496)
(0.979532,0.138352)
(-0.585362,0.249463)
(-0.0313773,-0.597114)
(1.45204,0.517239)
(0.0417289,0.702252)
(0.403019,-0.234399)
(-0.326355,-0.261461)
(-0.0211239,0.0142562)
(-0.534978,-0.655398)
(-0.504795,-0.900449)
(1.69889,-0.780888)
(-0.740596,-0.230838)
(0.60295,-0.0727291)
(0.37535,-0.618781)
(-0.323991,0.167378)
(0.100797,-0.173567)
(0.445749,0.795053)
(0.655424,0.707868)
(0.364607,0.693797)
(0.167193,-0.449103)
(0.336368,-0.276973)
(-0.536319,-0.0536496)
(-0.564443,0.00556131)
(0.288909,-0.153088)
(1.23472,0.495212)
(-0.451041,0.192249)
