---------------------------
f_d = -5000
---------------------------
(-0.128994,0.618954)
(0.89087,-0.0412512)
(-0.0754011,-0.559677)
(-0.453341,-0.607742)
(-0.220896,0.0566239)
(0.905684,-0.479125)
(-0.881443,0.368949)
(-0.0738937,-0.440559)
(-1.083,-0.426998)
(-0.582582,0.51221)
(-0.0822616,-0.38458)
(-0.593885,0.472195)
(0.0485654,0.986027)
(-0.166495,1.43783)
(-0.288642,-0.537975)
(0.510204,-0.742669)
(0.254959,-0.381686)
(-0.0851632,0.120878)
(-0.0611162,-0.351343)
(-0.715102,-0.121693)
(0.310475,0.172078)
(-0.743982,0.132419)
(-0.183317,-0.190452)
(0.958262,0.337182)
(1.13059,-0.520883)
(-0.26371,-0.256208)
(-0.195509,0.865456)
(-0.111433,-1.03386)
(-1.46649,-0.127275)
(0.555419,-1.43137)
(0.519101,-0.427892)
(-1.02463,-0.174652)
(0.0278494,1.43849)
(0.609539,-0.469443)
(-0.841358,0.183556)
(0.454594,0.648508)
(0.675089,-0.750302)
(0.035567,-0.753511)
(0.846214,-0.225749)
(0.202769,0.19348)
(0.864675,-0.156744)
(-1.01622,-0.883034)
(0.78944,-0.520084)
(0.195293,0.230476)
(1.10132,0.0109307)
(-0.0937866,0.203224)
(-0.103999,-0.14036)
(-0.3726,0.205909)
(0.116549,0.49059)
(-0.177325,0.369871)
(0.0516993,-0.692553)
(-0.441247,0.97151)
(0.578762,-0.316242)
(0.149624,-0.207538)
(-0.20096,-0.489906)
(0.189411,-0.587057)
(0.187425,-0.444367)
(0.219277,0.153629)
(-0.383067,1.20252)
(0.697128,0.487303)
(-0.249684,0.444651)
(0.429308,0.26183)
(0.0258915,1.08246)
(-0.822863,0.120154)
(0.0560225,-0.389145)
(-0.0739616,-0.838294)
(0.438115,-0.529113)
(-0.379491,0.204451)
(0.996016,-0.221696)
(0.101603,-0.135506)
(-0.382041,1.25529)
(-0.0809016,-0.482731)
(0.72271,-0.202988)
(-0.581477,-0.0800204)
(0.0612612,0.476433)
(0.0208634,0.890258)
(-0.505242,-0.138539)
(0.0844294,0.0690863)
(-0.0903945,0.511491)
(-0.400898,0.235005)
(0.63137,-0.632476)
(1.25698,-0.281527)
(0.484795,-0.267923)
(-0.17973,0.841626)
(-0.517258,-0.41738)
(0.0920805,0.159526)
(-0.0763419,0.610894)
(0.0414528,0.0208853)
(1.29779,-0.244087)
(0.593521,-0.163116)
(0.0216424,-0.260312)
(0.682924,0.14784)
(-0.317029,-0.0126183)
(-0.260458,0.197178)
(-0.206601,0.939224)
(0.129395,-0.655592)
(0.761844,-0.624205)
(0.108487,-1.18843)
(-0.237015,0.0535812)
(0.108706,-0.0444025)
(-0.617191,0.0869178)
(0.172385,-0.388505)
(-0.692991,0.321446)
(-0.58951,0.0626878)
(0.805012,0.429734)
(0.0886642,-0.444071)
(-0.793725,0.0960668)
(0.788945,-0.60324)
(-0.924613,-0.730668)
(-0.455153,-0.425033)
(0.133737,-0.393745)
(0.195369,-0.192684)
(-0.326263,-0.159263)
(-0.0673686,-0.568453)
(-0.465818,-0.433797)
(0.0855956,0.149653)
(0.0119027,-0.0729264)
(0.368489,0.555796)
(-0.251415,-0.305361)
(0.153213,0.123754)
(0.202037,-0.384467)
(0.616358,-0.243994)
(-0.905335,0.452895)
(-0.0792314,-0.681923)
(0.0861413,0.000369964)
(-0.000100545,-0.393436)
(-0.485066,0.470299)
(-1.36285,0.0550102)
(0.250155,-0.257401)
(-0.735132,-0.196492)
(0.159212,-0.0734457)
(-0.174395,-0.266028)
(-0.0745226,-0.312835)
(0.691535,-0.0658594)
(0.140107,-0.137479)
(-0.252735,1.24664)
(-0.681059,-0.187343)
(0.0200922,-0.16964)
(-0.626216,0.100351)
(-0.673063,-0.326909)
(-0.182916,0.185695)
(-0.259906,-0.554445)
(-1.03752,-0.285663)
(0.613865,-0.220961)
(-0.00651325,0.128797)
(0.494729,0.718321)
(0.0983956,0.407167)
(-0.364132,-0.47294)
(0.289628,-0.0387526)
(0.621728,0.152285)
(-0.798395,-0.131172)
(0.593443,0.442683)
(-0.473529,-1.00841)
(0.53603,-0.000344079)
(-0.548121,-0.564384)
(-0.303583,-0.194181)
(0.101079,-0.478448)
(-0.0124913,-0.984991)
(0.1677,-0.295151)
(-0.0427274,0.474158)
(0.293296,0.813984)
(-1.17237,0.502509)
(-0.165033,-0.691858)
(0.147931,-0.154017)
(-0.600157,-0.832191)
(0.695006,-0.991831)
(-0.127901,-0.658426)
(0.425639,-0.151403)
(0.160848,-0.476243)
(-0.15799,0.577341)
(-0.31704,0.371772)
(-0.264331,0.524296)
(-0.114127,-0.102905)
(0.386494,0.574294)
(0.0321118,-0.169859)
(-0.0462521,0.415018)
(0.0838094,-0.512995)
(-0.625304,-1.19813)
(0.108166,1.03129)
(0.48047,-0.473253)
(0.67283,-0.724829)
(0.166938,0.426146)
(-0.300455,0.22236)
(0.207716,-0.0191491)
(-0.973802,0.531405)
(0.390575,0.270569)
(0.277577,-0.149387)
(-0.542526,0.0447236)
(0.792562,-0.0273569)
(0.643121,0.118987)
(-0.196496,0.89543)
(-0.13734,-0.814344)
(0.403868,-0.663698)
(-0.0683708,0.327644)
(-0.377593,-0.235902)
(0.221327,0.502149)
(-0.516305,-0.561156)
(-0.831513,-0.316448)
(-0.446582,0.153211)
(-0.533619,-0.0244774)
(0.642183,-0.197154)
(-0.331439,0.105256)
(0.0181975,0.163849)
(0.2706,-0.490182)
(-0.0178437,0.154459)
(0.823391,-0.345093)
(0.509108,0.642939)
(0.594897,0.690783)
(0.369889,0.469297)
(-0.100891,-0.116148)
(-0.224118,-0.680707)
(-0.0733284,0.184125)
(0.527898,-0.948608)
(-0.309753,-0.524243)
(0.870772,0.652351)
(0.344284,-0.213663)
(0.0123975,0.571688)
(0.259603,-0.0725059)
(0.710002,-0.824906)
(0.392228,0.43973)
(-0.156372,0.616566)
(1.12571,0.310764)
(-0.0993553,-0.444405)
(0.302611,0.402881)
(0.797005,0.111711)
(-0.329497,-0.0795872)
(-1.59058,1.15371)
(-0.594778,0.321361)
(-0.360552,0.213029)
(1.06906,-0.236445)
(0.0996568,0.123857)
(-0.702811,-0.164241)
(1.04128,0.751686)
(0.274267,-0.144138)
(-0.208168,0.267721)
(-0.416924,0.231693)
(1.06256,0.226547)
(0.908463,-0.703538)
(0.0256252,-0.0528577)
(0.458613,0.0548724)
(0.459421,0.075702)
(-0.218967,-0.0336104)
(0.557168,-1.09222)
(-0.0555914,0.868931)
(0.837526,-0.300007)
(-0.836419,-0.566045)
(-0.342977,0.0826241)
(-0.252429,0.296323)
(0.59499,-0.109532)
(-0.205972,0.203869)
(0.452724,1.10625)
(-0.762223,-1.04484)
(0.2984,-0.312888)
(-0.91666,-0.471139)
(0.0812143,0.239993)
(-0.0668682,-0.703723)
(-0.650864,0.966513)
(-0.203565,-0.227987)
(-0.779665,-0.288383)
(-0.828437,0.544577)
(0.252326,0.0607123)
(-0.330727,-0.573025)
(-0.027992,-0.103757)
(-0.907079,0.192162)
(-0.772176,0.962088)
(0.425905,0.712537)
(0.242737,0.766182)
(-0.684088,-0.270227)
(-0.054275,-0.383734)
(-1.01488,-0.112587)
(-0.454034,-0.077111)
(-0.486481,-0.792537)
(0.839191,0.62321)
(0.126693,0.257514)
(0.492971,-0.9884)
(0.168119,-1.10717)
(-0.558134,-0.569629)
(0.367092,-0.675937)
(0.313942,-0.8519)
(-0.140691,-0.200802)
(0.116471,-0.824649)
(0.000690527,-0.105958)
(-0.235714,0.094865)
(-0.0121255,-0.694339)
(0.588326,0.247175)
(0.386809,-0.818601)
(-0.0573419,1.20429)
(-0.303892,0.116912)
(-0.341342,-0.520824)
(0.121548,1.29705)
(0.223732,-0.491901)
(-1.12397,0.35935)
(-0.648016,0.677496)
(0.570064,-0.796043)
(0.286463,-0.464612)
(-0.547713,-0.215534)
(-0.03726,0.45078)
(-0.188457,-0.024982)
(0.0662754,-0.135426)
(0.132745,0.672373)
(0.468804,-0.289571)
(-0.00386532,0.778745)
(-0.424795,0.343379)
(-0.201598,-0.610482)
(-0.451322,-0.213936)
(-0.248691,-0.326982)
(-0.259481,-0.167422)
(0.423629,-0.784209)
(-0.0649868,0.684381)
(0.705513,-0.152413)
(-0.327161,0.95412)
(0.670852,-0.730141)
(-0.537409,-0.193949)
(0.47489,-0.187894)
(0.580639,-0.147769)
(-0.344388,0.333103)
(-0.386654,-0.410172)
(0.533428,0.333926)
(-0.343925,0.338733)
(0.694673,-0.0682015)
(-0.461208,-0.269703)
(0.137049,-0.226995)
(0.359914,-0.0319086)
(0.976619,0.697313)
(1.35156,0.836985)
(-1.47846,0.125517)
(0.0674675,0.423091)
(-0.0548098,0.3926)
(0.184633,-0.380415)
(-1.74724,0.122158)
(0.826288,-0.709737)
(0.218327,0.279201)
(1.02602,-0.878567)
(-0.0465526,-1.18478)
(-0.0364614,-0.405453)
(0.273057,-0.669148)
(-0.523437,0.0426964)
(-0.132004,0.502544)
(0.644927,-0.0419561)
(0.913599,-0.5758)
(0.493695,0.379737)
(-0.510252,1.03698)
(0.133196,-0.367037)
(-0.482422,-0.920826)
(-0.0384529,-0.130248)
(0.994916,-0.450821)
(1.26868,-0.54523)
(0.279947,-0.0467412)
(-0.405437,-0.311211)
(-0.347178,-0.10668)
(-0.707033,0.135285)
(-0.0720593,0.0320457)
(0.404488,0.17202)
(0.887773,-0.347596)
(0.133453,-0.00473371)
(-0.279419,0.219647)
(-0.0025283,-0.00391205)
(-0.832602,-0.151366)
(0.370163,-0.398505)
(1.28393,-0.258447)
(0.107242,-0.590227)
(0.386409,-0.554771)
(0.257278,0.648275)
(-0.349143,0.22797)
(-1.06105,-0.508904)
(-0.770612,-0.469217)
(0.00968188,-0.337643)
(0.0260447,0.0680158)
(-0.424962,-0.298871)
(-0.192584,0.800246)
(0.401648,0.977337)
(0.0602787,-0.0740731)
(0.64589,0.0248047)
(-0.257673,-0.707257)
(-0.281158,-0.00406133)
(-0.519206,-0.363491)
(-0.302604,-0.599281)
(-0.305707,1.02576)
(0.828784,-0.578141)
(-0.904229,-1.5922)
(-0.342977,0.411062)
(-0.537745,-0.50587)
(0.13439,0.757169)
(0.565478,0.351318)
(0.273423,1.14979)
(-0.0332483,-0.422719)
(-0.66985,0.240039)
(1.00631,0.610122)
(0.10928,0.400524)
(1.02641,0.538004)
(0.444734,-0.44648)
(0.978206,-0.23979)
(0.802159,-0.393864)
(0.481979,-0.385603)
(-0.10418,-0.356111)
(0.862224,0.124258)
(-1.18919,0.00883889)
(0.81004,-0.772725)
(-0.182246,-0.0361559)
(-0.0908844,-0.0345004)
---------------------------
f_d = -4000
---------------------------
(0.890843,-0.041255)
(-0.0754233,-0.559691)
(-0.453342,-0.60776)
(-0.220884,0.056639)
(0.905651,-0.479091)
(-0.881501,0.368936)
(-0.0739131,-0.440599)
(-1.083,-0.427021)
(-0.582576,0.512188)
(-0.0822537,-0.384577)
(-0.593901,0.472212)
(0.0485066,0.986029)
(-0.166555,1.43775)
(-0.288602,-0.538072)
(0.510275,-0.742677)
(0.254973,-0.381664)
(-0.0851695,0.120876)
(-0.0611156,-0.351368)
(-0.715086,-0.121711)
(0.310476,0.172069)
(-0.743969,0.132381)
(-0.183256,-0.190465)
(0.958301,0.337223)
(1.13058,-0.520841)
(-0.263758,-0.256193)
(-0.195543,0.865414)
(-0.111431,-1.03393)
(-1.46642,-0.127358)
(0.555543,-1.43135)
(0.519141,-0.427815)
(-1.02464,-0.17462)
(0.0278373,1.4385)
(0.609536,-0.469453)
(-0.841339,0.183537)
(0.454627,0.648493)
(0.67515,-0.750307)
(0.0356343,-0.753476)
(0.846246,-0.225681)
(0.20276,0.193533)
(0.86466,-0.156734)
(-1.01617,-0.883034)
(0.78949,-0.520028)
(0.195295,0.230569)
(1.10128,0.0110107)
(-0.0938492,0.203263)
(-0.10404,-0.140356)
(-0.372628,0.205924)
(0.116508,0.490598)
(-0.177342,0.36985)
(0.0517019,-0.692551)
(-0.441259,0.971502)
(0.578765,-0.316256)
(0.149634,-0.207536)
(-0.200933,-0.489911)
(0.189456,-0.587023)
(0.187447,-0.444294)
(0.219228,0.153715)
(-0.383137,1.20257)
(0.697062,0.487318)
(-0.249743,0.444662)
(0.429253,0.261843)
(0.0257938,1.08242)
(-0.822889,0.120048)
(0.0560831,-0.389232)
(-0.0739021,-0.838304)
(0.438146,-0.529102)
(-0.379483,0.20448)
(0.996023,-0.221641)
(0.101555,-0.135449)
(-0.382113,1.25527)
(-0.0808938,-0.482759)
(0.722705,-0.202956)
(-0.581509,-0.0800009)
(0.061223,0.476451)
(0.0208007,0.890242)
(-0.505254,-0.138595)
(0.0844338,0.0690686)
(-0.0904232,0.511461)
(-0.400866,0.234946)
(0.631444,-0.632465)
(1.257,-0.281443)
(0.484744,-0.267855)
(-0.17981,0.841615)
(-0.517274,-0.417397)
(0.0920918,0.159519)
(-0.0763657,0.610873)
(0.041491,0.0208612)
(1.29781,-0.244041)
(0.593483,-0.163082)
(0.0216099,-0.260282)
(0.682876,0.147869)
(-0.31709,-0.0126359)
(-0.260524,0.197157)
(-0.206644,0.939157)
(0.129415,-0.655661)
(0.76188,-0.624202)
(0.108492,-1.18841)
(-0.237044,0.0535866)
(0.108656,-0.0444024)
(-0.617219,0.0869003)
(0.172363,-0.38852)
(-0.693025,0.321414)
(-0.589501,0.0626638)
(0.804997,0.429735)
(0.0886319,-0.444097)
(-0.793717,0.0960137)
(0.78896,-0.60327)
(-0.924606,-0.730705)
(-0.455092,-0.425063)
(0.133777,-0.393727)
(0.19538,-0.192669)
(-0.326262,-0.159286)
(-0.0673393,-0.568461)
(-0.465795,-0.433791)
(0.0856022,0.14968)
(0.0118973,-0.0728899)
(0.368464,0.555815)
(-0.251429,-0.30537)
(0.153218,0.123741)
(0.202031,-0.384448)
(0.616335,-0.243961)
(-0.905356,0.45287)
(-0.0792332,-0.681958)
(0.0861435,0.000387816)
(-0.000127429,-0.393423)
(-0.485121,0.470266)
(-1.36285,0.0549401)
(0.250195,-0.257438)
(-0.735108,-0.196507)
(0.159255,-0.0734536)
(-0.174366,-0.266025)
(-0.074493,-0.312816)
(0.691543,-0.0657851)
(0.140069,-0.137433)
(-0.252821,1.24661)
(-0.681069,-0.187406)
(0.0200916,-0.169674)
(-0.626223,0.100289)
(-0.673031,-0.326968)
(-0.182876,0.185653)
(-0.259881,-0.554485)
(-1.03745,-0.285679)
(0.613928,-0.220938)
(-0.00649651,0.128856)
(0.494692,0.718344)
(0.0983701,0.407161)
(-0.364099,-0.472985)
(0.289655,-0.03874)
(0.621685,0.152266)
(-0.798416,-0.131181)
(0.593445,0.442634)
(-0.473504,-1.00843)
(0.536061,-0.000354595)
(-0.548109,-0.564433)
(-0.303544,-0.194203)
(0.101127,-0.478461)
(-0.0124155,-0.984946)
(0.167706,-0.295093)
(-0.0427621,0.474227)
(0.293204,0.81398)
(-1.17239,0.502405)
(-0.164971,-0.691943)
(0.147976,-0.154044)
(-0.600071,-0.832232)
(0.695119,-0.991786)
(-0.127844,-0.658361)
(0.425684,-0.151326)
(0.160847,-0.47621)
(-0.158015,0.577389)
(-0.317082,0.371782)
(-0.264336,0.524287)
(-0.114108,-0.102902)
(0.386485,0.574315)
(0.0320914,-0.169852)
(-0.0462602,0.414975)
(0.0838558,-0.513025)
(-0.625246,-1.19814)
(0.108192,1.03135)
(0.480526,-0.473227)
(0.672847,-0.72474)
(0.166916,0.426198)
(-0.300483,0.222356)
(0.207655,-0.0191315)
(-0.973804,0.531401)
(0.390594,0.270563)
(0.277559,-0.149375)
(-0.54252,0.0447101)
(0.792607,-0.0273153)
(0.643058,0.119022)
(-0.196557,0.895399)
(-0.137301,-0.814393)
(0.403876,-0.663677)
(-0.0684136,0.327679)
(-0.377629,-0.235899)
(0.2213,0.502117)
(-0.516324,-0.561179)
(-0.831492,-0.316455)
(-0.44656,0.153162)
(-0.533579,-0.024507)
(0.64222,-0.197129)
(-0.331407,0.105251)
(0.0182255,0.163846)
(0.270657,-0.490171)
(-0.0177545,0.154505)
(0.823376,-0.345082)
(0.509116,0.643019)
(0.594793,0.690823)
(0.369833,0.469293)
(-0.100894,-0.116173)
(-0.22409,-0.680729)
(-0.0732639,0.184107)
(0.527957,-0.948589)
(-0.309704,-0.524182)
(0.870767,0.652438)
(0.344271,-0.213631)
(0.0123705,0.571746)
(0.25963,-0.0725204)
(0.710009,-0.82481)
(0.392187,0.43981)
(-0.156418,0.616588)
(1.12567,0.310808)
(-0.0994163,-0.444395)
(0.302549,0.402952)
(0.79691,0.111768)
(-0.329606,-0.0795596)
(-1.59068,1.15361)
(-0.594787,0.321301)
(-0.360518,0.212978)
(1.06907,-0.236421)
(0.0996546,0.123854)
(-0.702789,-0.16424)
(1.04128,0.751706)
(0.274206,-0.144128)
(-0.20818,0.267699)
(-0.416894,0.231696)
(1.0626,0.226546)
(0.908468,-0.703521)
(0.0256074,-0.0528402)
(0.458563,0.0548739)
(0.45934,0.0757009)
(-0.218988,-0.0336646)
(0.557145,-1.09219)
(-0.0556014,0.868975)
(0.837468,-0.300023)
(-0.836442,-0.566068)
(-0.342993,0.0825998)
(-0.252474,0.296323)
(0.59496,-0.109534)
(-0.206052,0.2039)
(0.452603,1.1062)
(-0.762238,-1.04491)
(0.298409,-0.312928)
(-0.916679,-0.47117)
(0.0812171,0.239973)
(-0.0668547,-0.703691)
(-0.65091,0.966497)
(-0.203625,-0.228065)
(-0.779674,-0.288466)
(-0.828457,0.544518)
(0.252349,0.0606936)
(-0.330799,-0.57302)
(-0.0280124,-0.103764)
(-0.90712,0.192183)
(-0.772159,0.96206)
(0.425874,0.712552)
(0.242696,0.766097)
(-0.684058,-0.270326)
(-0.0542124,-0.383828)
(-1.01484,-0.112697)
(-0.453977,-0.0772166)
(-0.486372,-0.79258)
(0.839224,0.623205)
(0.126674,0.257495)
(0.493029,-0.988431)
(0.168188,-1.10716)
(-0.558048,-0.569665)
(0.367173,-0.675952)
(0.313984,-0.851817)
(-0.140673,-0.200754)
(0.116526,-0.824628)
(0.000683079,-0.105886)
(-0.235658,0.0948804)
(-0.0120715,-0.694282)
(0.588348,0.247225)
(0.38679,-0.818491)
(-0.057389,1.20433)
(-0.303943,0.116876)
(-0.341354,-0.520813)
(0.121546,1.29707)
(0.223688,-0.491924)
(-1.12404,0.359289)
(-0.647982,0.677424)
(0.570151,-0.796096)
(0.286489,-0.46459)
(-0.547723,-0.215514)
(-0.0372612,0.450752)
(-0.188456,-0.0249668)
(0.0662646,-0.135377)
(0.132743,0.672394)
(0.468759,-0.289531)
(-0.00391543,0.778735)
(-0.424836,0.343321)
(-0.201577,-0.610549)
(-0.451286,-0.213968)
(-0.248617,-0.327041)
(-0.259408,-0.167455)
(0.423694,-0.784146)
(-0.06502,0.684433)
(0.705505,-0.152364)
(-0.327175,0.954108)
(0.670877,-0.730172)
(-0.537389,-0.193949)
(0.474939,-0.187902)
(0.58061,-0.147727)
(-0.3444,0.333099)
(-0.386644,-0.410189)
(0.533437,0.33396)
(-0.34391,0.338721)
(0.694638,-0.0681965)
(-0.4612,-0.26971)
(0.137075,-0.226935)
(0.359951,-0.0318403)
(0.976541,0.697446)
(1.35145,0.837015)
(-1.47854,0.125416)
(0.0674333,0.423017)
(-0.0548321,0.392559)
(0.184572,-0.380486)
(-1.74718,0.122038)
(0.82637,-0.70979)
(0.21839,0.279207)
(1.02606,-0.878568)
(-0.046476,-1.18473)
(-0.0364162,-0.405426)
(0.273092,-0.669118)
(-0.523399,0.0427673)
(-0.132003,0.50254)
(0.644968,-0.0419028)
(0.913623,-0.575721)
(0.493609,0.37977)
(-0.510342,1.03694)
(0.133252,-0.36712)
(-0.482358,-0.920902)
(-0.0383755,-0.130235)
(0.99494,-0.450751)
(1.2687,-0.545129)
(0.279874,-0.0467085)
(-0.405484,-0.311181)
(-0.347224,-0.106701)
(-0.707026,0.135278)
(-0.0720007,0.0320384)
(0.404507,0.172021)
(0.887796,-0.347561)
(0.13341,-0.00466477)
(-0.279438,0.219648)
(-0.00254022,-0.00395531)
(-0.832574,-0.1514)
(0.370213,-0.398491)
(1.28399,-0.258352)
(0.107218,-0.590199)
(0.386362,-0.554643)
(0.257239,0.648332)
(-0.349188,0.22792)
(-1.06106,-0.508991)
(-0.77059,-0.46926)
(0.00971437,-0.33765)
(0.0260566,0.0680209)
(-0.42501,-0.298883)
(-0.192596,0.800305)
(0.401644,0.977338)
(0.0602841,-0.0740753)
(0.645852,0.0247612)
(-0.257725,-0.707264)
(-0.281168,-0.00405583)
(-0.519162,-0.363551)
(-0.302597,-0.599308)
(-0.305685,1.02575)
(0.828818,-0.578215)
(-0.904198,-1.59217)
(-0.342957,0.411099)
(-0.537654,-0.505874)
(0.134404,0.757192)
(0.56544,0.351398)
(0.273389,1.14983)
(-0.033271,-0.422775)
(-0.66989,0.239975)
(1.0063,0.610151)
(0.109256,0.400555)
(1.02643,0.538026)
(0.444799,-0.446433)
(0.978271,-0.23973)
(0.802149,-0.393851)
(0.48193,-0.385536)
(-0.104152,-0.356068)
(0.862094,0.124239)
(-1.18921,0.00878262)
(0.809979,-0.77273)
(-0.182304,-0.0360946)
(-0.090927,-0.0344443)
(-0.128949,0.618952)
---------------------------
f_d = -3000
---------------------------
(-0.0754176,-0.559691)
(-0.453336,-0.607759)
(-0.220878,0.05664)
(0.905657,-0.479089)
(-0.881495,0.368939)
(-0.0739093,-0.440597)
(-1.083,-0.427017)
(-0.582572,0.512192)
(-0.0822493,-0.384572)
(-0.593897,0.472219)
(0.0485111,0.986035)
(-0.166552,1.43776)
(-0.288604,-0.538061)
(0.510273,-0.742671)
(0.25497,-0.381657)
(-0.0851742,0.120879)
(-0.0611214,-0.351362)
(-0.715089,-0.121707)
(0.310472,0.17207)
(-0.743975,0.132383)
(-0.183267,-0.190463)
(0.958299,0.337224)
(1.13058,-0.52084)
(-0.263761,-0.25619)
(-0.19555,0.865419)
(-0.11144,-1.03392)
(-1.46642,-0.127354)
(0.555536,-1.43135)
(0.519133,-0.427816)
(-1.02465,-0.174623)
(0.0278354,1.43849)
(0.609531,-0.469454)
(-0.841346,0.183549)
(0.45462,0.648493)
(0.675144,-0.75031)
(0.0356257,-0.753479)
(0.846236,-0.225689)
(0.202751,0.193527)
(0.864655,-0.156749)
(-1.01618,-0.883051)
(0.789486,-0.520041)
(0.195296,0.230544)
(1.10129,0.0109968)
(-0.0938423,0.203254)
(-0.10403,-0.140363)
(-0.372618,0.205914)
(0.116516,0.490595)
(-0.177341,0.369851)
(0.0516994,-0.692551)
(-0.441261,0.971504)
(0.578768,-0.316254)
(0.149629,-0.207538)
(-0.20093,-0.489918)
(0.189454,-0.587035)
(0.187443,-0.444303)
(0.21924,0.153704)
(-0.383134,1.20255)
(0.697067,0.487312)
(-0.249726,0.444654)
(0.429263,0.261844)
(0.0258242,1.08243)
(-0.822884,0.120059)
(0.0560818,-0.389226)
(-0.0738866,-0.838309)
(0.438136,-0.529102)
(-0.379476,0.204483)
(0.996022,-0.221651)
(0.101548,-0.135461)
(-0.3821,1.25527)
(-0.0808947,-0.482765)
(0.722715,-0.202958)
(-0.581497,-0.0800043)
(0.0612309,0.476455)
(0.0208037,0.890241)
(-0.50525,-0.138593)
(0.0844338,0.0690758)
(-0.0904225,0.511468)
(-0.400871,0.234951)
(0.63145,-0.632471)
(1.257,-0.28145)
(0.484742,-0.26786)
(-0.179801,0.841611)
(-0.517269,-0.4174)
(0.0920939,0.159518)
(-0.0763529,0.610877)
(0.0414883,0.020855)
(1.29782,-0.244049)
(0.593487,-0.16309)
(0.021609,-0.260293)
(0.682875,0.147859)
(-0.317081,-0.0126322)
(-0.260507,0.197159)
(-0.206634,0.939159)
(0.129421,-0.65565)
(0.761881,-0.624208)
(0.108489,-1.1884)
(-0.237034,0.0535877)
(0.108671,-0.04441)
(-0.617209,0.0869032)
(0.172362,-0.388507)
(-0.693018,0.321418)
(-0.589502,0.0626671)
(0.805016,0.429741)
(0.0886205,-0.444094)
(-0.793738,0.096024)
(0.788955,-0.60326)
(-0.924606,-0.730697)
(-0.4551,-0.425051)
(0.133771,-0.393717)
(0.195374,-0.192674)
(-0.326265,-0.159281)
(-0.0673392,-0.568471)
(-0.465803,-0.433789)
(0.0855951,0.149664)
(0.0118815,-0.072894)
(0.368464,0.555807)
(-0.251427,-0.30537)
(0.153218,0.123753)
(0.202042,-0.384446)
(0.61632,-0.243969)
(-0.905348,0.452887)
(-0.0792217,-0.681952)
(0.0861582,0.000391445)
(-0.000131824,-0.393408)
(-0.485124,0.470271)
(-1.36284,0.054946)
(0.250189,-0.257432)
(-0.735105,-0.196527)
(0.159219,-0.0734536)
(-0.174367,-0.266024)
(-0.074516,-0.312814)
(0.691542,-0.065792)
(0.140061,-0.137425)
(-0.252815,1.24662)
(-0.681049,-0.187388)
(0.0200948,-0.169656)
(-0.626214,0.100294)
(-0.673034,-0.326944)
(-0.182895,0.185677)
(-0.259878,-0.554488)
(-1.03746,-0.285683)
(0.613916,-0.220927)
(-0.00650678,0.128856)
(0.494694,0.718353)
(0.0983713,0.40714)
(-0.364108,-0.472977)
(0.289663,-0.0387425)
(0.621698,0.152287)
(-0.798416,-0.131194)
(0.593419,0.44264)
(-0.473504,-1.00844)
(0.53605,-0.000344409)
(-0.548111,-0.56443)
(-0.303553,-0.194212)
(0.101116,-0.478455)
(-0.0124148,-0.984971)
(0.167693,-0.295071)
(-0.0427658,0.474229)
(0.293202,0.813984)
(-1.1724,0.50241)
(-0.164974,-0.691924)
(0.147964,-0.154058)
(-0.600098,-0.832228)
(0.695106,-0.991778)
(-0.127856,-0.658377)
(0.425673,-0.151341)
(0.160848,-0.476203)
(-0.157983,0.577344)
(-0.317081,0.371766)
(-0.264342,0.524268)
(-0.114127,-0.102894)
(0.386497,0.574313)
(0.0320792,-0.169867)
(-0.046297,0.414984)
(0.083845,-0.513029)
(-0.625237,-1.19811)
(0.108177,1.03132)
(0.480497,-0.473233)
(0.672859,-0.724758)
(0.166908,0.42618)
(-0.300473,0.222348)
(0.207672,-0.0191593)
(-0.973829,0.531378)
(0.390609,0.270563)
(0.27756,-0.149384)
(-0.542522,0.0447019)
(0.792596,-0.0273173)
(0.643057,0.119053)
(-0.196559,0.895413)
(-0.137305,-0.814363)
(0.403895,-0.663673)
(-0.0684058,0.327649)
(-0.377633,-0.235903)
(0.221288,0.502112)
(-0.516319,-0.561179)
(-0.83149,-0.316471)
(-0.446562,0.153158)
(-0.533575,-0.0245242)
(0.642203,-0.197153)
(-0.331428,0.105251)
(0.0182287,0.163863)
(0.270633,-0.490176)
(-0.0177565,0.154498)
(0.823369,-0.345077)
(0.509132,0.642943)
(0.594842,0.690833)
(0.369801,0.469257)
(-0.100892,-0.116162)
(-0.224118,-0.680717)
(-0.0732771,0.184111)
(0.527959,-0.948582)
(-0.30971,-0.52418)
(0.870776,0.652414)
(0.344271,-0.213638)
(0.0123954,0.57171)
(0.25961,-0.0725052)
(0.710048,-0.824845)
(0.392171,0.439792)
(-0.156438,0.616553)
(1.12569,0.310789)
(-0.0994104,-0.444394)
(0.302563,0.402918)
(0.79692,0.111789)
(-0.329587,-0.0795764)
(-1.59064,1.15362)
(-0.594775,0.321277)
(-0.360506,0.212975)
(1.06908,-0.236438)
(0.09964,0.123866)
(-0.70279,-0.164232)
(1.04128,0.7517)
(0.274238,-0.144139)
(-0.208199,0.267674)
(-0.416899,0.231689)
(1.0626,0.22653)
(0.908472,-0.703502)
(0.0256127,-0.052834)
(0.458602,0.0548809)
(0.459353,0.0756633)
(-0.21899,-0.033655)
(0.557189,-1.0922)
(-0.0556183,0.868967)
(0.837508,-0.300067)
(-0.836429,-0.566044)
(-0.342992,0.0826335)
(-0.252429,0.296327)
(0.594983,-0.109551)
(-0.206027,0.203885)
(0.452622,1.1062)
(-0.762243,-1.04492)
(0.298399,-0.312894)
(-0.916655,-0.471165)
(0.0812198,0.239983)
(-0.0668685,-0.703682)
(-0.650964,0.966472)
(-0.203602,-0.22806)
(-0.779684,-0.288453)
(-0.828446,0.544546)
(0.252333,0.0606929)
(-0.330768,-0.572981)
(-0.0279809,-0.103783)
(-0.907087,0.192182)
(-0.772192,0.962058)
(0.425895,0.712566)
(0.242673,0.766131)
(-0.684052,-0.270302)
(-0.0542436,-0.383796)
(-1.01485,-0.112675)
(-0.453989,-0.0772015)
(-0.486376,-0.792575)
(0.839207,0.623231)
(0.126658,0.257494)
(0.49301,-0.988418)
(0.16818,-1.10717)
(-0.558084,-0.569655)
(0.367165,-0.675944)
(0.313975,-0.85183)
(-0.140711,-0.200783)
(0.116484,-0.824652)
(0.000669556,-0.105897)
(-0.235669,0.0948727)
(-0.012081,-0.694283)
(0.588335,0.247218)
(0.386801,-0.818511)
(-0.057376,1.2043)
(-0.30394,0.116868)
(-0.341354,-0.520829)
(0.121524,1.29709)
(0.223699,-0.491905)
(-1.124,0.359263)
(-0.647979,0.677411)
(0.570151,-0.796093)
(0.286485,-0.464592)
(-0.547708,-0.215515)
(-0.0372813,0.450742)
(-0.188443,-0.0249688)
(0.0662655,-0.135406)
(0.132738,0.672356)
(0.468764,-0.289531)
(-0.00392826,0.77873)
(-0.424838,0.343319)
(-0.201576,-0.610537)
(-0.451283,-0.213975)
(-0.248654,-0.326994)
(-0.259396,-0.167408)
(0.423682,-0.784153)
(-0.0650076,0.684435)
(0.705528,-0.152404)
(-0.327168,0.954099)
(0.670861,-0.730172)
(-0.537379,-0.193919)
(0.47495,-0.187905)
(0.580606,-0.147714)
(-0.344409,0.333064)
(-0.38665,-0.410173)
(0.533455,0.333952)
(-0.343959,0.338734)
(0.694668,-0.0681761)
(-0.461223,-0.269722)
(0.137103,-0.226965)
(0.35995,-0.0318718)
(0.976581,0.697433)
(1.35146,0.836995)
(-1.47849,0.125453)
(0.0674186,0.423027)
(-0.054828,0.392565)
(0.184553,-0.380444)
(-1.74719,0.122054)
(0.826378,-0.709767)
(0.218401,0.279226)
(1.02605,-0.878565)
(-0.0465348,-1.18478)
(-0.0364367,-0.405418)
(0.273089,-0.669099)
(-0.52342,0.0427192)
(-0.131999,0.502558)
(0.644969,-0.0419458)
(0.913623,-0.575743)
(0.49361,0.379783)
(-0.510375,1.03693)
(0.133225,-0.367114)
(-0.482356,-0.920852)
(-0.0383722,-0.130202)
(0.994942,-0.450749)
(1.2687,-0.545151)
(0.279914,-0.046713)
(-0.405504,-0.311184)
(-0.347205,-0.10669)
(-0.707013,0.135259)
(-0.072005,0.0320393)
(0.4045,0.172039)
(0.887773,-0.347538)
(0.13343,-0.00465703)
(-0.279425,0.219621)
(-0.00255312,-0.00396131)
(-0.8326,-0.151437)
(0.370199,-0.398503)
(1.28395,-0.258379)
(0.1072,-0.590205)
(0.386376,-0.554689)
(0.257225,0.648343)
(-0.349168,0.227934)
(-1.06103,-0.508978)
(-0.770585,-0.469279)
(0.00971654,-0.337666)
(0.0260597,0.0680069)
(-0.425011,-0.298884)
(-0.192631,0.80029)
(0.401644,0.977374)
(0.060298,-0.0740637)
(0.645866,0.0247596)
(-0.257702,-0.707288)
(-0.281142,-0.00407294)
(-0.519187,-0.363523)
(-0.30256,-0.59931)
(-0.305719,1.02574)
(0.828791,-0.578226)
(-0.9042,-1.59219)
(-0.343011,0.411129)
(-0.537675,-0.505892)
(0.134456,0.757188)
(0.565456,0.35137)
(0.27338,1.14981)
(-0.03328,-0.42277)
(-0.669857,0.239983)
(1.00635,0.610146)
(0.109242,0.400532)
(1.02637,0.538016)
(0.444807,-0.44641)
(0.978253,-0.239715)
(0.802138,-0.39384)
(0.481999,-0.385555)
(-0.104141,-0.356076)
(0.862122,0.124292)
(-1.1892,0.00876505)
(0.810052,-0.772709)
(-0.182275,-0.0361359)
(-0.0908971,-0.0344542)
(-0.12902,0.618973)
(0.890889,-0.0412683)
---------------------------
f_d = -2000
---------------------------
(-0.453342,-0.60776)
(-0.220883,0.0566391)
(0.905651,-0.479092)
(-0.881499,0.368937)
(-0.0739139,-0.440599)
(-1.083,-0.427019)
(-0.582576,0.512189)
(-0.0822547,-0.384577)
(-0.593901,0.472212)
(0.0485082,0.98603)
(-0.16655,1.43776)
(-0.288604,-0.538069)
(0.510272,-0.742679)
(0.254973,-0.381664)
(-0.0851708,0.120876)
(-0.0611176,-0.351366)
(-0.715087,-0.121708)
(0.310476,0.17207)
(-0.74397,0.132383)
(-0.18326,-0.190464)
(0.958301,0.337218)
(1.13058,-0.520841)
(-0.263757,-0.256191)
(-0.195547,0.865414)
(-0.111435,-1.03393)
(-1.46642,-0.127347)
(0.555546,-1.43135)
(0.519144,-0.427815)
(-1.02464,-0.17462)
(0.0278414,1.43849)
(0.609535,-0.469455)
(-0.841341,0.183545)
(0.454629,0.648493)
(0.675155,-0.750305)
(0.0356369,-0.753475)
(0.846244,-0.225679)
(0.202756,0.193532)
(0.864656,-0.156734)
(-1.01617,-0.883038)
(0.789491,-0.520026)
(0.195297,0.230558)
(1.10129,0.010997)
(-0.0938473,0.203264)
(-0.104042,-0.140355)
(-0.372629,0.205918)
(0.11651,0.490596)
(-0.177349,0.369851)
(0.0516995,-0.692551)
(-0.441263,0.9715)
(0.578763,-0.316254)
(0.149631,-0.207532)
(-0.200934,-0.489911)
(0.189455,-0.587019)
(0.187444,-0.444291)
(0.219231,0.153714)
(-0.383133,1.20256)
(0.697058,0.48731)
(-0.249744,0.444652)
(0.42925,0.261839)
(0.0258105,1.08242)
(-0.822885,0.120071)
(0.0560796,-0.389229)
(-0.0738796,-0.838309)
(0.438151,-0.529087)
(-0.379477,0.204482)
(0.996019,-0.22167)
(0.10155,-0.135458)
(-0.382114,1.25526)
(-0.0809019,-0.482755)
(0.722708,-0.202964)
(-0.581508,-0.0800032)
(0.0612303,0.476452)
(0.0208009,0.890234)
(-0.505253,-0.138597)
(0.0844384,0.0690698)
(-0.0904187,0.51146)
(-0.400863,0.234944)
(0.63145,-0.632468)
(1.25701,-0.281443)
(0.484739,-0.267858)
(-0.179809,0.841615)
(-0.517271,-0.417393)
(0.092086,0.159521)
(-0.0763468,0.610882)
(0.0414892,0.0208597)
(1.29781,-0.244038)
(0.593489,-0.163089)
(0.0216084,-0.260297)
(0.682867,0.14786)
(-0.317094,-0.0126406)
(-0.260518,0.197152)
(-0.206647,0.939156)
(0.129409,-0.655656)
(0.761885,-0.624213)
(0.108495,-1.18841)
(-0.237046,0.0535913)
(0.108661,-0.0444108)
(-0.617212,0.0869006)
(0.17235,-0.388504)
(-0.69303,0.321411)
(-0.589508,0.0626511)
(0.805012,0.42972)
(0.0886202,-0.444097)
(-0.793729,0.0960136)
(0.788949,-0.603274)
(-0.924598,-0.730704)
(-0.455098,-0.425055)
(0.133778,-0.393714)
(0.195382,-0.192676)
(-0.326255,-0.159277)
(-0.0673446,-0.568459)
(-0.465782,-0.43378)
(0.0856059,0.149668)
(0.0118991,-0.0728944)
(0.368471,0.555794)
(-0.251423,-0.305369)
(0.153213,0.123738)
(0.202018,-0.384451)
(0.616331,-0.243959)
(-0.905347,0.452874)
(-0.0792294,-0.681948)
(0.0861428,0.00037719)
(-0.000144592,-0.393422)
(-0.485133,0.470267)
(-1.36284,0.0549399)
(0.250199,-0.257437)
(-0.735091,-0.196536)
(0.159247,-0.0734516)
(-0.174378,-0.266041)
(-0.074524,-0.312807)
(0.691541,-0.0658382)
(0.140064,-0.137427)
(-0.252826,1.24662)
(-0.681068,-0.187403)
(0.0200816,-0.169677)
(-0.626233,0.100295)
(-0.673024,-0.326964)
(-0.182886,0.185661)
(-0.259869,-0.554493)
(-1.03745,-0.285699)
(0.61392,-0.220946)
(-0.00651067,0.128858)
(0.494694,0.718338)
(0.0983485,0.407138)
(-0.364098,-0.472969)
(0.289647,-0.0387424)
(0.621698,0.152281)
(-0.798418,-0.131191)
(0.593445,0.44263)
(-0.473509,-1.00844)
(0.536062,-0.000350243)
(-0.548114,-0.564437)
(-0.303537,-0.194209)
(0.101123,-0.478459)
(-0.0124251,-0.984967)
(0.167713,-0.295076)
(-0.0427662,0.474229)
(0.293213,0.81397)
(-1.17239,0.502413)
(-0.164972,-0.691931)
(0.14798,-0.154047)
(-0.600052,-0.832224)
(0.695109,-0.991792)
(-0.127861,-0.658354)
(0.42569,-0.151319)
(0.160851,-0.476205)
(-0.157978,0.577364)
(-0.317058,0.37178)
(-0.264339,0.524281)
(-0.1141,-0.1029)
(0.386474,0.574286)
(0.0321047,-0.169846)
(-0.0462711,0.414985)
(0.0838507,-0.51303)
(-0.625233,-1.19814)
(0.108169,1.03134)
(0.480526,-0.473229)
(0.672842,-0.724749)
(0.166923,0.426201)
(-0.300461,0.222344)
(0.207672,-0.0191439)
(-0.973805,0.5314)
(0.390593,0.270551)
(0.277581,-0.149369)
(-0.542526,0.0447263)
(0.792581,-0.0273171)
(0.643052,0.119024)
(-0.196554,0.895409)
(-0.137306,-0.814378)
(0.403879,-0.663695)
(-0.0683966,0.327668)
(-0.377612,-0.235911)
(0.221265,0.502118)
(-0.516325,-0.561198)
(-0.831477,-0.31647)
(-0.446561,0.153184)
(-0.533567,-0.0245077)
(0.642243,-0.197144)
(-0.331406,0.105251)
(0.0182336,0.163853)
(0.270657,-0.490147)
(-0.0177598,0.154508)
(0.823396,-0.345063)
(0.509131,0.642965)
(0.594865,0.690792)
(0.369811,0.469283)
(-0.100918,-0.116203)
(-0.224104,-0.68071)
(-0.0732673,0.184107)
(0.527959,-0.948573)
(-0.309703,-0.524163)
(0.870772,0.652441)
(0.344281,-0.213626)
(0.0124034,0.571731)
(0.259642,-0.0725043)
(0.710014,-0.824836)
(0.392194,0.439812)
(-0.156444,0.616555)
(1.12568,0.310765)
(-0.0994177,-0.444391)
(0.302553,0.402929)
(0.796915,0.111756)
(-0.329631,-0.0795855)
(-1.59067,1.15361)
(-0.594775,0.321292)
(-0.36049,0.212974)
(1.06908,-0.236406)
(0.0996561,0.123838)
(-0.702803,-0.164252)
(1.0413,0.751723)
(0.274229,-0.144114)
(-0.20819,0.267704)
(-0.416893,0.231669)
(1.06258,0.226545)
(0.908456,-0.703498)
(0.0256019,-0.0528386)
(0.458586,0.0548765)
(0.459338,0.075703)
(-0.218995,-0.033677)
(0.557159,-1.0922)
(-0.0556091,0.868983)
(0.837492,-0.300076)
(-0.836423,-0.566013)
(-0.342997,0.0826198)
(-0.252462,0.296337)
(0.594976,-0.109531)
(-0.206042,0.20387)
(0.452637,1.10619)
(-0.762247,-1.04491)
(0.2984,-0.312967)
(-0.916685,-0.471146)
(0.0812124,0.239998)
(-0.0668745,-0.703706)
(-0.650977,0.966457)
(-0.203601,-0.228063)
(-0.779669,-0.288469)
(-0.828461,0.544491)
(0.252357,0.0606584)
(-0.330778,-0.572997)
(-0.0280009,-0.103804)
(-0.907088,0.192208)
(-0.7722,0.962073)
(0.425873,0.712537)
(0.242695,0.766128)
(-0.684094,-0.270328)
(-0.0542107,-0.383802)
(-1.01485,-0.112686)
(-0.453984,-0.0772091)
(-0.486376,-0.792579)
(0.839227,0.62322)
(0.126684,0.257482)
(0.493016,-0.988451)
(0.16819,-1.1072)
(-0.558056,-0.569667)
(0.367161,-0.675973)
(0.313987,-0.851817)
(-0.140686,-0.20076)
(0.116504,-0.824623)
(0.000687751,-0.1059)
(-0.235668,0.0948936)
(-0.0121013,-0.694277)
(0.58832,0.247242)
(0.386795,-0.818514)
(-0.0574008,1.20433)
(-0.303953,0.116881)
(-0.341348,-0.520814)
(0.12154,1.29707)
(0.223687,-0.491913)
(-1.12403,0.359282)
(-0.647953,0.677409)
(0.570143,-0.796095)
(0.286504,-0.464588)
(-0.547707,-0.215509)
(-0.0372623,0.450773)
(-0.188467,-0.0249616)
(0.0662707,-0.135411)
(0.132725,0.672389)
(0.468786,-0.289542)
(-0.00393321,0.77873)
(-0.424823,0.343309)
(-0.201583,-0.61055)
(-0.451273,-0.213971)
(-0.248633,-0.327019)
(-0.259442,-0.167446)
(0.423682,-0.784147)
(-0.065004,0.684406)
(0.705479,-0.152372)
(-0.327161,0.9541)
(0.670882,-0.730128)
(-0.537367,-0.193929)
(0.474959,-0.187888)
(0.580616,-0.147705)
(-0.344413,0.333073)
(-0.386609,-0.4102)
(0.533426,0.333947)
(-0.343943,0.338735)
(0.694647,-0.0681839)
(-0.461213,-0.269715)
(0.137085,-0.226967)
(0.359944,-0.0318312)
(0.976571,0.697422)
(1.35144,0.83701)
(-1.47852,0.125425)
(0.0674077,0.423036)
(-0.0548316,0.392521)
(0.184591,-0.38047)
(-1.74719,0.122048)
(0.826376,-0.709779)
(0.218428,0.279228)
(1.02606,-0.878558)
(-0.0465063,-1.18477)
(-0.0364075,-0.405438)
(0.273113,-0.669121)
(-0.523432,0.0427236)
(-0.131991,0.502538)
(0.644942,-0.0419724)
(0.913621,-0.575766)
(0.493602,0.379783)
(-0.510361,1.03695)
(0.13323,-0.367087)
(-0.482369,-0.92087)
(-0.0383709,-0.130243)
(0.994958,-0.450756)
(1.26866,-0.545124)
(0.279883,-0.0467026)
(-0.405471,-0.311167)
(-0.34722,-0.106716)
(-0.707004,0.135292)
(-0.0719952,0.0320526)
(0.404486,0.172033)
(0.887763,-0.347522)
(0.133423,-0.0046616)
(-0.279424,0.21964)
(-0.00255015,-0.00395994)
(-0.832538,-0.151447)
(0.370215,-0.398491)
(1.28393,-0.25836)
(0.107222,-0.590189)
(0.386381,-0.554675)
(0.257227,0.64831)
(-0.349194,0.22794)
(-1.06102,-0.508973)
(-0.770578,-0.469276)
(0.00973505,-0.33767)
(0.0260434,0.068016)
(-0.424988,-0.298892)
(-0.192579,0.800303)
(0.401626,0.977354)
(0.0602686,-0.0740618)
(0.64584,0.0247686)
(-0.257701,-0.707299)
(-0.28117,-0.00412229)
(-0.51916,-0.36351)
(-0.302561,-0.599284)
(-0.305705,1.02575)
(0.828824,-0.578238)
(-0.904154,-1.5922)
(-0.342988,0.411119)
(-0.537691,-0.505838)
(0.134488,0.7572)
(0.565485,0.351355)
(0.273378,1.14977)
(-0.0332906,-0.422756)
(-0.66988,0.240017)
(1.00633,0.610146)
(0.109235,0.400526)
(1.02637,0.538009)
(0.44479,-0.446454)
(0.978225,-0.239687)
(0.802157,-0.393817)
(0.481952,-0.385565)
(-0.104161,-0.356065)
(0.862078,0.124329)
(-1.18923,0.00876944)
(0.810062,-0.772706)
(-0.182272,-0.0361035)
(-0.0908957,-0.0344216)
(-0.12899,0.618992)
(0.890831,-0.0412911)
(-0.0754205,-0.55965)
---------------------------
f_d = -1000
---------------------------
(-0.220883,0.0566391)
(0.905651,-0.479093)
(-0.881498,0.368938)
(-0.073913,-0.440599)
(-1.083,-0.427019)
(-0.582576,0.512189)
(-0.0822551,-0.384578)
(-0.5939,0.472212)
(0.0485094,0.986029)
(-0.166551,1.43776)
(-0.288607,-0.538065)
(0.510272,-0.742677)
(0.254975,-0.381664)
(-0.0851694,0.120873)
(-0.0611171,-0.351366)
(-0.715086,-0.12171)
(0.310477,0.172067)
(-0.74397,0.132381)
(-0.183261,-0.190464)
(0.9583,0.337218)
(1.13058,-0.520846)
(-0.263757,-0.256194)
(-0.195543,0.865413)
(-0.111436,-1.03393)
(-1.46642,-0.127349)
(0.555533,-1.43136)
(0.519142,-0.427815)
(-1.02464,-0.174619)
(0.027844,1.4385)
(0.609536,-0.469455)
(-0.841342,0.183546)
(0.454627,0.648495)
(0.675142,-0.750306)
(0.0356364,-0.753475)
(0.846244,-0.22568)
(0.202755,0.193532)
(0.864661,-0.156733)
(-1.01617,-0.883039)
(0.789491,-0.520027)
(0.195297,0.230558)
(1.10129,0.0109947)
(-0.0938409,0.203265)
(-0.104043,-0.140352)
(-0.372628,0.205918)
(0.11651,0.490596)
(-0.177343,0.369851)
(0.0516974,-0.692553)
(-0.441262,0.971506)
(0.578762,-0.316257)
(0.149632,-0.207535)
(-0.200935,-0.489911)
(0.189451,-0.587028)
(0.187443,-0.444293)
(0.21923,0.153709)
(-0.383139,1.20256)
(0.697062,0.487323)
(-0.249742,0.444652)
(0.42925,0.261833)
(0.0258169,1.08242)
(-0.822886,0.120072)
(0.0560729,-0.389221)
(-0.0738848,-0.838309)
(0.438155,-0.529086)
(-0.379476,0.204481)
(0.996017,-0.22167)
(0.101559,-0.135465)
(-0.382105,1.25527)
(-0.0808847,-0.482762)
(0.722702,-0.202958)
(-0.581504,-0.0800045)
(0.0612245,0.476454)
(0.0207998,0.890248)
(-0.505252,-0.138592)
(0.0844339,0.0690703)
(-0.0904201,0.511473)
(-0.400868,0.234947)
(0.631452,-0.632468)
(1.25701,-0.281447)
(0.484743,-0.267851)
(-0.179805,0.841614)
(-0.517277,-0.417396)
(0.0920892,0.159521)
(-0.0763515,0.610877)
(0.0414791,0.020864)
(1.29782,-0.244044)
(0.593481,-0.16309)
(0.0216125,-0.260294)
(0.682871,0.147862)
(-0.317093,-0.0126458)
(-0.260517,0.197152)
(-0.206641,0.939153)
(0.129423,-0.655664)
(0.761873,-0.624219)
(0.108493,-1.18841)
(-0.237041,0.0535872)
(0.108652,-0.0444127)
(-0.61722,0.086893)
(0.172357,-0.388496)
(-0.693039,0.321416)
(-0.589506,0.0626617)
(0.805023,0.429726)
(0.08863,-0.444103)
(-0.793726,0.0960405)
(0.788956,-0.603274)
(-0.924607,-0.730713)
(-0.455101,-0.425062)
(0.133771,-0.393724)
(0.195363,-0.192664)
(-0.326263,-0.159281)
(-0.0673292,-0.568469)
(-0.4658,-0.433797)
(0.0856007,0.149684)
(0.0118936,-0.0728883)
(0.368462,0.5558)
(-0.251423,-0.305367)
(0.153222,0.123751)
(0.202025,-0.38445)
(0.616328,-0.243977)
(-0.905362,0.452884)
(-0.0792356,-0.681951)
(0.0861423,0.000383349)
(-0.000127706,-0.393424)
(-0.48513,0.470261)
(-1.36285,0.0549416)
(0.250196,-0.257442)
(-0.735096,-0.196525)
(0.159252,-0.0734577)
(-0.174373,-0.266039)
(-0.0745169,-0.312836)
(0.691546,-0.0658485)
(0.140069,-0.137441)
(-0.252829,1.24661)
(-0.681072,-0.187405)
(0.0200857,-0.169673)
(-0.626235,0.100298)
(-0.673033,-0.326967)
(-0.182875,0.185677)
(-0.259868,-0.554498)
(-1.03745,-0.285693)
(0.613942,-0.220939)
(-0.00648823,0.128852)
(0.494691,0.71834)
(0.0983719,0.407145)
(-0.364089,-0.472981)
(0.289644,-0.038744)
(0.621689,0.152279)
(-0.798417,-0.131196)
(0.593428,0.442636)
(-0.473494,-1.00845)
(0.536067,-0.000367125)
(-0.548107,-0.564441)
(-0.303542,-0.194201)
(0.101128,-0.478461)
(-0.0124122,-0.984963)
(0.167702,-0.295078)
(-0.0427581,0.474235)
(0.293193,0.813985)
(-1.17238,0.502421)
(-0.164982,-0.69193)
(0.147975,-0.154038)
(-0.600078,-0.832225)
(0.695114,-0.991779)
(-0.127839,-0.658362)
(0.425666,-0.151337)
(0.160849,-0.476199)
(-0.157985,0.577363)
(-0.31706,0.371802)
(-0.264329,0.524283)
(-0.114139,-0.102891)
(0.38648,0.574307)
(0.0320945,-0.169867)
(-0.0462695,0.414999)
(0.0838411,-0.513038)
(-0.625239,-1.19813)
(0.10819,1.03133)
(0.480521,-0.473233)
(0.672851,-0.72473)
(0.166915,0.426192)
(-0.300476,0.22237)
(0.207673,-0.0191434)
(-0.973814,0.531391)
(0.390591,0.270561)
(0.277561,-0.149388)
(-0.542524,0.0447295)
(0.792588,-0.0273347)
(0.64306,0.119028)
(-0.19655,0.895412)
(-0.13731,-0.81439)
(0.403876,-0.663675)
(-0.0683967,0.327661)
(-0.377613,-0.235902)
(0.221269,0.502106)
(-0.516315,-0.561194)
(-0.831471,-0.316484)
(-0.446533,0.153183)
(-0.533556,-0.0245144)
(0.64224,-0.197149)
(-0.331399,0.10524)
(0.0182415,0.163846)
(0.270656,-0.49015)
(-0.0177749,0.154506)
(0.823384,-0.345077)
(0.509134,0.642975)
(0.594871,0.69079)
(0.36989,0.469283)
(-0.1009,-0.116171)
(-0.224099,-0.680753)
(-0.0732981,0.184114)
(0.527958,-0.948581)
(-0.309713,-0.524185)
(0.870773,0.652431)
(0.344255,-0.213625)
(0.0123995,0.571728)
(0.259625,-0.0724875)
(0.710036,-0.824814)
(0.392153,0.439806)
(-0.156442,0.616574)
(1.12568,0.310761)
(-0.0993896,-0.444407)
(0.302546,0.402931)
(0.79691,0.111762)
(-0.329599,-0.0795829)
(-1.59068,1.1536)
(-0.594792,0.321291)
(-0.360488,0.213017)
(1.06907,-0.236416)
(0.0996411,0.123835)
(-0.702767,-0.16423)
(1.0413,0.751699)
(0.274222,-0.144127)
(-0.208178,0.267677)
(-0.416913,0.231684)
(1.0626,0.226548)
(0.90846,-0.703497)
(0.0256242,-0.0528127)
(0.458595,0.0548676)
(0.459362,0.0756784)
(-0.218984,-0.0336732)
(0.55719,-1.09222)
(-0.0556169,0.868958)
(0.837495,-0.300049)
(-0.836442,-0.566034)
(-0.342962,0.0826206)
(-0.252457,0.296329)
(0.594945,-0.109537)
(-0.206049,0.203885)
(0.45264,1.10619)
(-0.762236,-1.0449)
(0.298407,-0.312937)
(-0.916634,-0.471165)
(0.0811951,0.239986)
(-0.066877,-0.703703)
(-0.650966,0.966469)
(-0.203613,-0.228071)
(-0.779666,-0.28847)
(-0.828442,0.544514)
(0.252323,0.06067)
(-0.330756,-0.572975)
(-0.0280249,-0.103806)
(-0.907074,0.192257)
(-0.772142,0.962122)
(0.425873,0.712544)
(0.242679,0.766101)
(-0.684079,-0.270299)
(-0.0542307,-0.383849)
(-1.01487,-0.112675)
(-0.45398,-0.0772035)
(-0.486352,-0.792588)
(0.839224,0.623208)
(0.126707,0.25748)
(0.493034,-0.988424)
(0.168203,-1.1072)
(-0.558058,-0.569659)
(0.367174,-0.675959)
(0.313987,-0.851832)
(-0.140681,-0.200777)
(0.116504,-0.824636)
(0.000678845,-0.105901)
(-0.235655,0.0948733)
(-0.0120804,-0.694287)
(0.588318,0.247212)
(0.386796,-0.81851)
(-0.0573914,1.20433)
(-0.303953,0.116853)
(-0.341361,-0.520821)
(0.121526,1.29709)
(0.223687,-0.491914)
(-1.12403,0.359299)
(-0.647964,0.677425)
(0.570166,-0.796072)
(0.286511,-0.464596)
(-0.547705,-0.215502)
(-0.037259,0.450764)
(-0.188443,-0.0249626)
(0.0662657,-0.135422)
(0.132739,0.672384)
(0.468763,-0.289563)
(-0.00394465,0.778732)
(-0.42483,0.3433)
(-0.201581,-0.610529)
(-0.451274,-0.213981)
(-0.248643,-0.327027)
(-0.259389,-0.167446)
(0.423691,-0.78418)
(-0.0650168,0.684461)
(0.705527,-0.152377)
(-0.327182,0.954106)
(0.670861,-0.730141)
(-0.537388,-0.193899)
(0.474956,-0.18787)
(0.580626,-0.147705)
(-0.344394,0.333045)
(-0.386636,-0.410193)
(0.533454,0.333966)
(-0.343908,0.338718)
(0.694683,-0.0681718)
(-0.461211,-0.269746)
(0.13709,-0.226961)
(0.359939,-0.0318678)
(0.976566,0.697418)
(1.35144,0.83702)
(-1.47852,0.125421)
(0.0674016,0.423024)
(-0.0548455,0.392524)
(0.184597,-0.380488)
(-1.7472,0.122045)
(0.826376,-0.709767)
(0.218431,0.279241)
(1.02609,-0.878557)
(-0.0465097,-1.18474)
(-0.0364107,-0.405411)
(0.273097,-0.669097)
(-0.523403,0.042756)
(-0.131992,0.502546)
(0.64494,-0.0419971)
(0.913579,-0.575827)
(0.493607,0.379762)
(-0.510351,1.03693)
(0.13322,-0.367108)
(-0.482383,-0.920906)
(-0.0383554,-0.130242)
(0.994961,-0.450736)
(1.26867,-0.545135)
(0.27985,-0.0467144)
(-0.405492,-0.311174)
(-0.347212,-0.106684)
(-0.707002,0.135264)
(-0.0720091,0.0320543)
(0.404483,0.172)
(0.887801,-0.347549)
(0.133383,-0.00470325)
(-0.279453,0.219636)
(-0.00256601,-0.00393623)
(-0.832573,-0.151404)
(0.370199,-0.398469)
(1.28393,-0.25837)
(0.107213,-0.590224)
(0.38637,-0.554674)
(0.257234,0.648315)
(-0.349178,0.227951)
(-1.06102,-0.508993)
(-0.770575,-0.46927)
(0.00973556,-0.337633)
(0.026029,0.0679753)
(-0.425033,-0.298875)
(-0.1926,0.800328)
(0.40163,0.977388)
(0.0602467,-0.0740855)
(0.645868,0.0248041)
(-0.257691,-0.707306)
(-0.281157,-0.00411708)
(-0.519124,-0.363559)
(-0.302589,-0.599286)
(-0.305724,1.02578)
(0.828812,-0.578194)
(-0.904164,-1.5922)
(-0.342973,0.411142)
(-0.537716,-0.505875)
(0.134387,0.757173)
(0.565439,0.351404)
(0.273443,1.14982)
(-0.033256,-0.422785)
(-0.669906,0.23999)
(1.0063,0.610134)
(0.109223,0.400506)
(1.02644,0.53802)
(0.444806,-0.446468)
(0.978259,-0.23973)
(0.802132,-0.393831)
(0.481962,-0.385525)
(-0.10417,-0.3561)
(0.862081,0.124295)
(-1.18926,0.008757)
(0.810034,-0.772721)
(-0.182295,-0.0361046)
(-0.0909105,-0.0344128)
(-0.129006,0.618967)
(0.890854,-0.0412595)
(-0.0754329,-0.559711)
(-0.453359,-0.607737)
---------------------------
f_d = 0
---------------------------
(0.905651,-0.479094)
(-0.881497,0.368939)
(-0.0739138,-0.440598)
(-1.08301,-0.427018)
(-0.582575,0.512189)
(-0.0822554,-0.384579)
(-0.5939,0.472213)
(0.0485096,0.986029)
(-0.166547,1.43776)
(-0.288607,-0.538065)
(0.510269,-0.742679)
(0.254973,-0.381664)
(-0.0851692,0.120875)
(-0.0611166,-0.351366)
(-0.715087,-0.121708)
(0.310477,0.172067)
(-0.74397,0.132386)
(-0.18326,-0.190464)
(0.958301,0.337218)
(1.13058,-0.520847)
(-0.263756,-0.256194)
(-0.195547,0.865414)
(-0.111435,-1.03393)
(-1.46642,-0.127352)
(0.555534,-1.43136)
(0.519144,-0.427821)
(-1.02464,-0.174619)
(0.0278417,1.4385)
(0.609535,-0.469454)
(-0.841338,0.183545)
(0.454633,0.648493)
(0.675148,-0.750304)
(0.0356268,-0.753475)
(0.846246,-0.225677)
(0.202757,0.193533)
(0.864658,-0.156736)
(-1.01617,-0.883037)
(0.78949,-0.520025)
(0.195299,0.23056)
(1.10129,0.0109999)
(-0.0938405,0.203263)
(-0.10404,-0.140355)
(-0.372632,0.205921)
(0.116511,0.490597)
(-0.177345,0.369849)
(0.0516997,-0.692549)
(-0.441261,0.971503)
(0.578766,-0.316255)
(0.149635,-0.207538)
(-0.200936,-0.489911)
(0.189451,-0.587024)
(0.18744,-0.444302)
(0.219234,0.153715)
(-0.383131,1.20256)
(0.697059,0.487317)
(-0.249743,0.44466)
(0.429256,0.261835)
(0.0258211,1.08242)
(-0.822879,0.120071)
(0.0560749,-0.389225)
(-0.0738939,-0.838309)
(0.438147,-0.529088)
(-0.379475,0.204485)
(0.996027,-0.221657)
(0.101558,-0.135467)
(-0.382078,1.25528)
(-0.0808855,-0.482755)
(0.722707,-0.202955)
(-0.581505,-0.080005)
(0.0612234,0.476451)
(0.0208002,0.89024)
(-0.505264,-0.138591)
(0.0844359,0.0690707)
(-0.09042,0.511462)
(-0.400869,0.234945)
(0.63145,-0.632466)
(1.257,-0.281441)
(0.484744,-0.267852)
(-0.179809,0.841622)
(-0.517275,-0.417392)
(0.0920847,0.159518)
(-0.0763454,0.610889)
(0.0414778,0.0208695)
(1.29781,-0.244071)
(0.593491,-0.163081)
(0.0216081,-0.260292)
(0.682874,0.147869)
(-0.317096,-0.0126363)
(-0.260514,0.197152)
(-0.206644,0.939149)
(0.129414,-0.655666)
(0.761874,-0.624205)
(0.108497,-1.18842)
(-0.237037,0.0535936)
(0.108658,-0.0444106)
(-0.61722,0.0868852)
(0.172364,-0.388509)
(-0.693045,0.321419)
(-0.589514,0.0626621)
(0.80502,0.429724)
(0.0886289,-0.444093)
(-0.793717,0.0960383)
(0.788948,-0.603292)
(-0.924607,-0.730714)
(-0.455101,-0.42507)
(0.133784,-0.393717)
(0.195378,-0.192672)
(-0.326261,-0.1593)
(-0.0673329,-0.568469)
(-0.465788,-0.433778)
(0.0856015,0.149662)
(0.0118931,-0.0728879)
(0.368477,0.555812)
(-0.251418,-0.305371)
(0.153226,0.123749)
(0.202031,-0.384444)
(0.616334,-0.243969)
(-0.90535,0.452866)
(-0.0792423,-0.681951)
(0.0861496,0.000388163)
(-0.000135494,-0.393426)
(-0.4851,0.47027)
(-1.36285,0.054929)
(0.250185,-0.25744)
(-0.73509,-0.196537)
(0.159248,-0.0734501)
(-0.174361,-0.266033)
(-0.0744926,-0.31283)
(0.691546,-0.0658369)
(0.140088,-0.137446)
(-0.252743,1.24663)
(-0.681056,-0.187404)
(0.0200815,-0.169683)
(-0.626228,0.100289)
(-0.673039,-0.326966)
(-0.182882,0.185663)
(-0.259882,-0.554486)
(-1.03744,-0.285686)
(0.613924,-0.220931)
(-0.00649954,0.128858)
(0.494695,0.718347)
(0.098357,0.407141)
(-0.364106,-0.472986)
(0.289652,-0.0387342)
(0.621704,0.152278)
(-0.79841,-0.131202)
(0.593445,0.442629)
(-0.473502,-1.00844)
(0.536058,-0.000333906)
(-0.548099,-0.564438)
(-0.303525,-0.194208)
(0.101126,-0.478475)
(-0.0124246,-0.984951)
(0.16771,-0.295071)
(-0.0427611,0.474222)
(0.293209,0.813979)
(-1.1724,0.502402)
(-0.164977,-0.691924)
(0.147966,-0.154051)
(-0.600079,-0.832242)
(0.695114,-0.991788)
(-0.127848,-0.658371)
(0.425676,-0.15133)
(0.16085,-0.476216)
(-0.157975,0.577357)
(-0.317064,0.371777)
(-0.264341,0.524291)
(-0.11414,-0.1029)
(0.386483,0.574297)
(0.0320961,-0.169867)
(-0.0462676,0.414979)
(0.0838546,-0.513023)
(-0.62524,-1.19814)
(0.108186,1.03134)
(0.480522,-0.473225)
(0.672846,-0.724725)
(0.166894,0.426191)
(-0.300472,0.222358)
(0.207675,-0.0191372)
(-0.9738,0.531401)
(0.390581,0.270563)
(0.277575,-0.149376)
(-0.542515,0.0447192)
(0.792593,-0.0273003)
(0.643074,0.119028)
(-0.196565,0.895399)
(-0.137315,-0.81438)
(0.403892,-0.663668)
(-0.0684031,0.327674)
(-0.377622,-0.235919)
(0.221261,0.502135)
(-0.516313,-0.5612)
(-0.831485,-0.31648)
(-0.446533,0.15318)
(-0.533548,-0.0244977)
(0.642227,-0.197138)
(-0.33141,0.105245)
(0.0182473,0.163871)
(0.270667,-0.490162)
(-0.0177755,0.154497)
(0.823385,-0.345061)
(0.509108,0.642967)
(0.594866,0.690817)
(0.369865,0.46929)
(-0.100885,-0.116124)
(-0.224099,-0.680732)
(-0.0732783,0.184079)
(0.527962,-0.948588)
(-0.309705,-0.524167)
(0.870778,0.652434)
(0.344263,-0.213606)
(0.01239,0.571719)
(0.25964,-0.0724961)
(0.710016,-0.824806)
(0.392175,0.439823)
(-0.156449,0.616555)
(1.12569,0.310768)
(-0.0993819,-0.44442)
(0.302599,0.402942)
(0.79692,0.111755)
(-0.329599,-0.0795643)
(-1.59067,1.15363)
(-0.59477,0.321288)
(-0.360508,0.212972)
(1.06904,-0.236403)
(0.0996523,0.123857)
(-0.70278,-0.164225)
(1.0413,0.751724)
(0.274224,-0.144098)
(-0.208193,0.267697)
(-0.416883,0.231694)
(1.06257,0.226563)
(0.908453,-0.703514)
(0.0256218,-0.0528265)
(0.458572,0.0548811)
(0.459371,0.0756936)
(-0.218978,-0.0336487)
(0.557178,-1.09218)
(-0.0555803,0.86898)
(0.837479,-0.300059)
(-0.836451,-0.566021)
(-0.342986,0.0826038)
(-0.252419,0.296352)
(0.594952,-0.109522)
(-0.206057,0.20387)
(0.452627,1.10617)
(-0.762244,-1.04493)
(0.298399,-0.312917)
(-0.916668,-0.471143)
(0.0812441,0.23999)
(-0.06689,-0.703712)
(-0.650994,0.966454)
(-0.203614,-0.228073)
(-0.779675,-0.288499)
(-0.828481,0.544481)
(0.252351,0.0606741)
(-0.33078,-0.573037)
(-0.0280149,-0.103761)
(-0.907074,0.192219)
(-0.772146,0.962126)
(0.425907,0.712535)
(0.242679,0.766091)
(-0.684052,-0.270334)
(-0.0542634,-0.383808)
(-1.01486,-0.112697)
(-0.45397,-0.0772143)
(-0.486377,-0.792579)
(0.83924,0.623223)
(0.126705,0.257467)
(0.493061,-0.988396)
(0.168174,-1.10719)
(-0.558053,-0.569662)
(0.367174,-0.675965)
(0.314016,-0.851816)
(-0.140672,-0.200767)
(0.116514,-0.824607)
(0.000687061,-0.105894)
(-0.235671,0.0948541)
(-0.0120713,-0.694301)
(0.588302,0.247217)
(0.386807,-0.818515)
(-0.057406,1.20433)
(-0.303944,0.116883)
(-0.341339,-0.520825)
(0.121527,1.29706)
(0.223685,-0.491918)
(-1.12402,0.359288)
(-0.64801,0.677415)
(0.570136,-0.796072)
(0.286519,-0.464561)
(-0.54772,-0.215508)
(-0.0372507,0.450781)
(-0.188462,-0.0249895)
(0.0662554,-0.135402)
(0.132731,0.672376)
(0.468778,-0.289548)
(-0.00394069,0.778722)
(-0.424835,0.343287)
(-0.201592,-0.610539)
(-0.45129,-0.213963)
(-0.248653,-0.327)
(-0.259425,-0.16743)
(0.423702,-0.784139)
(-0.0650104,0.684432)
(0.705487,-0.152398)
(-0.327179,0.954135)
(0.670837,-0.730174)
(-0.537375,-0.193922)
(0.474933,-0.187885)
(0.580603,-0.14771)
(-0.344408,0.333067)
(-0.386602,-0.410155)
(0.533422,0.33394)
(-0.343924,0.338741)
(0.69466,-0.0681585)
(-0.461234,-0.269703)
(0.137083,-0.226964)
(0.359945,-0.0318441)
(0.976555,0.697435)
(1.35146,0.837026)
(-1.47852,0.125447)
(0.0674309,0.423018)
(-0.054837,0.392532)
(0.184593,-0.380463)
(-1.74719,0.12205)
(0.826366,-0.709744)
(0.218389,0.279216)
(1.02603,-0.878541)
(-0.0465007,-1.18472)
(-0.0364212,-0.405428)
(0.273085,-0.669094)
(-0.523419,0.042742)
(-0.131992,0.502562)
(0.644925,-0.041987)
(0.913594,-0.575858)
(0.493702,0.379691)
(-0.510329,1.03689)
(0.133225,-0.367114)
(-0.482364,-0.920893)
(-0.0383626,-0.130215)
(0.994972,-0.450721)
(1.26868,-0.545142)
(0.279887,-0.0467297)
(-0.405482,-0.311213)
(-0.347239,-0.106706)
(-0.707029,0.135293)
(-0.0720042,0.0320335)
(0.404486,0.172046)
(0.887772,-0.347577)
(0.133418,-0.00468362)
(-0.279421,0.219629)
(-0.00254538,-0.00397075)
(-0.832564,-0.151435)
(0.370209,-0.398495)
(1.28398,-0.258387)
(0.107203,-0.590225)
(0.386381,-0.554664)
(0.257217,0.648331)
(-0.349174,0.227942)
(-1.06104,-0.508979)
(-0.770585,-0.469263)
(0.00972135,-0.337652)
(0.0260452,0.0680153)
(-0.424976,-0.298866)
(-0.192602,0.80026)
(0.4016,0.977334)
(0.0602753,-0.0740503)
(0.645848,0.0247511)
(-0.257723,-0.707258)
(-0.281145,-0.0040824)
(-0.519119,-0.363529)
(-0.302557,-0.599291)
(-0.305742,1.02576)
(0.828803,-0.578214)
(-0.904196,-1.59217)
(-0.342963,0.411115)
(-0.537683,-0.505856)
(0.134447,0.757176)
(0.565444,0.351349)
(0.273408,1.14984)
(-0.0332446,-0.422765)
(-0.669841,0.240003)
(1.00631,0.610128)
(0.109209,0.400522)
(1.02644,0.538007)
(0.444818,-0.446413)
(0.978248,-0.239725)
(0.802141,-0.393808)
(0.481938,-0.385561)
(-0.104192,-0.35607)
(0.862125,0.124287)
(-1.18925,0.00877189)
(0.809986,-0.772737)
(-0.182277,-0.0361127)
(-0.090927,-0.0344166)
(-0.129037,0.619002)
(0.890839,-0.0412555)
(-0.0754068,-0.559663)
(-0.453333,-0.607789)
(-0.220905,0.0566407)
---------------------------
f_d = 1000
---------------------------
(-0.881496,0.368939)
(-0.0739137,-0.440599)
(-1.08301,-0.427018)
(-0.582576,0.51219)
(-0.082256,-0.384578)
(-0.5939,0.472212)
(0.0485105,0.986029)
(-0.166547,1.43776)
(-0.28861,-0.538063)
(0.51027,-0.742679)
(0.254972,-0.381665)
(-0.0851698,0.120874)
(-0.0611168,-0.351363)
(-0.715085,-0.121709)
(0.310476,0.172066)
(-0.743968,0.132386)
(-0.183267,-0.190464)
(0.9583,0.337219)
(1.13058,-0.520846)
(-0.263755,-0.256193)
(-0.195538,0.865415)
(-0.111435,-1.03393)
(-1.46642,-0.127347)
(0.555537,-1.43135)
(0.519142,-0.427821)
(-1.02464,-0.174617)
(0.0278417,1.4385)
(0.609536,-0.469453)
(-0.84134,0.183549)
(0.454631,0.648494)
(0.675143,-0.750304)
(0.0356277,-0.753474)
(0.84624,-0.225691)
(0.202759,0.193537)
(0.864659,-0.156737)
(-1.01617,-0.88304)
(0.789492,-0.520028)
(0.195295,0.23056)
(1.10129,0.0109961)
(-0.0938397,0.203262)
(-0.104036,-0.140353)
(-0.372626,0.20592)
(0.116505,0.490593)
(-0.177343,0.36985)
(0.0517064,-0.692553)
(-0.441264,0.971502)
(0.578766,-0.316255)
(0.149631,-0.207532)
(-0.200935,-0.48991)
(0.189453,-0.587029)
(0.18744,-0.444304)
(0.219239,0.153705)
(-0.383134,1.20256)
(0.697064,0.487323)
(-0.249738,0.44465)
(0.429253,0.261842)
(0.0258138,1.08242)
(-0.822887,0.120073)
(0.0560739,-0.389221)
(-0.0738969,-0.838308)
(0.438142,-0.5291)
(-0.379474,0.204478)
(0.996018,-0.221652)
(0.10156,-0.135454)
(-0.382078,1.25528)
(-0.0809082,-0.48275)
(0.722703,-0.202949)
(-0.58151,-0.0800017)
(0.0612214,0.476455)
(0.0208014,0.890236)
(-0.505257,-0.13859)
(0.0844332,0.0690638)
(-0.0904181,0.511463)
(-0.400866,0.234948)
(0.631448,-0.632466)
(1.257,-0.281446)
(0.484742,-0.26785)
(-0.179809,0.841625)
(-0.517275,-0.417398)
(0.0920918,0.159523)
(-0.07635,0.610884)
(0.0414762,0.0208715)
(1.29781,-0.244074)
(0.593496,-0.163095)
(0.021606,-0.260293)
(0.682863,0.147857)
(-0.31709,-0.0126492)
(-0.26052,0.197151)
(-0.206647,0.939151)
(0.129419,-0.65566)
(0.76189,-0.624212)
(0.108492,-1.18842)
(-0.237046,0.0535852)
(0.108649,-0.0444143)
(-0.617218,0.0868901)
(0.17236,-0.38851)
(-0.693035,0.321415)
(-0.589525,0.0626609)
(0.805014,0.42972)
(0.088625,-0.444098)
(-0.793722,0.0960454)
(0.788956,-0.603284)
(-0.924612,-0.730692)
(-0.455096,-0.425067)
(0.133791,-0.393728)
(0.195371,-0.192675)
(-0.326254,-0.159281)
(-0.0673331,-0.568462)
(-0.465788,-0.433785)
(0.0856045,0.149681)
(0.0119069,-0.0728917)
(0.368458,0.555814)
(-0.25143,-0.305361)
(0.153222,0.123749)
(0.202032,-0.38444)
(0.616328,-0.243961)
(-0.905358,0.452871)
(-0.0792336,-0.681953)
(0.0861412,0.000375467)
(-0.000145176,-0.393419)
(-0.4851,0.470274)
(-1.36284,0.054977)
(0.250195,-0.257435)
(-0.735094,-0.196542)
(0.159256,-0.0734388)
(-0.174364,-0.26603)
(-0.0745004,-0.312821)
(0.691541,-0.0658118)
(0.14008,-0.137461)
(-0.252741,1.24664)
(-0.681077,-0.187359)
(0.0200884,-0.169668)
(-0.626225,0.100282)
(-0.673032,-0.326974)
(-0.182894,0.185639)
(-0.259871,-0.554489)
(-1.03745,-0.28569)
(0.613926,-0.220929)
(-0.00649028,0.128852)
(0.494697,0.718351)
(0.0983655,0.407151)
(-0.364102,-0.47298)
(0.289664,-0.0387484)
(0.621683,0.15227)
(-0.798416,-0.131189)
(0.593447,0.442634)
(-0.473493,-1.00844)
(0.53606,-0.000361337)
(-0.548101,-0.564454)
(-0.303522,-0.1942)
(0.101134,-0.478447)
(-0.0124096,-0.984969)
(0.167706,-0.295081)
(-0.0427704,0.474234)
(0.293212,0.813967)
(-1.1724,0.502418)
(-0.164964,-0.691939)
(0.147966,-0.154053)
(-0.600073,-0.832236)
(0.695122,-0.991783)
(-0.127845,-0.658366)
(0.425685,-0.151328)
(0.160857,-0.476205)
(-0.157974,0.57736)
(-0.317053,0.371796)
(-0.264321,0.524282)
(-0.114134,-0.102904)
(0.386506,0.574283)
(0.032091,-0.169855)
(-0.0462738,0.414993)
(0.0838559,-0.513035)
(-0.62524,-1.19812)
(0.108194,1.03133)
(0.480501,-0.473221)
(0.672859,-0.724734)
(0.166901,0.426197)
(-0.300471,0.222356)
(0.207675,-0.019134)
(-0.973816,0.531412)
(0.390587,0.270555)
(0.277564,-0.149381)
(-0.542536,0.0447222)
(0.792584,-0.0273278)
(0.643057,0.119033)
(-0.196555,0.895418)
(-0.137309,-0.814396)
(0.403893,-0.663669)
(-0.0684151,0.327664)
(-0.377634,-0.235906)
(0.2213,0.502128)
(-0.516323,-0.561194)
(-0.831484,-0.316482)
(-0.446545,0.153171)
(-0.533556,-0.0245233)
(0.642219,-0.197109)
(-0.331412,0.105254)
(0.0182506,0.163863)
(0.270667,-0.490142)
(-0.0177559,0.154513)
(0.823396,-0.345077)
(0.509131,0.642967)
(0.59487,0.690796)
(0.369861,0.469285)
(-0.100881,-0.116148)
(-0.224133,-0.680703)
(-0.0732719,0.184097)
(0.527979,-0.948599)
(-0.309691,-0.524168)
(0.870789,0.652431)
(0.344272,-0.21362)
(0.0123782,0.571732)
(0.259635,-0.0725095)
(0.710025,-0.824813)
(0.392175,0.439798)
(-0.156431,0.616563)
(1.12568,0.310771)
(-0.0993901,-0.4444)
(0.302594,0.402943)
(0.796904,0.111796)
(-0.329592,-0.0795655)
(-1.59069,1.15362)
(-0.594793,0.32128)
(-0.360504,0.212974)
(1.06906,-0.236432)
(0.0996147,0.12385)
(-0.702801,-0.164229)
(1.04129,0.751713)
(0.274227,-0.144104)
(-0.208202,0.267684)
(-0.416892,0.231685)
(1.06259,0.226562)
(0.908457,-0.703526)
(0.025613,-0.052824)
(0.45858,0.0548867)
(0.459332,0.0757007)
(-0.218969,-0.0336539)
(0.55718,-1.0922)
(-0.0556292,0.868982)
(0.837497,-0.300045)
(-0.836426,-0.566032)
(-0.342985,0.0826024)
(-0.252416,0.296336)
(0.594973,-0.109523)
(-0.206054,0.203865)
(0.452623,1.10618)
(-0.76225,-1.0449)
(0.298422,-0.312917)
(-0.916674,-0.471146)
(0.081216,0.23999)
(-0.0668584,-0.703681)
(-0.650976,0.966462)
(-0.203606,-0.228093)
(-0.77967,-0.288488)
(-0.828488,0.544462)
(0.252347,0.0606566)
(-0.330762,-0.573001)
(-0.0280144,-0.103821)
(-0.907099,0.192233)
(-0.772137,0.962119)
(0.425902,0.712554)
(0.242786,0.76615)
(-0.684069,-0.270328)
(-0.0542166,-0.383799)
(-1.01487,-0.112706)
(-0.45395,-0.0772338)
(-0.486371,-0.792598)
(0.839218,0.623206)
(0.126671,0.257498)
(0.493055,-0.988423)
(0.168158,-1.10716)
(-0.558038,-0.569664)
(0.367187,-0.675956)
(0.313979,-0.851819)
(-0.140674,-0.200752)
(0.116505,-0.824647)
(0.000676902,-0.105881)
(-0.235661,0.0948892)
(-0.0120523,-0.694279)
(0.588347,0.247242)
(0.386815,-0.818505)
(-0.0574036,1.20432)
(-0.303963,0.116866)
(-0.341373,-0.520809)
(0.121561,1.29708)
(0.223706,-0.491931)
(-1.12404,0.359284)
(-0.647992,0.677421)
(0.570147,-0.796093)
(0.286487,-0.464592)
(-0.547725,-0.215491)
(-0.0372463,0.450754)
(-0.188476,-0.0249559)
(0.0662742,-0.135404)
(0.132741,0.67239)
(0.468766,-0.289562)
(-0.00392598,0.778729)
(-0.424834,0.343291)
(-0.201555,-0.610549)
(-0.451278,-0.213972)
(-0.248654,-0.327036)
(-0.259441,-0.167455)
(0.423688,-0.784181)
(-0.0650058,0.684466)
(0.705503,-0.152398)
(-0.327164,0.954105)
(0.670866,-0.730155)
(-0.537375,-0.193958)
(0.474953,-0.187898)
(0.580599,-0.147699)
(-0.344412,0.333069)
(-0.386622,-0.41018)
(0.533418,0.333963)
(-0.343908,0.338697)
(0.69467,-0.0681497)
(-0.461212,-0.269711)
(0.137091,-0.226958)
(0.359942,-0.0318472)
(0.976559,0.697444)
(1.35144,0.836991)
(-1.47851,0.12543)
(0.0673998,0.423021)
(-0.0548304,0.392518)
(0.184596,-0.380474)
(-1.74721,0.122051)
(0.826372,-0.709756)
(0.218393,0.279206)
(1.02608,-0.878554)
(-0.0465094,-1.18478)
(-0.0364359,-0.405405)
(0.273098,-0.669065)
(-0.52343,0.0427485)
(-0.131981,0.502546)
(0.64493,-0.0419641)
(0.913598,-0.575851)
(0.493708,0.379687)
(-0.510202,1.03705)
(0.133267,-0.36712)
(-0.48236,-0.920895)
(-0.0383586,-0.130222)
(0.994955,-0.450723)
(1.26868,-0.545119)
(0.279895,-0.0467219)
(-0.40546,-0.311165)
(-0.347226,-0.10671)
(-0.707011,0.135267)
(-0.0720017,0.0320184)
(0.404524,0.172017)
(0.887792,-0.347525)
(0.13345,-0.00469364)
(-0.279424,0.219652)
(-0.00254098,-0.0039622)
(-0.83257,-0.151417)
(0.370197,-0.398461)
(1.28396,-0.258343)
(0.10722,-0.590204)
(0.386354,-0.554664)
(0.257207,0.648329)
(-0.349171,0.227942)
(-1.06103,-0.509024)
(-0.770578,-0.469279)
(0.00973926,-0.337639)
(0.0260689,0.0679931)
(-0.42502,-0.298863)
(-0.192621,0.800272)
(0.401625,0.977338)
(0.0602958,-0.0740473)
(0.645822,0.0248129)
(-0.257705,-0.707299)
(-0.281183,-0.00407061)
(-0.519142,-0.363551)
(-0.302568,-0.599267)
(-0.305674,1.02576)
(0.828826,-0.578224)
(-0.90419,-1.59219)
(-0.343,0.41112)
(-0.537678,-0.505807)
(0.134427,0.757202)
(0.565429,0.35137)
(0.273391,1.14976)
(-0.0333167,-0.422793)
(-0.669833,0.240007)
(1.00633,0.610121)
(0.109224,0.40051)
(1.02639,0.538008)
(0.444833,-0.446428)
(0.978258,-0.239684)
(0.802138,-0.393817)
(0.481954,-0.385565)
(-0.10419,-0.356087)
(0.862093,0.124288)
(-1.18922,0.00876527)
(0.810009,-0.772761)
(-0.182306,-0.0361725)
(-0.0909438,-0.0344266)
(-0.129074,0.618998)
(0.890828,-0.0412799)
(-0.0754198,-0.559669)
(-0.453372,-0.607744)
(-0.220869,0.0566216)
(0.905643,-0.479156)
---------------------------
f_d = 2000
---------------------------
(-0.0739137,-0.440599)
(-1.08301,-0.427017)
(-0.582574,0.51219)
(-0.0822563,-0.384578)
(-0.593899,0.472213)
(0.0485114,0.986027)
(-0.166547,1.43776)
(-0.288609,-0.538063)
(0.510267,-0.742679)
(0.254973,-0.381664)
(-0.0851687,0.120874)
(-0.0611167,-0.351366)
(-0.715087,-0.121705)
(0.310477,0.172067)
(-0.743969,0.132387)
(-0.183265,-0.190462)
(0.958301,0.337212)
(1.13058,-0.520846)
(-0.263757,-0.256191)
(-0.195539,0.865417)
(-0.111438,-1.03393)
(-1.46642,-0.12735)
(0.555534,-1.43135)
(0.519142,-0.427822)
(-1.02464,-0.174619)
(0.027847,1.43849)
(0.609537,-0.469455)
(-0.84134,0.183547)
(0.454627,0.648494)
(0.675145,-0.750306)
(0.0356242,-0.753475)
(0.846241,-0.225686)
(0.20276,0.193531)
(0.864656,-0.156734)
(-1.01617,-0.883039)
(0.789493,-0.520025)
(0.195295,0.230561)
(1.10129,0.0109961)
(-0.0938385,0.203262)
(-0.104039,-0.140352)
(-0.372625,0.205922)
(0.116515,0.490597)
(-0.177343,0.369849)
(0.0516996,-0.69255)
(-0.441262,0.971508)
(0.578763,-0.316253)
(0.149633,-0.207536)
(-0.200933,-0.489909)
(0.18945,-0.587027)
(0.18744,-0.444299)
(0.21924,0.153705)
(-0.383123,1.20256)
(0.697064,0.487323)
(-0.249746,0.444661)
(0.42925,0.261842)
(0.0258125,1.08242)
(-0.822884,0.120069)
(0.0560749,-0.389223)
(-0.0738948,-0.838304)
(0.438143,-0.529098)
(-0.379468,0.20448)
(0.996017,-0.221653)
(0.101551,-0.135459)
(-0.382099,1.25528)
(-0.0809045,-0.482753)
(0.722713,-0.202976)
(-0.58151,-0.0800007)
(0.0612239,0.476451)
(0.0207937,0.89024)
(-0.505252,-0.138592)
(0.0844305,0.0690656)
(-0.0904189,0.511463)
(-0.40087,0.234949)
(0.631448,-0.632466)
(1.257,-0.281447)
(0.484737,-0.267856)
(-0.179809,0.841615)
(-0.517276,-0.417393)
(0.0920876,0.159518)
(-0.076353,0.610884)
(0.0414769,0.0208646)
(1.29781,-0.244068)
(0.593494,-0.163092)
(0.0216115,-0.260288)
(0.682869,0.147867)
(-0.317088,-0.012637)
(-0.260515,0.197156)
(-0.206644,0.939146)
(0.129422,-0.65566)
(0.761882,-0.624212)
(0.108499,-1.18841)
(-0.237043,0.0535896)
(0.108657,-0.0444159)
(-0.61721,0.0868893)
(0.172359,-0.388512)
(-0.693035,0.321407)
(-0.58951,0.0626681)
(0.805004,0.429716)
(0.0886229,-0.444097)
(-0.793717,0.0960446)
(0.788944,-0.603283)
(-0.924609,-0.730684)
(-0.455099,-0.42506)
(0.133787,-0.393722)
(0.195372,-0.192667)
(-0.326259,-0.159274)
(-0.0673375,-0.568463)
(-0.465784,-0.433782)
(0.0856053,0.149671)
(0.0118857,-0.0728823)
(0.368469,0.55581)
(-0.251429,-0.305367)
(0.153219,0.123747)
(0.202031,-0.384439)
(0.616328,-0.243961)
(-0.905359,0.452877)
(-0.0792317,-0.681955)
(0.0861548,0.000385608)
(-0.000129003,-0.393422)
(-0.48512,0.470262)
(-1.36285,0.0549778)
(0.250192,-0.25744)
(-0.735096,-0.196539)
(0.15925,-0.0734598)
(-0.174367,-0.26603)
(-0.0745033,-0.312821)
(0.691547,-0.0658127)
(0.140075,-0.13743)
(-0.252747,1.24662)
(-0.681073,-0.187358)
(0.020082,-0.169677)
(-0.626233,0.10029)
(-0.673028,-0.326965)
(-0.182882,0.185657)
(-0.259854,-0.554502)
(-1.03745,-0.285687)
(0.613911,-0.220929)
(-0.00650647,0.128858)
(0.494692,0.718357)
(0.0983607,0.407138)
(-0.364105,-0.47298)
(0.289652,-0.0387422)
(0.621702,0.152279)
(-0.798417,-0.131197)
(0.593435,0.442632)
(-0.473501,-1.00843)
(0.536059,-0.00033677)
(-0.548088,-0.564435)
(-0.303523,-0.194199)
(0.101133,-0.478446)
(-0.0124096,-0.984967)
(0.16771,-0.295066)
(-0.042762,0.474234)
(0.2932,0.813979)
(-1.17239,0.502414)
(-0.164977,-0.691926)
(0.147978,-0.154048)
(-0.600076,-0.832224)
(0.695124,-0.991794)
(-0.127854,-0.658363)
(0.425681,-0.151329)
(0.160859,-0.476198)
(-0.157984,0.577362)
(-0.317053,0.371771)
(-0.264324,0.524293)
(-0.114133,-0.102915)
(0.38651,0.5743)
(0.0320824,-0.169858)
(-0.046289,0.414973)
(0.0838547,-0.513039)
(-0.625238,-1.19813)
(0.108184,1.03136)
(0.480533,-0.47322)
(0.672847,-0.724733)
(0.166906,0.426197)
(-0.300476,0.222347)
(0.207663,-0.0191503)
(-0.973813,0.531393)
(0.390578,0.270567)
(0.277572,-0.149384)
(-0.542525,0.0447038)
(0.792593,-0.0273156)
(0.643059,0.119034)
(-0.196553,0.895408)
(-0.137302,-0.814369)
(0.40389,-0.663673)
(-0.06843,0.327667)
(-0.377608,-0.235915)
(0.221273,0.50212)
(-0.516307,-0.561185)
(-0.831495,-0.316471)
(-0.446539,0.153162)
(-0.533555,-0.0245061)
(0.642243,-0.197136)
(-0.331417,0.105261)
(0.0182451,0.163863)
(0.270653,-0.490154)
(-0.0177794,0.154506)
(0.823383,-0.345063)
(0.509141,0.642959)
(0.594872,0.690796)
(0.36986,0.469279)
(-0.10089,-0.11615)
(-0.224133,-0.680692)
(-0.0732954,0.184136)
(0.527977,-0.948581)
(-0.30969,-0.524189)
(0.870758,0.652449)
(0.344261,-0.213605)
(0.012384,0.571736)
(0.259606,-0.0725037)
(0.710044,-0.824819)
(0.392181,0.43981)
(-0.156428,0.61658)
(1.12569,0.310783)
(-0.0994093,-0.444428)
(0.302595,0.402948)
(0.796915,0.111794)
(-0.329626,-0.0795734)
(-1.59067,1.15363)
(-0.594774,0.321295)
(-0.360506,0.212967)
(1.06909,-0.236412)
(0.0996596,0.123846)
(-0.702799,-0.16427)
(1.04129,0.751709)
(0.27422,-0.14412)
(-0.208206,0.267702)
(-0.416907,0.231678)
(1.06258,0.226551)
(0.908449,-0.703492)
(0.0256068,-0.0528311)
(0.458587,0.0548632)
(0.45934,0.0757158)
(-0.218992,-0.0336732)
(0.557176,-1.09218)
(-0.0556128,0.868981)
(0.837462,-0.300055)
(-0.836464,-0.566006)
(-0.342992,0.082617)
(-0.252423,0.296329)
(0.594988,-0.109554)
(-0.206047,0.203918)
(0.452624,1.10618)
(-0.762241,-1.04494)
(0.2984,-0.312933)
(-0.916668,-0.471156)
(0.081192,0.239999)
(-0.0668847,-0.703688)
(-0.650977,0.966496)
(-0.203597,-0.228092)
(-0.779654,-0.288479)
(-0.828481,0.544486)
(0.252347,0.0606529)
(-0.330737,-0.573001)
(-0.0279942,-0.1038)
(-0.907072,0.192189)
(-0.772144,0.962113)
(0.4259,0.712533)
(0.242762,0.766163)
(-0.684087,-0.270173)
(-0.0542143,-0.383825)
(-1.01485,-0.11268)
(-0.453966,-0.0772266)
(-0.486338,-0.792581)
(0.839217,0.623222)
(0.126701,0.257464)
(0.493051,-0.988418)
(0.168167,-1.10716)
(-0.558056,-0.569659)
(0.367169,-0.675927)
(0.314002,-0.851811)
(-0.140672,-0.200786)
(0.116498,-0.824628)
(0.000722933,-0.105891)
(-0.235683,0.0948774)
(-0.0120855,-0.694284)
(0.588342,0.247243)
(0.386803,-0.818498)
(-0.0574069,1.20432)
(-0.30393,0.116868)
(-0.341336,-0.520823)
(0.121517,1.29706)
(0.223703,-0.491915)
(-1.124,0.359297)
(-0.647974,0.677398)
(0.570156,-0.796094)
(0.286507,-0.464587)
(-0.547708,-0.21552)
(-0.0372724,0.450763)
(-0.188459,-0.0249786)
(0.0662643,-0.13541)
(0.132749,0.672377)
(0.468769,-0.289531)
(-0.00393919,0.778712)
(-0.424827,0.343313)
(-0.201537,-0.610536)
(-0.451267,-0.213973)
(-0.248654,-0.327021)
(-0.259425,-0.167432)
(0.423698,-0.784168)
(-0.0649766,0.68443)
(0.705482,-0.152384)
(-0.327158,0.954094)
(0.670865,-0.73015)
(-0.537387,-0.193911)
(0.474978,-0.187879)
(0.580618,-0.1477)
(-0.344408,0.333059)
(-0.38662,-0.410193)
(0.533429,0.333956)
(-0.343927,0.338723)
(0.694683,-0.0681882)
(-0.461243,-0.269716)
(0.13708,-0.226954)
(0.359924,-0.0318451)
(0.976562,0.697434)
(1.35143,0.836997)
(-1.4785,0.125409)
(0.0674267,0.423026)
(-0.0548503,0.392492)
(0.18461,-0.380473)
(-1.74722,0.122051)
(0.826357,-0.709766)
(0.218385,0.27921)
(1.02606,-0.878546)
(-0.0465158,-1.18475)
(-0.0364021,-0.405423)
(0.273101,-0.669113)
(-0.523441,0.0427475)
(-0.132012,0.50253)
(0.644924,-0.0419714)
(0.913563,-0.575855)
(0.493696,0.379716)
(-0.510208,1.03701)
(0.133191,-0.367042)
(-0.48235,-0.920875)
(-0.0383424,-0.130208)
(0.994963,-0.450715)
(1.26865,-0.54514)
(0.279888,-0.0467371)
(-0.405472,-0.311186)
(-0.347218,-0.10671)
(-0.707021,0.135276)
(-0.0720213,0.0320332)
(0.404503,0.172024)
(0.88779,-0.347508)
(0.133427,-0.00466711)
(-0.279404,0.219639)
(-0.00253669,-0.00394133)
(-0.832575,-0.151433)
(0.370188,-0.398463)
(1.28395,-0.258401)
(0.107174,-0.590221)
(0.386376,-0.554658)
(0.25723,0.64831)
(-0.349196,0.227938)
(-1.06105,-0.50897)
(-0.770517,-0.469235)
(0.00975132,-0.33765)
(0.0260438,0.0680012)
(-0.424987,-0.298886)
(-0.19261,0.800264)
(0.401644,0.977353)
(0.0603042,-0.074087)
(0.64585,0.0247855)
(-0.25771,-0.707291)
(-0.281177,-0.00410556)
(-0.519172,-0.363562)
(-0.302557,-0.599262)
(-0.305716,1.02576)
(0.828814,-0.578193)
(-0.904198,-1.59219)
(-0.342987,0.411123)
(-0.537728,-0.505881)
(0.134426,0.757202)
(0.565435,0.351391)
(0.273425,1.14978)
(-0.0332433,-0.422794)
(-0.66986,0.239979)
(1.00634,0.610189)
(0.109256,0.400537)
(1.02642,0.538026)
(0.444811,-0.446476)
(0.978247,-0.239679)
(0.802104,-0.393808)
(0.481947,-0.385579)
(-0.104165,-0.356082)
(0.86212,0.124284)
(-1.18923,0.00876274)
(0.810038,-0.772689)
(-0.182267,-0.0361581)
(-0.0908721,-0.0344636)
(-0.128996,0.618941)
(0.890831,-0.0413117)
(-0.0754237,-0.559686)
(-0.453351,-0.607743)
(-0.220863,0.0566533)
(0.905669,-0.47911)
(-0.881439,0.368961)
---------------------------
f_d = 3000
---------------------------
(-1.08301,-0.427019)
(-0.582579,0.512186)
(-0.0822618,-0.384584)
(-0.593902,0.472206)
(0.0485096,0.986021)
(-0.166545,1.43775)
(-0.288609,-0.538069)
(0.510269,-0.742685)
(0.254975,-0.381672)
(-0.0851659,0.12087)
(-0.0611134,-0.35137)
(-0.715083,-0.12171)
(0.310479,0.172065)
(-0.743964,0.132385)
(-0.183262,-0.190462)
(0.958302,0.337214)
(1.13059,-0.520853)
(-0.263756,-0.256197)
(-0.195538,0.865411)
(-0.111432,-1.03393)
(-1.46641,-0.127344)
(0.555544,-1.43136)
(0.519153,-0.42782)
(-1.02463,-0.174615)
(0.0278555,1.4385)
(0.60954,-0.469451)
(-0.841334,0.183551)
(0.454635,0.648498)
(0.675149,-0.750304)
(0.0356361,-0.753468)
(0.84625,-0.225683)
(0.202764,0.193542)
(0.864668,-0.15673)
(-1.01617,-0.883024)
(0.789491,-0.520012)
(0.195296,0.230574)
(1.10128,0.0110104)
(-0.0938482,0.203272)
(-0.104047,-0.140342)
(-0.372639,0.205927)
(0.116504,0.490597)
(-0.17735,0.369852)
(0.0516919,-0.692553)
(-0.441263,0.971506)
(0.578766,-0.316253)
(0.149634,-0.207533)
(-0.200929,-0.489902)
(0.189449,-0.587014)
(0.187439,-0.444289)
(0.219228,0.153716)
(-0.383133,1.20257)
(0.697054,0.487321)
(-0.249757,0.444661)
(0.429233,0.261834)
(0.0258065,1.08241)
(-0.822886,0.120065)
(0.0560744,-0.389228)
(-0.0738917,-0.83831)
(0.438145,-0.529097)
(-0.379469,0.204484)
(0.996022,-0.221655)
(0.101547,-0.135451)
(-0.3821,1.25528)
(-0.0809084,-0.48275)
(0.722701,-0.202972)
(-0.58151,-0.079994)
(0.0612133,0.476451)
(0.0207972,0.89023)
(-0.505258,-0.138603)
(0.0844339,0.0690652)
(-0.0904188,0.511459)
(-0.400867,0.234947)
(0.631453,-0.632467)
(1.257,-0.28144)
(0.484745,-0.267846)
(-0.179816,0.841617)
(-0.517279,-0.417394)
(0.092083,0.159521)
(-0.0763537,0.610883)
(0.0414728,0.0208697)
(1.29781,-0.244065)
(0.593488,-0.163086)
(0.0216067,-0.260296)
(0.682878,0.147841)
(-0.317104,-0.0126446)
(-0.260532,0.197144)
(-0.206643,0.939146)
(0.129412,-0.655669)
(0.761882,-0.624221)
(0.108496,-1.18842)
(-0.237042,0.0535889)
(0.10865,-0.0444179)
(-0.617223,0.0868854)
(0.172356,-0.388512)
(-0.693041,0.321411)
(-0.589508,0.0626502)
(0.805001,0.429706)
(0.0886215,-0.444121)
(-0.793716,0.0960303)
(0.788954,-0.603291)
(-0.924612,-0.730691)
(-0.455101,-0.425066)
(0.133786,-0.393733)
(0.195382,-0.192669)
(-0.326258,-0.15928)
(-0.0673296,-0.568459)
(-0.465793,-0.433787)
(0.0856006,0.149692)
(0.0118977,-0.0728861)
(0.368459,0.555813)
(-0.251431,-0.305362)
(0.153206,0.123749)
(0.202017,-0.384444)
(0.616315,-0.243966)
(-0.905361,0.452877)
(-0.0792332,-0.681945)
(0.0861404,0.000374526)
(-0.000135194,-0.393435)
(-0.485119,0.470258)
(-1.36285,0.0549422)
(0.250182,-0.25745)
(-0.735093,-0.196504)
(0.159264,-0.0734618)
(-0.174354,-0.266031)
(-0.0744984,-0.312819)
(0.691546,-0.0658071)
(0.140063,-0.137434)
(-0.252806,1.24661)
(-0.681071,-0.187366)
(0.0200795,-0.169674)
(-0.626197,0.10031)
(-0.673017,-0.326974)
(-0.182876,0.185644)
(-0.25986,-0.554498)
(-1.03744,-0.285697)
(0.613932,-0.220928)
(-0.00649435,0.128845)
(0.494696,0.718343)
(0.0983532,0.407138)
(-0.364091,-0.472984)
(0.289657,-0.0387323)
(0.621704,0.152267)
(-0.798411,-0.131198)
(0.593447,0.442607)
(-0.473501,-1.00845)
(0.536061,-0.000354697)
(-0.548104,-0.564448)
(-0.303522,-0.194191)
(0.101127,-0.478453)
(-0.0124146,-0.984953)
(0.167718,-0.29506)
(-0.0427567,0.474222)
(0.293194,0.813972)
(-1.1724,0.502396)
(-0.16496,-0.691935)
(0.147984,-0.154065)
(-0.60005,-0.832225)
(0.695139,-0.991786)
(-0.127835,-0.658351)
(0.425688,-0.151316)
(0.160863,-0.476198)
(-0.157986,0.577372)
(-0.317056,0.371796)
(-0.264314,0.524286)
(-0.114145,-0.102889)
(0.386523,0.574294)
(0.0320816,-0.169862)
(-0.0462518,0.414993)
(0.083852,-0.513036)
(-0.625225,-1.19811)
(0.10819,1.03135)
(0.480517,-0.473212)
(0.67285,-0.724723)
(0.166896,0.426208)
(-0.300479,0.222365)
(0.207663,-0.0191591)
(-0.973817,0.531387)
(0.390587,0.270556)
(0.277558,-0.149385)
(-0.542513,0.0447248)
(0.792593,-0.027325)
(0.643049,0.119043)
(-0.196555,0.895403)
(-0.137315,-0.814371)
(0.40388,-0.663669)
(-0.0684003,0.327661)
(-0.377625,-0.235916)
(0.221278,0.502112)
(-0.516315,-0.561213)
(-0.831478,-0.316472)
(-0.446549,0.153156)
(-0.533543,-0.0245281)
(0.64224,-0.197119)
(-0.331374,0.105261)
(0.0182501,0.163879)
(0.270663,-0.490133)
(-0.0177533,0.154525)
(0.823389,-0.345054)
(0.50913,0.642994)
(0.594874,0.690818)
(0.369872,0.469309)
(-0.100882,-0.116154)
(-0.224123,-0.680712)
(-0.0732823,0.184123)
(0.527925,-0.948609)
(-0.309703,-0.524148)
(0.870784,0.652453)
(0.344266,-0.213608)
(0.0123688,0.571757)
(0.259625,-0.0724873)
(0.710027,-0.824832)
(0.39218,0.43983)
(-0.156447,0.616584)
(1.12566,0.310804)
(-0.0994165,-0.444382)
(0.302579,0.40293)
(0.79689,0.111794)
(-0.329639,-0.0795789)
(-1.5907,1.15359)
(-0.59481,0.321291)
(-0.360514,0.212964)
(1.06909,-0.23644)
(0.0996442,0.123857)
(-0.702785,-0.164248)
(1.04129,0.751711)
(0.274203,-0.144132)
(-0.2082,0.2677)
(-0.416909,0.231686)
(1.06258,0.226543)
(0.908444,-0.703499)
(0.0255974,-0.0528384)
(0.458581,0.0548512)
(0.459347,0.0756939)
(-0.219001,-0.0336677)
(0.557154,-1.0922)
(-0.0556319,0.868969)
(0.837475,-0.300067)
(-0.836465,-0.566035)
(-0.343013,0.0826088)
(-0.252467,0.296349)
(0.59498,-0.10955)
(-0.206034,0.203897)
(0.452688,1.10617)
(-0.762244,-1.04494)
(0.298419,-0.312942)
(-0.916671,-0.471175)
(0.081187,0.239986)
(-0.0668913,-0.703718)
(-0.650998,0.966462)
(-0.20363,-0.228082)
(-0.779679,-0.288477)
(-0.82848,0.544453)
(0.252341,0.0606498)
(-0.330723,-0.573042)
(-0.0280253,-0.103789)
(-0.907079,0.192213)
(-0.772149,0.962091)
(0.425905,0.712536)
(0.242754,0.766131)
(-0.684094,-0.270187)
(-0.0542667,-0.383779)
(-1.01482,-0.112702)
(-0.453964,-0.0772277)
(-0.486353,-0.792594)
(0.839234,0.623219)
(0.126715,0.257452)
(0.493065,-0.988406)
(0.168179,-1.10718)
(-0.55803,-0.569667)
(0.367172,-0.675941)
(0.313977,-0.851822)
(-0.140662,-0.200763)
(0.116523,-0.824626)
(0.000699803,-0.105879)
(-0.23565,0.0949043)
(-0.0120757,-0.694287)
(0.588337,0.247252)
(0.386797,-0.818492)
(-0.0574066,1.20433)
(-0.303956,0.116864)
(-0.341359,-0.520814)
(0.121489,1.29708)
(0.223707,-0.491934)
(-1.12402,0.359298)
(-0.647975,0.677423)
(0.570147,-0.796098)
(0.286479,-0.464587)
(-0.547731,-0.215506)
(-0.0372568,0.450749)
(-0.188461,-0.0249587)
(0.0662629,-0.135383)
(0.132726,0.672366)
(0.468762,-0.289539)
(-0.00394,0.77873)
(-0.42484,0.34329)
(-0.201574,-0.610557)
(-0.451275,-0.213971)
(-0.248619,-0.32701)
(-0.259403,-0.16746)
(0.423698,-0.784177)
(-0.0649869,0.684416)
(0.705505,-0.152368)
(-0.327186,0.954098)
(0.670864,-0.730151)
(-0.537374,-0.193942)
(0.474942,-0.187894)
(0.580624,-0.147704)
(-0.344407,0.333081)
(-0.386631,-0.410187)
(0.533451,0.333955)
(-0.343922,0.338709)
(0.694669,-0.0681757)
(-0.461174,-0.269694)
(0.137106,-0.226954)
(0.359925,-0.0318567)
(0.976546,0.697424)
(1.35143,0.836997)
(-1.47853,0.12541)
(0.0673993,0.423018)
(-0.0548481,0.392521)
(0.18463,-0.380498)
(-1.74716,0.122029)
(0.826361,-0.7098)
(0.218402,0.279192)
(1.02607,-0.878591)
(-0.0464985,-1.18477)
(-0.0364244,-0.405418)
(0.273113,-0.669104)
(-0.523417,0.0427594)
(-0.131997,0.502559)
(0.64495,-0.0419831)
(0.913621,-0.575837)
(0.493691,0.379676)
(-0.510232,1.03699)
(0.133219,-0.367068)
(-0.482453,-0.920828)
(-0.0383537,-0.13025)
(0.994958,-0.450719)
(1.26866,-0.545126)
(0.279874,-0.0467166)
(-0.405485,-0.31114)
(-0.347224,-0.10666)
(-0.707015,0.135292)
(-0.0719888,0.0319995)
(0.404496,0.172026)
(0.887789,-0.34753)
(0.133392,-0.00466841)
(-0.279471,0.219643)
(-0.00251345,-0.00394821)
(-0.832569,-0.151412)
(0.370216,-0.398483)
(1.28397,-0.258364)
(0.107235,-0.590186)
(0.386411,-0.554689)
(0.257232,0.648345)
(-0.349216,0.227943)
(-1.06105,-0.509008)
(-0.770585,-0.469278)
(0.00972175,-0.337635)
(0.0260376,0.0680296)
(-0.424968,-0.298875)
(-0.192598,0.800299)
(0.401621,0.977348)
(0.0602941,-0.0740849)
(0.645834,0.0248066)
(-0.257717,-0.707297)
(-0.281195,-0.00407878)
(-0.519161,-0.363558)
(-0.302587,-0.599282)
(-0.305702,1.0257)
(0.828838,-0.578214)
(-0.904158,-1.59219)
(-0.342961,0.411078)
(-0.537686,-0.505849)
(0.134424,0.757187)
(0.565423,0.351417)
(0.273377,1.14979)
(-0.0332649,-0.422766)
(-0.669839,0.239993)
(1.00633,0.610143)
(0.109249,0.400557)
(1.02643,0.538011)
(0.444817,-0.446444)
(0.978278,-0.239713)
(0.802098,-0.39381)
(0.481934,-0.38553)
(-0.104185,-0.356084)
(0.862109,0.124305)
(-1.18923,0.0087653)
(0.810019,-0.772737)
(-0.182306,-0.0361351)
(-0.0909061,-0.0344305)
(-0.128996,0.618948)
(0.890827,-0.0412716)
(-0.075454,-0.559727)
(-0.453359,-0.607755)
(-0.220901,0.0566525)
(0.905675,-0.479112)
(-0.881479,0.368972)
(-0.0739297,-0.440599)
---------------------------
f_d = 4000
---------------------------
(-0.582574,0.51219)
(-0.0822575,-0.384579)
(-0.593899,0.472213)
(0.0485125,0.986028)
(-0.166543,1.43776)
(-0.288611,-0.538059)
(0.510266,-0.742679)
(0.254972,-0.381666)
(-0.0851682,0.120876)
(-0.0611182,-0.351365)
(-0.715087,-0.121705)
(0.310476,0.172066)
(-0.74397,0.132388)
(-0.183264,-0.190462)
(0.958299,0.337213)
(1.13058,-0.520851)
(-0.263755,-0.256189)
(-0.19554,0.865416)
(-0.111439,-1.03393)
(-1.46642,-0.12734)
(0.555524,-1.43136)
(0.519145,-0.427821)
(-1.02464,-0.174617)
(0.0278468,1.43849)
(0.609534,-0.469455)
(-0.841344,0.183553)
(0.454628,0.648494)
(0.675144,-0.750307)
(0.0356255,-0.753479)
(0.846241,-0.225689)
(0.202758,0.193531)
(0.864658,-0.15674)
(-1.01618,-0.883029)
(0.789492,-0.520023)
(0.1953,0.23056)
(1.10129,0.0109992)
(-0.0938416,0.203259)
(-0.104036,-0.140353)
(-0.372626,0.205921)
(0.116513,0.490592)
(-0.177339,0.369853)
(0.0516916,-0.692554)
(-0.441264,0.971502)
(0.578763,-0.316254)
(0.149632,-0.207531)
(-0.200935,-0.489913)
(0.18945,-0.587024)
(0.187437,-0.444301)
(0.219233,0.153704)
(-0.383125,1.20256)
(0.697068,0.487319)
(-0.249736,0.444663)
(0.429251,0.261845)
(0.0258115,1.08242)
(-0.822882,0.120068)
(0.0560727,-0.389221)
(-0.0738983,-0.838308)
(0.438146,-0.529101)
(-0.379471,0.204477)
(0.996022,-0.221666)
(0.101554,-0.135466)
(-0.382095,1.25527)
(-0.0808985,-0.482751)
(0.722702,-0.202968)
(-0.581502,-0.0799945)
(0.0612307,0.476447)
(0.0207977,0.890239)
(-0.505255,-0.138591)
(0.084436,0.0690698)
(-0.0904228,0.511463)
(-0.400866,0.234945)
(0.631447,-0.632467)
(1.257,-0.281442)
(0.484738,-0.267853)
(-0.179814,0.841619)
(-0.51727,-0.417399)
(0.0920894,0.159521)
(-0.0763528,0.610884)
(0.0414826,0.0208684)
(1.29781,-0.244066)
(0.593493,-0.16309)
(0.0216101,-0.260295)
(0.682892,0.147852)
(-0.317078,-0.0126358)
(-0.260514,0.19715)
(-0.206646,0.939154)
(0.129417,-0.655656)
(0.761886,-0.624214)
(0.108496,-1.18841)
(-0.237042,0.0535908)
(0.108657,-0.0444057)
(-0.617223,0.0868891)
(0.172366,-0.388514)
(-0.693029,0.321411)
(-0.589509,0.0626608)
(0.805014,0.429719)
(0.0886284,-0.444105)
(-0.793723,0.0960322)
(0.788947,-0.603276)
(-0.924617,-0.730687)
(-0.455109,-0.425063)
(0.133776,-0.393734)
(0.195375,-0.192671)
(-0.326261,-0.159283)
(-0.0673392,-0.568463)
(-0.465796,-0.43378)
(0.0856094,0.149673)
(0.0118823,-0.0728882)
(0.368473,0.555812)
(-0.251435,-0.30538)
(0.153218,0.123744)
(0.202025,-0.384455)
(0.61633,-0.24397)
(-0.905367,0.45287)
(-0.0792345,-0.681951)
(0.0861425,0.000388436)
(-0.00013255,-0.393424)
(-0.485103,0.470278)
(-1.36284,0.054969)
(0.250204,-0.257454)
(-0.735097,-0.196524)
(0.159231,-0.0734507)
(-0.174355,-0.266039)
(-0.0744891,-0.312823)
(0.691549,-0.0658104)
(0.140071,-0.137435)
(-0.25279,1.24662)
(-0.68107,-0.187387)
(0.0200922,-0.169676)
(-0.626205,0.100336)
(-0.673052,-0.326924)
(-0.18289,0.185662)
(-0.259869,-0.554499)
(-1.03745,-0.285697)
(0.61395,-0.22094)
(-0.00650812,0.128858)
(0.494694,0.71834)
(0.0983574,0.407147)
(-0.36409,-0.472987)
(0.289662,-0.0387405)
(0.621686,0.152275)
(-0.798423,-0.131183)
(0.593441,0.442639)
(-0.473483,-1.00844)
(0.536061,-0.000354325)
(-0.548109,-0.564446)
(-0.303533,-0.194209)
(0.101115,-0.478453)
(-0.0124101,-0.984963)
(0.167701,-0.29506)
(-0.0427715,0.474236)
(0.293199,0.813985)
(-1.17239,0.502402)
(-0.164975,-0.691931)
(0.147975,-0.154054)
(-0.600066,-0.832219)
(0.69512,-0.991776)
(-0.12785,-0.658354)
(0.425685,-0.151334)
(0.160845,-0.4762)
(-0.157975,0.577373)
(-0.317054,0.371792)
(-0.26433,0.524289)
(-0.114139,-0.102883)
(0.386503,0.574296)
(0.0320764,-0.169845)
(-0.0462615,0.415007)
(0.0838261,-0.513027)
(-0.625249,-1.19814)
(0.108169,1.03134)
(0.480524,-0.473227)
(0.672847,-0.724732)
(0.166902,0.426198)
(-0.300478,0.222354)
(0.207668,-0.0191366)
(-0.973783,0.531398)
(0.390603,0.270553)
(0.277573,-0.149373)
(-0.542539,0.0447164)
(0.792609,-0.0273167)
(0.643057,0.119022)
(-0.196571,0.895398)
(-0.137301,-0.81438)
(0.403888,-0.663678)
(-0.068413,0.327676)
(-0.377625,-0.235917)
(0.221264,0.50211)
(-0.516294,-0.561182)
(-0.831476,-0.316472)
(-0.446548,0.153182)
(-0.533547,-0.0245192)
(0.642239,-0.197122)
(-0.33143,0.105253)
(0.0182622,0.163885)
(0.270647,-0.490149)
(-0.0177728,0.154499)
(0.823384,-0.345065)
(0.509113,0.642971)
(0.594849,0.690801)
(0.369874,0.469291)
(-0.100889,-0.116135)
(-0.224128,-0.680698)
(-0.0732716,0.184134)
(0.527913,-0.948607)
(-0.309745,-0.524179)
(0.870779,0.652454)
(0.344274,-0.213628)
(0.0123837,0.571722)
(0.259619,-0.0725122)
(0.710017,-0.824824)
(0.392181,0.439801)
(-0.156424,0.616588)
(1.12568,0.310781)
(-0.0994116,-0.444392)
(0.302577,0.402948)
(0.79692,0.111766)
(-0.329616,-0.0795569)
(-1.59067,1.15361)
(-0.594779,0.321262)
(-0.360508,0.212983)
(1.06905,-0.236406)
(0.0996573,0.123861)
(-0.702785,-0.164213)
(1.0413,0.751702)
(0.274227,-0.144147)
(-0.208183,0.267675)
(-0.416902,0.231677)
(1.06259,0.226541)
(0.908455,-0.703515)
(0.0256171,-0.0528434)
(0.458584,0.0548615)
(0.459346,0.0757103)
(-0.218971,-0.0336514)
(0.557154,-1.09219)
(-0.0556056,0.868962)
(0.837492,-0.300041)
(-0.836431,-0.566013)
(-0.342988,0.0826066)
(-0.252444,0.29634)
(0.594953,-0.109589)
(-0.206018,0.203913)
(0.452716,1.10618)
(-0.762269,-1.04486)
(0.298413,-0.312934)
(-0.91666,-0.471159)
(0.0812034,0.239975)
(-0.0668779,-0.703708)
(-0.650996,0.966451)
(-0.203626,-0.22808)
(-0.779673,-0.288481)
(-0.828478,0.544483)
(0.25235,0.060681)
(-0.330754,-0.573018)
(-0.0280054,-0.103766)
(-0.907087,0.192203)
(-0.772126,0.962126)
(0.425938,0.712494)
(0.242752,0.766171)
(-0.684088,-0.270193)
(-0.054267,-0.38377)
(-1.01487,-0.112583)
(-0.453973,-0.0771867)
(-0.486372,-0.792578)
(0.839222,0.623196)
(0.126692,0.257469)
(0.493054,-0.988418)
(0.168166,-1.1072)
(-0.558053,-0.569658)
(0.36717,-0.67593)
(0.313965,-0.851828)
(-0.140681,-0.200782)
(0.116507,-0.824625)
(0.000714083,-0.105898)
(-0.235675,0.0948738)
(-0.0120777,-0.694289)
(0.588327,0.247236)
(0.386791,-0.818504)
(-0.0574148,1.20433)
(-0.303951,0.116887)
(-0.341348,-0.520842)
(0.121536,1.29707)
(0.223706,-0.491946)
(-1.12401,0.359308)
(-0.64799,0.677432)
(0.570141,-0.796086)
(0.286493,-0.464576)
(-0.547699,-0.21552)
(-0.0372726,0.450764)
(-0.188456,-0.0249442)
(0.0662459,-0.13542)
(0.132722,0.672358)
(0.46878,-0.289558)
(-0.00393166,0.778741)
(-0.424825,0.34332)
(-0.201556,-0.610558)
(-0.451269,-0.21396)
(-0.248651,-0.327022)
(-0.259423,-0.167436)
(0.423693,-0.784183)
(-0.064996,0.684447)
(0.705502,-0.152369)
(-0.327179,0.954111)
(0.670877,-0.730164)
(-0.537365,-0.19393)
(0.47494,-0.187902)
(0.58062,-0.147716)
(-0.344427,0.333074)
(-0.386633,-0.410176)
(0.533423,0.333959)
(-0.343928,0.338736)
(0.694702,-0.0681666)
(-0.46119,-0.269717)
(0.137094,-0.226945)
(0.359929,-0.031833)
(0.976576,0.69742)
(1.35145,0.836998)
(-1.47852,0.125416)
(0.0674242,0.423041)
(-0.0548358,0.392532)
(0.184611,-0.380468)
(-1.74718,0.122071)
(0.82637,-0.709751)
(0.218423,0.279218)
(1.02608,-0.878577)
(-0.0464905,-1.18476)
(-0.0364068,-0.40541)
(0.273075,-0.669108)
(-0.523419,0.0427619)
(-0.131995,0.502556)
(0.644926,-0.0419897)
(0.913587,-0.575857)
(0.493668,0.379712)
(-0.510185,1.03702)
(0.133218,-0.367062)
(-0.48244,-0.920834)
(-0.0384005,-0.130201)
(0.994981,-0.45074)
(1.26868,-0.545124)
(0.279881,-0.0467248)
(-0.405474,-0.311168)
(-0.347207,-0.106686)
(-0.707009,0.135245)
(-0.0719857,0.0320549)
(0.404507,0.172049)
(0.887781,-0.34755)
(0.133412,-0.00469158)
(-0.279424,0.219623)
(-0.00256561,-0.00395025)
(-0.832585,-0.151404)
(0.370199,-0.398475)
(1.28398,-0.258363)
(0.107192,-0.590177)
(0.386379,-0.55469)
(0.257197,0.648342)
(-0.34921,0.227938)
(-1.06105,-0.508979)
(-0.770573,-0.469267)
(0.00973099,-0.337659)
(0.0260948,0.0680191)
(-0.425001,-0.29889)
(-0.192628,0.800305)
(0.401647,0.977338)
(0.060277,-0.0740776)
(0.645827,0.024805)
(-0.257729,-0.707309)
(-0.281177,-0.00409496)
(-0.519189,-0.363538)
(-0.302549,-0.59928)
(-0.305701,1.02573)
(0.828844,-0.578217)
(-0.904189,-1.59219)
(-0.342984,0.411123)
(-0.537684,-0.505861)
(0.134413,0.757186)
(0.565441,0.351346)
(0.273365,1.14978)
(-0.0332661,-0.422794)
(-0.669854,0.239998)
(1.00633,0.610163)
(0.10925,0.400524)
(1.02642,0.538041)
(0.444866,-0.446406)
(0.978249,-0.239697)
(0.802107,-0.393801)
(0.481932,-0.38555)
(-0.104173,-0.356083)
(0.862126,0.124283)
(-1.18922,0.00879307)
(0.810038,-0.77273)
(-0.182269,-0.0361313)
(-0.0909343,-0.0344334)
(-0.12897,0.618955)
(0.890883,-0.0412505)
(-0.0753924,-0.559717)
(-0.453352,-0.607769)
(-0.220853,0.0566502)
(0.905641,-0.479117)
(-0.881461,0.368998)
(-0.073926,-0.440606)
(-1.08302,-0.426991)
---------------------------
f_d = 5000
---------------------------
(-0.0822497,-0.384576)
(-0.593915,0.47223)
(0.0484548,0.986031)
(-0.166603,1.43769)
(-0.288573,-0.538154)
(0.510334,-0.742688)
(0.254987,-0.381644)
(-0.0851776,0.120873)
(-0.0611193,-0.351389)
(-0.715071,-0.121723)
(0.310478,0.172057)
(-0.743958,0.132344)
(-0.183205,-0.190478)
(0.958338,0.337256)
(1.13058,-0.520809)
(-0.263802,-0.256178)
(-0.195573,0.865371)
(-0.111436,-1.03401)
(-1.46635,-0.127424)
(0.555646,-1.43134)
(0.519181,-0.427752)
(-1.02465,-0.174585)
(0.0278439,1.4385)
(0.609536,-0.46946)
(-0.841325,0.183537)
(0.454662,0.648477)
(0.6752,-0.750311)
(0.0356935,-0.753439)
(0.846271,-0.225623)
(0.202747,0.193583)
(0.864647,-0.156735)
(-1.01613,-0.883039)
(0.789541,-0.51997)
(0.195291,0.230654)
(1.10125,0.011075)
(-0.0939035,0.203304)
(-0.104077,-0.140348)
(-0.372657,0.205938)
(0.116471,0.490598)
(-0.177364,0.369831)
(0.0516918,-0.692553)
(-0.441267,0.971497)
(0.578775,-0.316266)
(0.149637,-0.207535)
(-0.200905,-0.489914)
(0.189497,-0.586993)
(0.187459,-0.444224)
(0.219193,0.15379)
(-0.383191,1.2026)
(0.697007,0.487329)
(-0.24979,0.444661)
(0.429189,0.261853)
(0.0257131,1.08239)
(-0.822915,0.119962)
(0.0561248,-0.389292)
(-0.0738279,-0.83831)
(0.438181,-0.52907)
(-0.37946,0.204515)
(0.996032,-0.22161)
(0.101504,-0.135404)
(-0.382144,1.25526)
(-0.0808884,-0.482781)
(0.722701,-0.202935)
(-0.581536,-0.0799856)
(0.0611939,0.476462)
(0.0207601,0.890215)
(-0.505268,-0.13865)
(0.0844375,0.0690564)
(-0.0904438,0.511435)
(-0.400838,0.23489)
(0.631525,-0.632454)
(1.25703,-0.281371)
(0.484685,-0.267793)
(-0.179887,0.841597)
(-0.517288,-0.41744)
(0.0920887,0.159525)
(-0.0763796,0.610864)
(0.0415101,0.0208509)
(1.29783,-0.244025)
(0.593461,-0.163061)
(0.0215829,-0.260275)
(0.682831,0.147872)
(-0.31715,-0.0126456)
(-0.260553,0.197132)
(-0.206687,0.93909)
(0.129437,-0.655721)
(0.761916,-0.62422)
(0.108502,-1.18839)
(-0.237067,0.0536117)
(0.108612,-0.0444104)
(-0.617245,0.0868636)
(0.172345,-0.388534)
(-0.693061,0.321379)
(-0.589504,0.0626221)
(0.805003,0.429711)
(0.0885935,-0.444134)
(-0.793714,0.0959765)
(0.788965,-0.603323)
(-0.924604,-0.730738)
(-0.455055,-0.425084)
(0.133806,-0.393721)
(0.195383,-0.192663)
(-0.326255,-0.159284)
(-0.0673105,-0.568477)
(-0.465767,-0.43378)
(0.0856037,0.149701)
(0.0118903,-0.0728568)
(0.368427,0.555807)
(-0.251439,-0.305381)
(0.153226,0.123739)
(0.202038,-0.384426)
(0.616291,-0.243941)
(-0.9054,0.452832)
(-0.0792121,-0.681989)
(0.0861434,0.000397984)
(-0.000173362,-0.393411)
(-0.485164,0.47023)
(-1.36285,0.054891)
(0.250224,-0.257489)
(-0.735064,-0.196532)
(0.159279,-0.0734626)
(-0.174351,-0.266033)
(-0.0744493,-0.312795)
(0.691545,-0.0657626)
(0.140014,-0.137387)
(-0.25289,1.2466)
(-0.681106,-0.187462)
(0.0200929,-0.169712)
(-0.62622,0.100279)
(-0.67304,-0.32699)
(-0.182864,0.18564)
(-0.259837,-0.55454)
(-1.03737,-0.285715)
(0.614,-0.220906)
(-0.00648873,0.128921)
(0.494658,0.718368)
(0.0983286,0.407121)
(-0.364073,-0.473023)
(0.289681,-0.0387199)
(0.621666,0.152292)
(-0.798431,-0.131223)
(0.593433,0.442594)
(-0.473467,-1.00847)
(0.536085,-0.000348004)
(-0.548089,-0.564476)
(-0.303486,-0.194228)
(0.101182,-0.478464)
(-0.0123571,-0.984933)
(0.167731,-0.294999)
(-0.042821,0.474275)
(0.293116,0.813977)
(-1.17242,0.502306)
(-0.164904,-0.692009)
(0.148027,-0.154081)
(-0.59999,-0.832263)
(0.695217,-0.99175)
(-0.127796,-0.658298)
(0.425699,-0.15126)
(0.160845,-0.476114)
(-0.158023,0.577401)
(-0.317093,0.371792)
(-0.264342,0.52427)
(-0.114126,-0.102891)
(0.386506,0.574296)
(0.0320673,-0.169868)
(-0.0462526,0.414965)
(0.0838524,-0.513062)
(-0.625244,-1.19811)
(0.108211,1.03135)
(0.48057,-0.473212)
(0.672866,-0.724657)
(0.166849,0.426266)
(-0.30051,0.222364)
(0.207625,-0.0191326)
(-0.973837,0.531366)
(0.390605,0.270562)
(0.277568,-0.14938)
(-0.542507,0.0447108)
(0.792617,-0.0272761)
(0.643019,0.119094)
(-0.19661,0.895365)
(-0.137272,-0.814443)
(0.40391,-0.66365)
(-0.0684331,0.327676)
(-0.377641,-0.235915)
(0.22125,0.502114)
(-0.516326,-0.561259)
(-0.831454,-0.316493)
(-0.446517,0.153143)
(-0.533518,-0.0245291)
(0.642272,-0.197112)
(-0.331387,0.105257)
(0.0182838,0.163857)
(0.270705,-0.490098)
(-0.0177191,0.154557)
(0.823416,-0.344986)
(0.509093,0.643059)
(0.594811,0.690823)
(0.369803,0.469275)
(-0.100891,-0.11617)
(-0.224102,-0.680711)
(-0.0732346,0.184119)
(0.527981,-0.94859)
(-0.309694,-0.524115)
(0.870799,0.652447)
(0.344221,-0.213564)
(0.0123559,0.57173)
(0.259659,-0.0724693)
(0.710042,-0.824746)
(0.392154,0.439892)
(-0.156472,0.61661)
(1.12563,0.310837)
(-0.0994277,-0.444381)
(0.302534,0.402979)
(0.796829,0.111831)
(-0.329708,-0.0795592)
(-1.59078,1.15353)
(-0.594809,0.321171)
(-0.360439,0.212916)
(1.06908,-0.236398)
(0.0996151,0.123849)
(-0.702781,-0.164234)
(1.04127,0.751747)
(0.274203,-0.14412)
(-0.20822,0.267669)
(-0.416879,0.231661)
(1.06261,0.226553)
(0.90845,-0.703461)
(0.0255997,-0.0528119)
(0.458572,0.0549091)
(0.459311,0.0757017)
(-0.218975,-0.0336917)
(0.557161,-1.09217)
(-0.0556627,0.869008)
(0.837429,-0.300072)
(-0.836496,-0.566037)
(-0.343008,0.0825716)
(-0.25247,0.296328)
(0.594933,-0.109565)
(-0.206074,0.203891)
(0.452618,1.10614)
(-0.762275,-1.04492)
(0.29842,-0.312941)
(-0.916668,-0.471165)
(0.0812287,0.239978)
(-0.0669026,-0.70369)
(-0.651035,0.96643)
(-0.203637,-0.228155)
(-0.77969,-0.288539)
(-0.828495,0.544434)
(0.252366,0.0606226)
(-0.330726,-0.573041)
(-0.0280384,-0.103781)
(-0.90714,0.192161)
(-0.772188,0.962049)
(0.425895,0.712524)
(0.242735,0.76608)
(-0.684128,-0.270292)
(-0.0542325,-0.383863)
(-1.01485,-0.11265)
(-0.453937,-0.077211)
(-0.486277,-0.792608)
(0.839253,0.623228)
(0.126718,0.257424)
(0.493119,-0.988471)
(0.168237,-1.10719)
(-0.55797,-0.569695)
(0.367255,-0.675922)
(0.314037,-0.851784)
(-0.140663,-0.200761)
(0.116544,-0.824595)
(0.000692565,-0.105832)
(-0.235645,0.0949021)
(-0.0120188,-0.694245)
(0.588362,0.247328)
(0.3868,-0.818438)
(-0.0574664,1.20437)
(-0.303985,0.116835)
(-0.341356,-0.520799)
(0.121493,1.29708)
(0.223657,-0.491935)
(-1.12406,0.359232)
(-0.64799,0.677359)
(0.570206,-0.796116)
(0.28652,-0.464544)
(-0.547711,-0.215509)
(-0.0372689,0.45077)
(-0.188462,-0.0249838)
(0.0662627,-0.135403)
(0.132719,0.672379)
(0.468758,-0.289553)
(-0.00399197,0.778739)
(-0.424866,0.343217)
(-0.20157,-0.610602)
(-0.451233,-0.214005)
(-0.248584,-0.327058)
(-0.259341,-0.167447)
(0.423752,-0.784116)
(-0.0649675,0.684484)
(0.705479,-0.152356)
(-0.327206,0.954083)
(0.67089,-0.730191)
(-0.53734,-0.193932)
(0.474962,-0.187863)
(0.580612,-0.147637)
(-0.344431,0.333076)
(-0.386586,-0.410194)
(0.533409,0.333967)
(-0.343926,0.338701)
(0.694671,-0.0681805)
(-0.461195,-0.269705)
(0.137124,-0.226924)
(0.359975,-0.0317694)
(0.976514,0.69752)
(1.35134,0.837066)
(-1.4786,0.125353)
(0.067414,0.422967)
(-0.0548764,0.392476)
(0.184575,-0.380577)
(-1.74715,0.121958)
(0.826463,-0.709807)
(0.21847,0.279205)
(1.02609,-0.878572)
(-0.0464561,-1.18475)
(-0.0363783,-0.405381)
(0.273106,-0.669044)
(-0.523391,0.0427592)
(-0.131969,0.502561)
(0.64498,-0.0419609)
(0.913585,-0.575782)
(0.493639,0.37976)
(-0.510303,1.03695)
(0.133233,-0.367138)
(-0.482385,-0.920846)
(-0.0383306,-0.130221)
(0.994957,-0.450722)
(1.26872,-0.545021)
(0.279802,-0.0466526)
(-0.405508,-0.311179)
(-0.347273,-0.106725)
(-0.707029,0.135247)
(-0.0719693,0.0320646)
(0.404517,0.172066)
(0.887776,-0.347497)
(0.133373,-0.00465087)
(-0.279455,0.219613)
(-0.00256665,-0.00398929)
(-0.832544,-0.15148)
(0.370292,-0.398476)
(1.28398,-0.25829)
(0.10721,-0.590171)
(0.386307,-0.554595)
(0.25715,0.648381)
(-0.349239,0.227897)
(-1.06104,-0.509078)
(-0.770553,-0.469316)
(0.00977168,-0.337619)
(0.0260746,0.068021)
(-0.424986,-0.298829)
(-0.192633,0.800314)
(0.401588,0.977349)
(0.0602849,-0.0740853)
(0.645838,0.0247432)
(-0.257724,-0.707325)
(-0.281171,-0.0041148)
(-0.519137,-0.363577)
(-0.302541,-0.599308)
(-0.305709,1.02571)
(0.828838,-0.578261)
(-0.904103,-1.59218)
(-0.342928,0.411123)
(-0.537631,-0.505821)
(0.134448,0.757249)
(0.565434,0.351422)
(0.273356,1.14977)
(-0.033285,-0.422792)
(-0.669821,0.240006)
(1.00635,0.610181)
(0.109223,0.400549)
(1.02642,0.53804)
(0.444805,-0.446404)
(0.978248,-0.239641)
(0.802074,-0.393769)
(0.481926,-0.38553)
(-0.104206,-0.356057)
(0.862021,0.124302)
(-1.18925,0.00874412)
(0.810039,-0.772704)
(-0.182309,-0.0360761)
(-0.090914,-0.0344329)
(-0.129045,0.618951)
(0.890813,-0.0412524)
(-0.0754347,-0.559693)
(-0.453327,-0.607768)
(-0.220836,0.0566111)
(0.905606,-0.47909)
(-0.881518,0.368942)
(-0.0739492,-0.440596)
(-1.08304,-0.427042)
(-0.582564,0.512156)
