---------------------------
f_d = -5000
---------------------------
(-0.550035,-0.216855)
(-0.588707,0.266117)
(1.11746,-0.24927)
(0.175606,-0.517051)
(1.24726,0.540951)
(-0.512095,-0.184024)
(0.197976,0.555537)
(-1.08082,-0.205749)
(0.928965,0.141606)
(-0.605436,-0.295884)
(-0.608598,0.597416)
(-0.126987,-0.416109)
(-0.0520027,0.443707)
(-0.327307,-0.0821289)
(-0.0984417,0.56763)
(0.825781,0.409046)
(-0.227318,0.0883085)
(-0.0947891,-0.484932)
(0.44104,0.0938641)
(-0.0468992,-0.206356)
(0.28535,0.0626327)
(-0.0267016,-0.510267)
(0.447201,0.272857)
(-0.153348,-0.791617)
(-0.728852,0.646271)
(-0.536376,-0.784717)
(0.0490561,0.123571)
(-0.489895,-0.914606)
(0.748916,0.0760514)
(0.753487,-0.863785)
(-1.02171,1.30758)
(0.198417,0.0474164)
(-1.18448,0.539905)
(-0.235548,0.244773)
(-0.374255,-0.289473)
(-0.563194,-1.47136)
(-0.157994,0.161959)
(0.514838,-0.562985)
(0.706372,0.377267)
(0.785782,-0.186209)
(0.1763,0.572417)
(0.090465,-1.20219)
(0.735551,-0.00487211)
(1.03343,0.0139541)
(-0.628734,0.377919)
(-0.128426,0.183563)
(-1.04399,-0.122652)
(-0.0566281,-0.120393)
(-0.362913,0.442214)
(0.449491,0.125486)
(-0.386632,0.290116)
(1.16207,-0.807902)
(-0.153053,-0.217957)
(0.549906,-0.144788)
(0.0612475,-0.11965)
(0.396181,0.141431)
(-0.575226,-0.830844)
(-0.0411911,0.94114)
(-0.161172,-0.613082)
(0.845953,0.475715)
(-0.423095,-0.79168)
(-0.242212,0.462897)
(-0.118486,-0.222837)
(-0.772454,0.094611)
(-0.144784,-0.571557)
(-0.174873,0.610119)
(-0.249204,-0.693674)
(-0.0235137,-0.297383)
(0.502964,-0.506987)
(0.52116,0.221083)
(-0.5753,-1.18014)
(-1.01079,0.972995)
(-0.200929,-0.631913)
(-0.197371,0.605747)
(-0.294852,-0.281806)
(0.348627,-0.453255)
(-0.544101,-0.592979)
(0.502436,0.329242)
(-0.00128794,-0.0158977)
(-0.831442,0.752495)
(0.147275,-0.462211)
(-1.20169,-0.103263)
(0.248334,-1.14834)
(-0.840228,0.579226)
(0.408356,-0.202998)
(-0.919936,-0.265421)
(0.761718,-0.734246)
(-0.243077,0.852206)
(0.59034,-0.559987)
(0.740611,-0.498224)
(0.548069,-0.340412)
(0.280075,-0.0670934)
(-0.11156,-1.35598)
(0.215056,1.41169)
(0.462161,-0.59343)
(-0.221939,1.40942)
(0.562258,-0.509746)
(-0.2858,1.23836)
(-1.06196,-0.752044)
(0.135651,0.823779)
(0.134379,-0.624237)
(-0.520072,0.404121)
(-0.23986,-0.143602)
(-0.292665,0.17577)
(-0.24399,-0.187569)
(-1.04588,-0.106813)
(0.81457,-0.944477)
(-0.633695,-0.346272)
(1.59197,-1.08243)
(-0.626291,0.970247)
(0.366976,-0.432316)
(-0.590601,0.559392)
(-0.568377,-0.504265)
(0.127889,0.433303)
(-0.228333,-0.410509)
(-0.140508,0.178166)
(0.469244,-0.6061)
(-1.6981,0.0481165)
(0.484876,0.609531)
(0.00398304,-0.691029)
(1.76924,-0.12331)
(-0.595293,-0.932386)
(1.3112,-0.0389857)
(-0.122146,-0.365875)
(0.537597,0.124386)
(0.874742,-0.483809)
(0.456815,0.245253)
(-0.614074,-0.37378)
(0.310046,0.366188)
(-0.882272,-0.730611)
(0.100693,1.19023)
(-0.251631,-1.04379)
(0.797073,0.578356)
(0.96101,-1.26677)
(0.105857,0.46216)
(0.440259,-0.0656377)
(-1.13286,0.477297)
(1.08251,-0.417595)
(-0.478228,0.284022)
(0.195491,-0.308824)
(-0.147449,0.515789)
(0.0013801,0.105353)
(-0.902883,1.86668)
(0.144497,-0.756218)
(0.0898332,0.127618)
(0.751467,-0.667224)
(-0.8437,0.0810357)
(0.799348,-0.358145)
(-1.02122,0.697389)
(0.473581,0.166312)
(-0.829472,-0.00140246)
(-0.509511,-0.10468)
(-0.990792,-0.361371)
(-0.356851,-1.05275)
(-0.489718,0.152276)
(0.604995,-0.214473)
(-0.222455,-0.403741)
(2.02655,-0.943005)
(-0.219333,0.228703)
(0.69038,0.0405884)
(0.0327479,0.685911)
(0.693513,0.903446)
(-1.14029,0.0778858)
(-0.0834458,0.610164)
(-0.070504,-0.0195892)
(-0.329802,1.01544)
(0.295244,-0.0777947)
(-0.327837,0.197376)
(0.0395759,-0.793855)
(-0.387499,0.462392)
(0.257853,0.0720484)
(1.05738,0.563272)
(0.355115,-0.630258)
(0.372518,0.358546)
(-0.93252,-0.563887)
(-0.0798767,0.136447)
(-0.527294,0.353157)
(-0.0597804,0.805907)
(0.0203317,-0.938245)
(0.515272,0.516211)
(-0.321671,-0.314859)
(1.33796,0.608703)
(0.256485,-0.449298)
(-0.209848,1.34995)
(-0.104731,-0.602593)
(0.297487,0.328112)
(-0.852529,-0.340267)
(-0.880923,0.646459)
(0.442212,-0.412988)
(-0.547666,0.113281)
(-0.423681,-0.69902)
(0.0354896,0.20696)
(-0.469637,-0.295081)
(0.556641,0.893068)
(0.573798,-0.359663)
(0.023341,1.29941)
(0.422471,-0.965505)
(-0.917351,-0.140785)
(0.144014,-0.475098)
(-1.06297,1.88646)
(-0.00553129,-0.0575671)
(0.401138,-0.250299)
(-0.000461392,0.0682577)
(-1.0603,0.457126)
(0.8548,-0.163538)
(0.288787,0.89049)
(0.469996,0.498036)
(0.0419748,0.297463)
(0.0812151,-0.623803)
(-1.49229,0.530193)
(0.612878,-0.65854)
(0.112543,-0.0515335)
(1.16418,-0.708142)
(-1.05458,-0.0742543)
(0.757151,-0.140691)
(-0.352322,-0.324521)
(-0.274943,0.428716)
(0.410519,-0.369365)
(0.469892,-0.50015)
(-0.260836,-0.431419)
(0.424946,0.599839)
(0.179801,-0.80505)
(1.76906,0.0254683)
(0.328383,-0.769498)
(0.362263,0.269624)
(-0.407736,0.1962)
(0.260973,1.2416)
(0.321503,-0.208407)
(-0.33003,0.469531)
(0.638938,-0.25179)
(0.304852,1.38856)
(-0.302234,-0.373255)
(-0.356101,0.822423)
(-1.12696,-0.520336)
(-0.817267,1.36533)
(0.829332,-0.719391)
(-0.325208,-0.310274)
(0.728917,-1.0675)
(-0.309918,0.777161)
(0.0105201,-0.719856)
(-0.736287,-0.142628)
(0.782579,-0.291483)
(0.399642,0.296746)
(0.205183,-0.249978)
(0.0218865,0.595246)
(-0.49335,-0.63647)
(-0.176346,0.645695)
(-0.185061,0.0272971)
(-0.954895,0.115897)
(0.690347,0.212272)
(-0.155386,0.0557818)
(0.21392,-0.380085)
(-0.326349,-0.495775)
(-0.913537,0.175022)
(-0.312331,-0.766583)
(0.128076,1.00587)
(-0.509352,0.250365)
(-0.92026,-0.522257)
(-0.509969,-0.0852812)
(-0.418584,-0.0949845)
(0.130802,-0.231617)
(1.9694,0.150428)
(-1.04574,-0.373793)
(1.38209,0.46476)
(-0.43845,0.531792)
(0.0465655,0.0261811)
(0.454113,0.662446)
(-0.277418,0.259861)
(-0.31204,-0.546507)
(-0.417643,0.544887)
(0.405239,-0.49873)
(0.475162,0.828943)
(-0.259941,-0.0866593)
(-0.235641,0.684744)
(-0.706922,-0.897801)
(1.67785,0.819615)
(-0.50312,-0.400152)
(-0.540612,0.504199)
(0.46064,0.231835)
(-0.861079,-0.399867)
(-1.58908,-0.726803)
(-0.698966,1.55321)
(-0.619452,-0.0257126)
(0.0511415,-0.473004)
(0.490778,-1.67964)
(0.242743,0.756738)
(0.356678,-0.778167)
(0.177201,0.928675)
(0.445115,0.143415)
(0.120714,0.395812)
(-0.154918,-0.818541)
(-0.273365,1.01807)
(0.165416,-0.124782)
(-1.02425,0.211322)
(0.183356,0.145419)
(-0.751717,0.947829)
(0.761825,-0.0142459)
(-0.645253,0.819379)
(0.279503,-0.150618)
(0.146171,0.683531)
(1.31901,-0.886842)
(-0.556517,-0.537362)
(0.393471,0.298266)
(-0.362401,-0.262807)
(0.221567,-0.146238)
(-0.47644,-0.737948)
(1.49758,0.165818)
(-0.263946,-0.202187)
(0.502206,-0.995802)
(0.734638,0.420695)
(1.04889,1.18621)
(-0.59687,1.22414)
(0.671024,-0.0472196)
(-0.206886,0.103933)
(0.067853,0.384523)
(0.438704,-1.50354)
(-0.316298,1.26685)
(-0.290839,0.243242)
(-0.434386,0.354369)
(0.509088,-0.656687)
(-0.299003,0.65399)
(-0.0372227,-0.998086)
(0.11372,-0.0631389)
(-0.283219,0.0566103)
(0.387132,-0.201778)
(0.531126,-0.967711)
(0.475782,0.900537)
(0.640293,-0.217053)
(-0.0741056,1.45259)
(-0.0431301,-0.479373)
(-0.856377,0.144083)
(0.744077,0.538228)
(0.234755,0.33215)
(0.916638,-0.672976)
(-0.167046,0.495234)
(0.314511,-0.375433)
(-1.19662,1.29306)
(0.264241,-0.246066)
(1.16295,0.437621)
(0.689428,-0.952807)
(0.00206129,1.62508)
(0.202675,-1.07078)
(-1.53521,0.775565)
(0.958307,-0.494119)
(-0.150847,-0.472173)
(0.257257,-0.277584)
(-0.373757,0.505413)
(0.760198,0.097275)
(0.258943,-0.113166)
(0.763993,-0.386505)
(-0.572416,0.175065)
(0.518912,-0.139807)
(-1.29695,0.390922)
(1.62009,-0.512763)
(-0.591312,-0.408176)
(0.285457,-0.650724)
(-0.1786,-0.58556)
(1.22296,0.00464416)
(-0.753355,-1.06316)
(0.311074,0.700024)
(-0.194305,0.307721)
(-1.00469,0.898986)
(-0.744953,-0.868572)
(0.459892,0.92991)
(0.0590865,-0.249984)
(0.0496948,-0.252111)
(-0.887832,0.223748)
(-0.397977,0.612942)
(-0.325944,-0.584449)
(-0.17044,0.459391)
(1.06743,-0.580664)
(-0.45605,0.656028)
(0.153804,-0.890273)
(0.0889537,0.593068)
(-0.45213,-0.478501)
(-0.195203,1.49653)
(-0.220312,0.465514)
(-0.289514,1.1338)
(0.583719,-0.781199)
(-1.55826,0.351127)
(0.169576,-0.199891)
(-0.939185,0.285185)
(1.27697,-0.0711732)
(-1.99742,0.565569)
(1.08053,-0.0100821)
(-1.25445,0.241177)
(-0.22231,-0.814743)
(-0.0546776,-0.935815)
(0.832296,-0.970707)
(-0.283272,-0.788279)
(-0.00540562,-0.731366)
(-0.664385,-0.0192419)
(0.477262,0.616656)
(-0.462307,-0.318812)
(1.31153,0.266616)
(-0.100258,-0.148594)
(-0.18813,-0.0779279)
(-0.987443,-0.118587)
(0.256669,1.30513)
(-0.275499,-0.092527)
---------------------------
f_d = -4000
---------------------------
(0.191533,-0.966677)
(0.0665011,0.592449)
(0.20444,-0.425108)
(0.841504,0.640653)
(0.00665866,0.201414)
(-1.2298,0.0142021)
(0.778402,-0.0225616)
(0.563166,-0.49164)
(-0.641929,0.12505)
(0.104274,-0.07835)
(0.311683,0.41243)
(-0.471657,-0.754401)
(0.200538,-0.705579)
(0.516139,0.899061)
(-0.898673,-0.634626)
(0.931275,0.550089)
(-0.176214,-0.528801)
(-0.13313,0.632867)
(0.377438,-0.223103)
(-1.13503,0.829365)
(-0.565355,-0.135933)
(0.628642,0.943263)
(0.369122,0.0926303)
(-0.500413,0.338183)
(1.24181,-0.226089)
(-0.860262,0.31646)
(-0.251713,-0.0893032)
(0.272123,0.739626)
(-0.561431,-0.419221)
(-0.881625,-0.189454)
(-0.968578,-0.360045)
(-0.0316847,-0.268422)
(0.828408,0.125127)
(-0.185957,-0.823921)
(-0.139826,0.685509)
(0.0396287,0.0437349)
(0.769495,0.00602765)
(-0.614102,-0.671794)
(1.45576,0.32036)
(-0.0616071,0.392888)
(0.116892,-0.261886)
(-1.13322,-0.863254)
(0.334226,0.375365)
(-1.07917,-0.557235)
(0.574824,-0.400317)
(-0.572411,-0.550777)
(0.128154,0.0227154)
(-0.625478,-0.379415)
(-0.208279,0.469106)
(-1.84899,0.26848)
(0.96975,0.369309)
(-0.263702,-1.57442)
(0.738666,0.481448)
(0.27949,-0.251601)
(0.209929,0.458267)
(-0.771333,-0.465752)
(1.0655,0.408096)
(0.634038,-0.80362)
(-0.0816452,0.337389)
(-0.520736,0.416905)
(0.642134,0.44586)
(-1.5289,-0.690156)
(0.529733,0.358871)
(-0.481863,-0.489413)
(0.206618,0.765409)
(-0.51564,-0.0956975)
(-0.0436012,0.571001)
(-0.406331,-0.111684)
(-0.72751,0.409892)
(-1.4399,-0.775484)
(0.828877,0.782224)
(0.177467,-0.99378)
(-0.115499,-0.163169)
(0.212853,-0.601444)
(0.135587,0.226077)
(-1.03741,-1.50228)
(0.447785,0.276884)
(0.590614,-0.67801)
(-0.0462222,0.189682)
(-0.0502675,-0.832191)
(-0.0561373,0.78371)
(-0.201653,-0.916305)
(-0.631323,-0.475809)
(0.882035,0.53023)
(0.479597,0.494978)
(0.170244,0.0546157)
(-0.641705,-0.307277)
(-0.0361622,0.392617)
(-0.0781871,0.425062)
(0.527013,-0.493479)
(-0.291502,0.429161)
(0.73819,-0.522203)
(0.103698,0.757459)
(-0.77048,-0.410752)
(-0.114649,-0.193231)
(-0.528259,-0.236893)
(-0.144442,0.135134)
(1.03356,0.179211)
(-0.904767,-0.604037)
(-0.275349,0.584946)
(-0.821455,-0.600216)
(0.552534,0.169836)
(-0.66278,-0.825636)
(0.992418,0.560376)
(-0.525682,-0.415299)
(0.879976,0.789901)
(0.53724,-0.521051)
(-0.508256,-0.69473)
(0.195931,-0.213885)
(-0.0970894,1.10445)
(-0.783631,-1.40086)
(0.263324,0.102225)
(-0.770506,-0.0449016)
(-0.495558,-0.429903)
(-0.487789,-0.789045)
(0.18078,0.760989)
(-0.668764,-0.627677)
(0.39364,0.733066)
(0.320442,-0.574529)
(-1.15394,0.348863)
(0.75373,-0.225431)
(1.47057,-0.0906941)
(-0.880849,-0.811555)
(0.320097,0.889477)
(0.994267,-0.0917798)
(-0.378568,-0.0245123)
(0.475664,-1.26116)
(1.06673,1.14491)
(-0.275535,-1.54385)
(0.284459,0.560507)
(0.22658,-0.330385)
(-0.272453,0.505455)
(0.545799,-0.598518)
(-1.5106,-0.099559)
(0.498516,0.334826)
(-0.965849,-0.812806)
(0.035756,0.185545)
(-0.00528437,0.567355)
(-0.276481,0.310134)
(-0.201847,-0.0903443)
(0.459217,-0.353922)
(0.125134,0.456539)
(-0.0927682,-1.85219)
(-0.9035,0.348314)
(1.01444,-0.789392)
(-0.366068,0.17878)
(0.286667,-0.807822)
(-0.827502,-0.00252748)
(-0.408312,-0.176749)
(-0.663738,0.922545)
(0.687741,-0.177458)
(-0.723019,0.288147)
(0.392525,0.638853)
(0.206363,0.121987)
(0.364285,-0.176668)
(-0.289471,0.805887)
(0.902324,-0.88509)
(-1.36947,-0.749064)
(0.110416,0.139624)
(-0.104707,-0.818764)
(-0.609159,0.297092)
(0.0794722,0.863572)
(0.792495,-1.22822)
(-0.549045,0.0162201)
(0.610395,-0.625578)
(0.00549731,0.686803)
(0.914241,0.574568)
(-1.34159,-0.360789)
(0.777967,-0.524881)
(0.246418,-0.714159)
(0.449916,0.754403)
(0.0568314,-0.3164)
(-0.588872,0.522077)
(0.0463181,0.228787)
(-0.423642,-0.343537)
(0.508432,-0.356397)
(0.309905,0.288517)
(-0.29977,-0.365542)
(-0.636314,-0.304061)
(-0.288601,-0.416808)
(0.613761,0.683356)
(-0.192376,-0.685567)
(-0.0915944,0.289077)
(-0.554152,-0.488886)
(0.0805621,0.540076)
(0.960795,0.186211)
(-0.862166,-0.203524)
(0.774149,-0.0267618)
(0.445296,0.890399)
(0.0541749,-0.137265)
(0.883385,0.961064)
(-0.250347,-0.159179)
(-0.973639,0.295413)
(0.219553,-0.896714)
(0.303406,1.06285)
(0.0538213,-0.205108)
(0.00175172,0.608814)
(-0.294056,-0.747467)
(-1.03495,-0.399781)
(0.894419,-0.679943)
(-0.410176,-0.234113)
(0.478989,0.486488)
(0.639136,0.973932)
(-0.724574,-0.218876)
(-0.329966,-0.0779791)
(0.43821,-0.00282861)
(-0.406239,0.0344368)
(-0.627869,-1.60259)
(0.19108,-0.446852)
(1.17758,-0.696246)
(-0.283664,-0.964519)
(1.54261,0.0578681)
(-1.36962,-1.12442)
(0.253542,-0.799909)
(0.283462,0.0933645)
(0.409769,0.480851)
(-0.640933,0.189632)
(0.18383,0.575019)
(-0.131745,-0.435059)
(1.22826,-0.868895)
(0.0635379,-0.810801)
(-0.099258,0.623871)
(-0.449616,-0.314587)
(-0.11416,-0.362898)
(-0.274444,-0.572262)
(1.1812,0.421848)
(0.118791,0.0619913)
(-0.176121,0.423075)
(-0.27802,-0.401062)
(-0.224953,0.521945)
(-0.143303,-0.193066)
(0.422523,0.597845)
(-0.0673784,-0.517784)
(0.0471753,0.36671)
(0.901072,-0.250772)
(0.155194,0.40526)
(-0.224305,-0.877613)
(0.624391,1.11636)
(0.0886087,-0.481933)
(-0.065142,0.338322)
(0.485198,0.173465)
(-0.1811,0.898378)
(-0.435483,-0.792432)
(-0.0223534,0.939375)
(-1.03777,-1.34641)
(0.0417763,0.553782)
(-0.275689,-0.943807)
(0.055123,0.335929)
(-0.648318,-0.970325)
(0.449839,0.412622)
(0.0408543,-0.277664)
(-0.480282,1.27376)
(-0.0295219,-0.56771)
(-0.171191,0.429201)
(-0.033344,-0.747734)
(0.565707,1.31558)
(-0.335341,-0.522698)
(0.0156193,1.14426)
(0.757402,-0.959736)
(0.540837,1.42535)
(-0.277029,-0.569947)
(-0.824083,0.345268)
(-0.678091,-0.138217)
(-0.0603248,0.702167)
(0.84066,-0.0728393)
(0.369035,0.655314)
(0.634609,-0.963145)
(-0.239163,0.714741)
(0.104632,-0.282898)
(-0.291634,1.02316)
(1.14442,0.470918)
(-0.11597,1.39154)
(1.14475,0.288886)
(-0.194153,-0.440108)
(0.498099,-1.027)
(-0.74278,0.165155)
(1.04097,0.0811538)
(-1.11965,-0.569107)
(0.754704,0.0072757)
(0.360907,-0.203609)
(0.175113,-0.571343)
(-0.610614,0.89203)
(0.567326,0.417404)
(0.252919,-0.239986)
(0.403228,0.800926)
(-0.66619,-0.112993)
(-0.141327,1.42911)
(-0.0832137,0.832705)
(0.403739,-0.273456)
(-0.222919,0.0464917)
(0.671728,0.565601)
(-0.636849,-0.362252)
(-0.513057,-0.029805)
(0.244946,-0.0373795)
(-1.14159,0.804295)
(0.651879,-0.452799)
(0.75412,1.14751)
(-1.28342,-1.24169)
(0.0315258,1.38111)
(0.651321,-0.104878)
(-1.09096,0.588012)
(0.371206,-0.593842)
(0.607626,0.266251)
(0.178898,-0.619408)
(0.690341,0.118174)
(0.460678,0.109213)
(-0.136821,0.650044)
(0.506554,-0.5262)
(-0.0308893,0.492001)
(-0.539155,-0.791452)
(0.132425,0.523884)
(0.698506,-0.248631)
(-0.605502,-0.303046)
(-0.655253,-0.741237)
(-0.0202202,-0.397865)
(-0.772511,-0.337259)
(0.0071812,0.543173)
(0.507533,0.0380074)
(-0.623058,0.442938)
(1.25351,0.368285)
(-0.711421,1.12076)
(0.624507,-0.561704)
(0.401769,0.230937)
(0.0775781,-0.772825)
(-1.08646,0.533365)
(0.413494,-0.556895)
(-0.502177,0.359098)
(0.0613984,0.804436)
(0.639942,0.0220164)
(0.0308143,-1.01093)
(0.152925,-0.0973889)
(0.0173824,-1.12288)
(-1.27253,0.920873)
(1.51736,0.115497)
(-0.216051,0.904349)
(0.6116,-1.23743)
(-0.0124408,1.1289)
(0.422212,0.351178)
(-1.93638,0.397324)
(1.24951,-0.449059)
(-0.3906,0.422882)
(-0.106453,-0.159411)
(-0.294215,-0.104679)
(0.91957,0.455539)
(-0.55668,-0.173452)
(0.741502,-0.586845)
(0.176818,0.161363)
(0.0623335,-0.483485)
(-1.16413,0.611975)
(0.333112,0.807329)
(-1.11362,1.13568)
(0.378958,-0.246091)
(0.183587,0.310113)
(0.307591,0.235023)
(-0.98977,0.209121)
(0.4513,0.0982201)
(-0.225613,-0.0524595)
(1.04756,0.0539532)
(-0.546906,0.047444)
(0.541723,0.325933)
(-0.577785,0.228445)
(-0.190945,0.0722304)
(-0.283582,-0.480193)
(-0.115448,-0.00132148)
(0.581776,-0.0187309)
(-0.47493,0.0725871)
(0.910471,0.0719391)
(0.246656,0.0796965)
(1.3631,0.175569)
(0.571649,-0.608752)
(-0.00642242,-0.05454)
(0.321492,0.90095)
(-0.174613,0.994736)
(0.64894,0.0190303)
(0.180203,0.777881)
(0.530093,-0.130503)
(-0.692462,-0.857155)
(0.416993,-0.115991)
(0.495495,0.287209)
(-0.879097,-0.77036)
(0.19035,0.212489)
(-0.0303843,-0.0334889)
(-0.202824,0.190713)
(0.308116,0.679871)
(0.305772,0.0637947)
(-0.77408,0.415601)
(0.1039,-0.172455)
(0.517193,-0.0403631)
(-0.382216,0.87285)
(1.06632,0.250384)
(0.190288,0.274936)
(0.460614,-0.0189466)
(0.226078,0.127056)
(-0.380315,0.000575633)
(-0.160559,0.304457)
(-0.565167,-0.208958)
(-0.499204,-0.00706293)
(0.00270191,-0.366678)
(-0.783367,0.457549)
(0.433103,0.236342)
---------------------------
f_d = -3000
---------------------------
(-0.652277,-0.661247)
(1.01927,-0.389442)
(-0.129331,0.432224)
(-0.00113554,-0.159839)
(0.636723,0.22976)
(0.609421,-0.304717)
(-0.894801,0.685839)
(-0.448642,-0.416358)
(0.0606051,1.06735)
(0.121202,0.27699)
(-0.128302,0.00774743)
(0.714513,-0.574777)
(-1.14405,0.548877)
(1.32707,0.176996)
(-0.251746,-0.139964)
(0.746272,0.448111)
(-1.06395,-0.530631)
(0.712975,-0.312458)
(-0.244067,0.635688)
(0.889441,0.87449)
(-1.16116,-0.228231)
(0.626192,0.456192)
(-0.252203,0.0176736)
(0.587729,1.3032)
(-0.81957,-0.0957263)
(0.765142,0.213577)
(-1.04005,-0.605751)
(0.213876,-0.415527)
(-0.195187,-0.567987)
(-0.300441,0.575095)
(-0.65889,0.853486)
(0.564529,-0.00519867)
(-1.25721,-0.660563)
(0.230766,0.10329)
(0.899613,0.051707)
(-0.0381586,0.524337)
(-0.780539,-0.659044)
(-0.446874,0.314354)
(-0.116216,-0.659739)
(0.706373,-0.638381)
(0.579557,-0.411714)
(-0.351532,-0.140965)
(0.518939,0.531035)
(0.213667,0.253807)
(-0.266815,0.0600711)
(0.333181,-0.178072)
(0.145312,0.249457)
(-0.398971,-0.0350644)
(0.094857,-0.7578)
(0.140553,-0.328491)
(-0.341952,-1.6972)
(-0.640001,0.153648)
(0.907252,-0.237387)
(-0.325508,0.48937)
(1.08291,0.953353)
(-0.429024,-0.851118)
(0.302481,-0.282385)
(-0.290383,-0.00769681)
(0.322431,-0.266978)
(0.487489,0.358106)
(0.402174,0.15948)
(-0.381751,0.672346)
(-0.168554,-0.389176)
(0.0117508,0.270364)
(-0.00239082,0.0783135)
(-0.432782,0.506057)
(0.745029,-0.622473)
(-1.15714,0.55008)
(0.375341,0.199981)
(0.00590371,0.61288)
(-0.0672179,-0.474116)
(-0.174288,0.00794796)
(1.3752,-0.654471)
(0.0801589,1.4266)
(0.162728,0.191904)
(-0.175914,1.0159)
(-0.168268,-0.0617235)
(-0.491364,-0.325543)
(1.2708,-0.57069)
(-0.163398,1.20042)
(-0.543709,-0.237527)
(-0.256501,0.0206963)
(-0.307699,-1.03983)
(-0.475779,0.685214)
(-0.718328,-1.2)
(-0.222769,0.574814)
(0.0234794,0.310044)
(-0.197657,0.406057)
(0.0991498,-0.583132)
(0.69219,0.200822)
(0.154728,-0.539776)
(-0.724583,0.276721)
(0.848177,-0.494131)
(-0.681342,1.00142)
(0.392515,-0.990758)
(-0.230122,0.753341)
(-0.211976,-0.963289)
(-0.79239,0.483762)
(0.819636,0.0832723)
(-0.0877038,0.990255)
(0.339734,-0.44425)
(0.0390766,0.629352)
(-0.145999,-0.405164)
(0.349979,0.342689)
(0.192233,0.349604)
(-0.589501,0.318758)
(-0.0379866,-1.47794)
(-0.728128,0.246353)
(-0.0282073,0.000602424)
(0.420436,0.439663)
(0.667513,-0.813874)
(-1.25708,0.266804)
(0.830969,-0.213043)
(-0.60558,0.48316)
(0.400999,-0.465919)
(-0.400845,0.465868)
(0.996227,-0.535193)
(-1.05693,-0.203425)
(0.459889,-0.15105)
(-0.661851,0.241433)
(0.216127,-0.357683)
(-0.248339,0.629245)
(0.529757,-0.137298)
(-0.127973,0.080696)
(0.0598569,1.24584)
(-0.469476,-0.650626)
(0.426906,0.501692)
(0.199762,0.200638)
(0.845481,-0.0473778)
(-0.199204,-0.111353)
(0.162586,0.902441)
(-1.40314,-0.172464)
(0.101211,-0.158899)
(-0.367395,0.728499)
(0.979716,0.525535)
(-0.677086,0.018242)
(0.184157,0.791027)
(-0.544756,-0.577784)
(0.850198,0.276288)
(0.398443,-1.48823)
(-0.254289,0.351452)
(0.359348,0.599216)
(0.811855,0.31221)
(-0.524013,0.011594)
(-0.120992,0.263423)
(-0.4231,-0.454928)
(0.366593,-0.283286)
(-1.00856,0.542656)
(0.826699,-0.358902)
(-0.261396,0.110147)
(-0.437417,0.303025)
(-0.0936195,-0.480544)
(0.543586,0.85367)
(-0.472552,0.140497)
(0.900014,0.791232)
(0.150238,0.493087)
(-0.804487,-0.339381)
(-0.691703,0.224688)
(-0.446847,0.0386207)
(0.79732,-1.25509)
(-0.381607,0.66799)
(-0.00465164,-0.147519)
(0.323874,0.285059)
(-0.56564,-0.799481)
(-0.342382,1.01536)
(-0.110551,-0.560741)
(0.431449,0.63648)
(0.240026,-0.473292)
(0.6902,0.250821)
(-0.0858724,-0.450243)
(0.0704652,-0.431043)
(0.23699,-0.947905)
(0.483534,0.597516)
(0.771378,-0.146644)
(1.04884,0.423981)
(-0.575222,-0.453225)
(-0.359998,0.624168)
(1.41874,-0.689365)
(0.0550619,0.591329)
(0.247062,0.104955)
(0.0562642,0.374686)
(0.738831,-0.357907)
(-0.141567,0.24055)
(0.0630041,-0.836646)
(-0.518708,0.566428)
(0.560144,0.143953)
(0.0826994,1.09973)
(0.115309,-0.970943)
(-0.817151,1.07845)
(0.0337885,0.00621712)
(-0.439126,0.784119)
(0.906139,1.09128)
(0.21416,0.216538)
(-0.0654653,-1.35338)
(-0.14009,-0.001059)
(-0.235495,-0.363257)
(-0.455498,-0.00129592)
(0.206416,0.826299)
(-0.0598353,0.873251)
(0.272372,-0.737737)
(-0.606652,0.100697)
(-0.35615,-0.454288)
(-0.26916,0.0617625)
(0.893346,-0.934845)
(-0.678086,0.0242961)
(-0.194217,-0.0290279)
(0.164909,-0.209714)
(0.369264,-0.510505)
(-0.408824,0.131753)
(0.705362,-1.13871)
(-1.09795,0.35392)
(0.237338,-0.0107532)
(-0.412946,-0.337618)
(-0.514102,-0.535993)
(-0.972685,0.0974071)
(0.986726,-1.02919)
(-0.175137,-0.709893)
(-0.230436,-0.124938)
(0.762881,-0.152724)
(-0.45602,-0.260822)
(0.42639,0.0609802)
(-0.100084,-0.058766)
(0.200403,0.41265)
(0.944609,-0.412694)
(-0.546145,-0.356846)
(0.580518,-0.041557)
(0.447256,0.471638)
(0.509598,-1.08399)
(-0.613336,-0.685989)
(0.181479,0.359972)
(-0.466369,0.284035)
(-0.313923,-0.203194)
(0.15495,0.443449)
(-0.517786,-0.596086)
(-0.0353801,-0.239622)
(-0.142823,0.264489)
(-0.0103665,0.421917)
(0.603145,-0.148758)
(-0.203206,-0.281796)
(0.262621,-0.252692)
(0.506867,0.00389485)
(0.952348,-0.127498)
(-0.18079,0.324849)
(0.029988,-0.0995139)
(-0.160759,-0.25182)
(-1.53861,0.828343)
(1.48951,0.711876)
(-0.150381,0.596661)
(-0.302228,-1.34289)
(0.333016,-1.20829)
(-0.195197,-0.00674592)
(-0.0867057,-0.447359)
(-0.129747,0.436523)
(0.0125249,0.257132)
(-0.197717,0.600292)
(0.427265,-0.275416)
(0.784479,0.484426)
(-1.06723,-0.0533749)
(0.350405,0.0944755)
(-0.571013,-0.030118)
(0.616626,0.55243)
(0.0162361,0.681083)
(0.531442,-0.943813)
(0.312522,-0.11652)
(-0.253572,-0.32741)
(0.0510729,-0.983324)
(0.216263,0.396661)
(0.189996,0.0937259)
(-0.656426,0.205371)
(-0.316498,-0.752033)
(0.643785,-0.289557)
(0.187626,-0.508071)
(0.350375,-0.648269)
(0.177319,-1.2055)
(-1.18136,-0.2692)
(0.713237,0.622577)
(0.230995,-0.528424)
(-0.0871362,-0.239625)
(0.0890667,-0.176995)
(0.665452,0.553804)
(-0.360022,-0.81561)
(0.21205,0.419385)
(-0.429386,-0.41376)
(0.157027,-0.420666)
(-0.866968,-0.783864)
(0.676938,1.14026)
(-0.197663,-0.00525795)
(1.02309,-0.169103)
(-0.242717,-1.43613)
(0.479829,0.577689)
(-0.337332,-0.305352)
(1.76303,0.768114)
(0.119126,0.588138)
(-0.24802,0.515697)
(-0.0448871,0.00163892)
(0.513591,0.548037)
(-0.0832323,-0.275755)
(1.03426,0.41387)
(-1.09327,-0.0523185)
(0.215824,0.776001)
(-0.639009,0.42979)
(0.276275,-0.0312654)
(-0.0308776,-0.454212)
(0.163374,0.803098)
(-0.102746,-1.39993)
(-0.100227,0.182295)
(-0.617003,-0.112575)
(-0.535702,0.201191)
(-0.0336175,-0.72787)
(-0.269207,0.511193)
(0.247403,-0.123379)
(0.987311,-0.248945)
(-0.909395,-0.236392)
(0.107199,-0.038187)
(-0.327441,0.649016)
(-0.631501,0.216472)
(-0.395359,0.17665)
(0.427626,0.516089)
(-0.87962,-1.07285)
(0.61771,0.267295)
(-0.779912,-0.732734)
(-0.246464,-0.00522124)
(-0.193588,-0.470447)
(0.25412,0.548489)
(0.401168,0.885366)
(0.317297,0.00929713)
(0.34901,-1.2777)
(-0.163188,-0.0244391)
(1.31117,0.337405)
(-0.826391,-0.146281)
(0.454099,-0.34765)
(0.217593,0.861422)
(0.572438,-0.343239)
(-0.582676,-0.444257)
(-0.16539,-0.330649)
(0.260464,-0.0548681)
(-0.0527551,-0.424293)
(-0.101718,0.289303)
(-0.743616,-0.788765)
(-0.792462,-0.145697)
(0.860299,0.207981)
(-0.629787,0.42832)
(0.543257,-0.0231569)
(-0.366235,-0.0202784)
(0.0754121,-0.549914)
(-0.462226,0.692963)
(0.473409,0.199408)
(-0.361982,-0.223856)
(0.608892,0.380766)
(0.715733,-0.518958)
(-0.0451668,0.171936)
(-0.322698,-0.726128)
(0.798635,-0.25672)
(-0.732291,1.28285)
(0.660994,0.572723)
(-0.322684,0.199121)
(-0.651714,0.743592)
(0.214604,-0.65392)
(0.272139,-0.366522)
(-0.54835,0.233071)
(0.552932,-0.64717)
(0.0795007,0.0284868)
(-0.283603,0.181598)
(-0.656752,-0.498768)
(-0.209009,0.502373)
(-0.703891,-0.546443)
(0.787775,-0.654737)
(-0.573783,0.243725)
(0.684875,0.859798)
(-0.634402,-0.857661)
(0.570484,0.6557)
(-0.586718,-0.996829)
(-0.0348159,-0.409669)
(0.598291,-0.300091)
(-0.551602,0.45235)
(0.532835,-0.642361)
(-0.521865,-0.196969)
(-0.302027,0.996982)
(0.444354,0.115737)
(-0.182491,0.10196)
(-0.150162,1.04223)
(-0.513653,-0.181087)
(-0.130332,-0.059246)
(-1.15834,-0.286525)
(0.40406,0.877715)
(-0.312255,0.157008)
(-0.681587,-0.604704)
(-0.165114,-0.176866)
(-0.0347003,0.33086)
(0.717917,-0.0180923)
(-0.34138,0.988282)
(0.923865,-0.755059)
(-0.429445,0.542099)
(0.164842,-1.22587)
(-0.666743,-0.0419947)
(0.314112,-0.62217)
(-0.451488,0.943518)
(0.864501,-1.31875)
(-0.564619,0.502132)
(0.885181,-0.473912)
---------------------------
f_d = -2000
---------------------------
(0.127509,0.296074)
(0.82831,-0.238423)
(-0.750792,0.473135)
(0.120723,0.381735)
(-0.987211,0.0247163)
(1.12509,0.0877424)
(-1.03594,0.0998648)
(0.578087,-0.10288)
(-1.37817,0.363649)
(1.0728,-0.412247)
(-0.260695,0.10653)
(-0.0458629,0.220493)
(-0.333397,0.10837)
(0.0352041,-0.493302)
(-1.06599,-0.148718)
(1.2524,0.109307)
(-0.997467,-0.0535431)
(1.33061,0.542195)
(-0.997022,0.232408)
(0.232132,0.92959)
(-0.206223,0.271531)
(0.826334,0.412959)
(-1.15675,-0.312395)
(0.438838,-0.0348808)
(-0.16,0.0634487)
(-0.498987,0.586009)
(-0.200336,-0.703393)
(0.975054,1.18755)
(-0.92755,0.156682)
(0.41821,-0.181308)
(-0.619937,0.401904)
(-0.252797,-0.53238)
(-0.384148,0.804572)
(0.0533339,0.746698)
(-0.55823,-0.67861)
(0.0516194,0.0600059)
(0.368284,-0.204531)
(0.050108,-0.210746)
(0.153714,-0.269926)
(1.01005,0.694183)
(-0.507965,0.0623476)
(1.1806,-0.000318899)
(-0.177139,0.336881)
(-0.5796,-0.772274)
(0.0687604,0.018953)
(-0.192519,-0.349669)
(-0.490886,-0.122655)
(0.516738,-0.237524)
(-0.00218549,-0.0339218)
(-0.204337,0.301684)
(0.60942,-0.00649433)
(0.164791,-0.548853)
(0.482116,0.565641)
(0.373944,-0.112142)
(-0.0608765,0.275186)
(0.505304,-0.236025)
(-0.527124,0.518336)
(-0.398957,-0.226119)
(0.209503,0.529125)
(-0.440094,-0.0591434)
(-0.582934,-0.687746)
(0.20116,0.314074)
(0.168848,-0.0961548)
(-0.244524,0.175274)
(0.797264,0.279183)
(0.395893,-0.289534)
(0.696051,0.153911)
(0.801459,0.808018)
(-0.151606,0.55697)
(-0.69742,-0.324027)
(-0.809729,0.127593)
(-0.421045,0.0237325)
(-0.254762,-0.335971)
(0.457706,0.639392)
(-0.170021,-0.0655874)
(0.305751,-0.0483094)
(0.297313,-0.928909)
(0.53494,0.260173)
(-0.0135158,0.996101)
(1.65585,-0.776709)
(-0.163167,-0.217369)
(0.0311201,0.896815)
(-0.648063,-0.534828)
(0.351583,-0.455836)
(0.366674,0.883146)
(0.51005,-0.476984)
(-0.459391,-0.658775)
(0.720417,0.947432)
(0.708426,0.91904)
(0.647151,-0.198383)
(-0.0882138,-0.112956)
(1.06139,0.00137994)
(-1.22894,-0.646314)
(0.648002,0.311994)
(-0.546405,-0.0765499)
(-0.15959,-0.330248)
(-0.895676,-0.116367)
(0.951184,0.375377)
(0.0945286,-0.467876)
(-0.427504,-0.00912072)
(0.256145,-0.11145)
(0.388717,-0.0441434)
(0.54367,-0.168129)
(0.394112,-0.508581)
(-0.159061,-1.06608)
(0.26969,0.743068)
(-0.199703,-1.51646)
(-0.177788,0.245631)
(0.297052,-0.632793)
(0.615271,0.747946)
(-0.299286,0.299899)
(0.165051,-0.249593)
(-0.0446593,0.314038)
(-0.311159,0.285594)
(-0.416961,-0.819725)
(0.233379,-0.147129)
(0.593558,-0.320125)
(0.586147,0.403398)
(-0.0367747,-0.0381522)
(0.310381,1.09105)
(-0.123395,-0.818454)
(-0.452259,-0.00404142)
(0.142502,-0.255544)
(0.119352,0.271513)
(-0.0119007,0.12667)
(-0.800004,-0.62541)
(0.103636,-0.00757059)
(-0.625837,-0.419351)
(0.556763,-1.27901)
(0.476527,-0.138298)
(-0.0776265,-0.108955)
(-0.3482,1.06494)
(0.302737,-0.311254)
(-0.358252,-0.224606)
(-0.222303,-0.289746)
(0.454443,0.199669)
(0.0871664,0.777729)
(0.334116,-0.0317798)
(0.447943,0.143052)
(0.166273,0.610898)
(0.161984,-0.921096)
(0.276048,0.0978852)
(0.0819831,0.360342)
(0.96779,0.939478)
(0.254905,-0.298939)
(0.578821,1.27895)
(0.0228302,-0.995642)
(-0.150571,-0.250609)
(0.555432,0.311395)
(-0.313902,0.93729)
(0.137011,-0.423322)
(1.09722,0.618856)
(-0.653463,-0.653722)
(0.0916448,-0.313553)
(0.0533966,-0.91904)
(0.74132,0.816159)
(-0.512728,0.036483)
(1.48251,0.28716)
(0.144237,-0.664889)
(0.0340343,0.72635)
(-0.117516,-1.52359)
(-0.231279,0.834367)
(-0.115531,-0.360257)
(-0.248147,0.157004)
(-0.147749,-1.2342)
(-0.433272,0.873285)
(-0.088937,-0.256235)
(0.789083,0.0220577)
(0.193328,-0.961539)
(1.22057,1.31555)
(0.342969,-0.541644)
(-0.625867,0.337515)
(-0.0670119,-0.793535)
(0.855796,1.4524)
(-0.214334,-0.903968)
(-0.0504498,0.0324854)
(-0.428616,-0.0824623)
(0.10436,0.286517)
(-0.0931507,-1.5301)
(0.340438,1.21655)
(0.537995,-0.317106)
(-0.489546,0.80574)
(0.667875,-0.538647)
(0.588128,1.25562)
(0.318709,-0.937168)
(-0.0604705,0.353796)
(-0.120948,-0.992192)
(-0.690899,0.740642)
(0.200321,-0.300452)
(0.289937,-0.0659224)
(0.670368,-0.126093)
(-0.00847741,-0.280954)
(-0.0584157,-0.589757)
(-0.109826,-0.0350861)
(0.103715,0.47108)
(0.341073,1.52219)
(1.29113,-0.392505)
(-0.863747,0.404166)
(1.03566,0.044396)
(0.112844,1.18874)
(0.399435,0.424934)
(-0.772622,0.466718)
(0.724806,0.262813)
(-0.941392,-1.08315)
(0.604781,0.502453)
(-0.825994,0.0564828)
(0.487876,-0.531538)
(-0.0440888,0.794259)
(0.0828123,-1.18163)
(-0.565011,-0.133618)
(0.762777,-0.759855)
(-0.80931,-0.440232)
(-0.0279168,-0.814793)
(-0.602546,-0.288238)
(0.676198,1.1926)
(-0.592056,-1.16538)
(0.474547,-0.470326)
(-0.265557,-0.524955)
(-0.270014,-0.39443)
(-0.0505144,0.85842)
(0.382257,0.225086)
(-1.4992,0.44235)
(1.85933,-0.57451)
(-0.679398,-0.107439)
(0.10402,-1.24374)
(-1.35347,-0.108805)
(0.0999382,0.621691)
(-1.50911,-1.09825)
(1.11052,0.197312)
(-0.199457,0.127426)
(0.745568,-0.011688)
(-0.192173,-0.870154)
(0.677195,-0.604988)
(-0.389483,0.947635)
(0.500548,0.0448328)
(-0.238295,-0.0563966)
(1.0113,0.546989)
(-1.88913,-0.42827)
(1.27954,0.104393)
(-0.167471,0.0785908)
(0.340931,0.620894)
(-1.36159,-0.078851)
(0.645906,0.465824)
(-0.18179,0.0825322)
(0.699366,0.143267)
(-0.135649,0.398441)
(1.17688,-0.0968195)
(-1.7069,0.0140045)
(-0.0607459,-0.402887)
(-1.22732,-0.150212)
(0.913658,0.846547)
(-0.475064,-0.1736)
(0.604682,0.731513)
(-0.561239,0.23599)
(0.338728,-0.378492)
(-0.228652,0.522491)
(0.132827,-0.377754)
(0.104207,-0.862288)
(-0.257241,0.0463257)
(-0.825812,0.128725)
(0.477724,0.358513)
(-0.744039,-0.467187)
(0.961542,0.9206)
(-0.853938,0.242082)
(1.10655,-0.0606794)
(-1.7918,0.881736)
(0.0982616,-0.153276)
(-0.125076,-0.672517)
(0.516017,-0.0905847)
(-0.159751,-0.665508)
(0.287938,-0.454226)
(-0.608467,-0.45981)
(0.535172,0.43385)
(-0.473295,-0.828451)
(0.331342,0.644739)
(-0.19681,-0.448296)
(-0.474701,0.155678)
(-0.479038,-0.192545)
(0.571485,-0.475226)
(0.00661582,-1.25609)
(-0.248523,-0.764549)
(-0.929279,-0.0296454)
(-0.55969,1.26041)
(0.460744,-0.716851)
(1.15176,0.482011)
(0.385387,0.1468)
(1.61533,1.01072)
(-1.09615,-0.142697)
(0.600693,0.501263)
(-0.686489,-0.146219)
(-0.00551456,0.384304)
(0.473375,-0.0486498)
(-0.33692,0.299056)
(-0.568029,-0.61035)
(-0.39377,-0.0883185)
(0.0487262,0.0552659)
(0.340846,-0.229313)
(-0.405901,-0.493465)
(-0.278359,1.1216)
(0.719387,0.29252)
(0.39722,0.310269)
(0.409856,-0.201717)
(-0.976212,0.166463)
(-0.928061,0.287975)
(-0.944979,0.264525)
(-1.25538,-0.669248)
(0.0682291,1.11088)
(1.20116,-0.411985)
(-0.283213,-0.625076)
(-0.297971,-0.306148)
(0.400226,0.658973)
(-0.690515,-0.239807)
(0.0165746,1.09054)
(-0.0322534,-0.984609)
(-0.952372,0.126165)
(0.782207,0.50592)
(-0.491329,0.00161656)
(1.15225,-0.271909)
(-0.491679,0.80801)
(0.376794,-0.46162)
(0.510549,-0.00638574)
(0.444979,-0.320986)
(0.841931,0.393462)
(0.20378,-0.629262)
(0.20964,0.593266)
(-0.349645,-0.491708)
(-0.20851,0.893642)
(-0.541028,-1.34103)
(-0.235676,0.564386)
(-0.763141,-0.719738)
(-0.819417,0.822647)
(0.808859,-0.866915)
(-0.315356,0.492098)
(-0.134788,-0.812328)
(-0.824747,0.116052)
(0.127771,-0.475533)
(0.335809,0.593746)
(-0.326752,-0.0886163)
(-0.302864,0.777982)
(0.190638,-1.61031)
(-0.16653,0.674612)
(-0.306376,-0.0316045)
(-0.6326,0.0975693)
(-1.16431,-0.415008)
(-0.650916,0.614574)
(-0.711337,-0.716449)
(0.681498,0.414412)
(0.16887,-0.248662)
(-0.106212,0.548608)
(-0.0314633,-0.597103)
(0.114106,1.09512)
(-0.689561,-0.567929)
(-0.0571672,0.762923)
(0.0873642,-1.69982)
(-0.435056,0.472912)
(0.841647,-0.0226232)
(-0.229545,0.370159)
(0.441242,0.0692808)
(-1.35836,-0.563737)
(-0.540263,-0.78797)
(0.925619,0.270896)
(0.104782,-0.641121)
(1.16605,0.0349521)
(-0.24503,0.392152)
(-0.0306272,0.971271)
(-0.7407,-0.728998)
(-0.18693,1.1132)
(-0.978568,-0.0531591)
(0.179818,0.7539)
(-0.601422,-0.491207)
(0.571839,0.979392)
(-0.44763,-0.368791)
(0.00818713,0.638817)
(0.191568,-0.376204)
(-0.390789,1.05886)
(0.31473,-0.938568)
(0.143465,1.54084)
(0.315053,-0.552486)
(-1.05652,-0.722208)
(0.0186176,0.730011)
(-0.474465,-0.0598076)
(-0.275623,-0.0831886)
(0.133347,-0.221394)
(0.181303,-0.652297)
(0.47251,-0.0721785)
(-0.0477241,-0.802894)
(0.441166,1.15526)
(-0.696041,-1.15051)
(-0.213503,0.245995)
(0.219252,0.0456254)
(-0.92378,-0.273571)
(0.629316,-0.353692)
(-1.2832,0.0327291)
(-0.623024,-0.526399)
(-0.319683,0.415146)
(1.12793,-0.196568)
(-0.929343,-0.385675)
(0.488942,0.0540382)
(-0.80344,-0.0762419)
(-0.379516,-0.454855)
---------------------------
f_d = -1000
---------------------------
(-0.815331,-0.778208)
(0.199912,0.779417)
(0.810366,-0.361154)
(-0.135037,0.428073)
(-0.0989677,-0.947775)
(0.941906,0.76195)
(-0.22856,-0.407936)
(0.884766,0.115125)
(-0.591947,-0.724991)
(0.348705,0.899205)
(-0.0825806,0.0240375)
(-0.0807601,0.645871)
(0.178959,-0.719325)
(0.794917,0.720122)
(-0.920579,-0.369156)
(0.434886,1.12496)
(-0.321451,0.102238)
(0.0170999,-0.590978)
(-0.611628,-0.59195)
(0.266228,-0.193953)
(-0.137483,-0.731994)
(0.226517,0.433534)
(-0.708171,-0.0256066)
(-0.12421,1.78379)
(-0.0504541,-0.756265)
(-0.0660342,0.407805)
(0.373203,-0.438392)
(-0.0429306,-0.224712)
(0.789667,-0.477833)
(-0.27611,-0.148419)
(-0.253942,-0.38856)
(0.493434,-0.78727)
(0.0714394,-1.20872)
(-0.31909,0.0563037)
(0.113799,0.666321)
(-0.0361028,-0.412546)
(0.315538,0.290582)
(-1.03543,0.95481)
(0.794504,0.442614)
(-0.139555,1.01525)
(0.252125,-0.614904)
(-0.642167,-0.678919)
(0.132486,0.591562)
(-0.850869,-0.0242892)
(0.577117,0.110581)
(-0.335043,-0.52474)
(0.520842,-0.291433)
(-0.805654,-0.576696)
(0.403729,1.6302)
(-0.564385,0.343645)
(0.370372,0.588331)
(-0.998565,-0.767805)
(0.126308,0.381341)
(-0.677603,-0.0960696)
(0.70967,0.390704)
(-0.98602,1.1041)
(-1.29096,0.349055)
(-0.153053,-0.598617)
(0.192221,-0.430339)
(-0.801854,-0.39412)
(1.37095,0.294798)
(-0.386717,-0.328576)
(0.144937,0.0305987)
(0.30912,-0.160764)
(0.548703,0.338265)
(-0.888172,-0.263964)
(0.982955,-0.000772897)
(-0.0975385,-0.283618)
(0.679353,-0.0440356)
(0.11599,-0.170695)
(-0.0435656,-0.026769)
(-0.530279,-0.791858)
(1.03633,0.00494033)
(0.568125,-0.207536)
(0.394188,0.120521)
(-0.536542,-0.714013)
(0.264448,0.654515)
(-0.208849,0.277775)
(0.74099,0.943597)
(-0.224799,0.57481)
(-0.164629,-0.276328)
(0.217215,0.167672)
(-0.618723,0.309735)
(0.487287,0.158431)
(-0.425181,0.0634311)
(-0.224898,-0.0291335)
(0.0715995,-0.757572)
(0.45846,0.302366)
(0.230006,-0.48437)
(-0.120272,-0.391314)
(0.463398,0.288488)
(0.105129,-1.04703)
(0.201727,0.3244)
(0.377411,0.197216)
(0.489746,-0.289903)
(0.451958,0.309572)
(-1.14492,0.625289)
(0.499596,-0.476007)
(0.163967,0.736519)
(0.808579,0.379248)
(-0.265457,-0.130477)
(0.228439,0.30043)
(-0.306011,-0.463014)
(-0.352678,0.226571)
(0.0719776,-0.21229)
(0.347742,1.06447)
(-1.02031,-0.0147389)
(0.212701,0.520901)
(-1.53202,-0.255132)
(-0.250763,-0.0163683)
(0.237419,-1.65943)
(-0.117774,0.0176069)
(0.374932,0.724746)
(0.346471,-1.05161)
(-0.041083,-0.958796)
(-0.262868,-1.05699)
(0.389752,-0.0776556)
(-0.0752461,-0.235667)
(-0.152092,1.05153)
(-0.450363,0.503462)
(-0.688639,-0.450124)
(0.067234,-0.606071)
(-0.207389,-0.236864)
(-0.0996977,-1.07449)
(1.12314,-0.235374)
(-0.63899,-0.0418959)
(0.163969,-0.0969344)
(-0.00746494,0.83372)
(0.506183,0.121089)
(0.358338,-1.40652)
(-0.0552512,0.249656)
(-0.0324454,-0.48097)
(0.463415,0.149906)
(0.652882,-0.309513)
(0.53248,0.334207)
(-0.614685,-0.569356)
(0.524328,-0.585719)
(-0.621382,-0.206541)
(-0.176391,0.732713)
(-0.480633,-0.173409)
(0.0797854,0.638766)
(-0.674125,0.23803)
(0.327469,0.0301006)
(0.258813,0.0666343)
(0.115732,0.516183)
(0.560663,-0.750867)
(0.0466853,0.1426)
(-0.703434,0.103069)
(-0.415375,-0.0427365)
(-1.42541,-0.449249)
(1.29024,-0.500327)
(-0.37292,-0.0494032)
(1.15557,-0.20162)
(-0.353961,-0.431428)
(0.290944,0.108616)
(0.74268,-0.82376)
(-0.03015,-0.25928)
(0.130959,0.121637)
(-0.251674,0.378019)
(-0.109695,-0.559734)
(-0.417375,0.277489)
(-0.155361,-0.354491)
(0.0394832,0.313209)
(0.00968886,-1.05662)
(-0.457111,0.816692)
(-0.191719,0.0957974)
(0.574016,-0.0155736)
(-0.598375,-0.12832)
(-0.229066,0.672853)
(-0.415526,-0.314532)
(-0.788343,0.493727)
(-0.492029,0.0288533)
(0.173708,0.869484)
(0.00519581,-0.690947)
(0.242763,0.204908)
(0.313109,-0.217313)
(0.648095,-0.139272)
(-0.147276,-0.450169)
(0.0645762,-0.131441)
(0.172346,-0.429701)
(0.61883,0.205856)
(0.268298,0.310242)
(0.215175,0.209042)
(0.106304,0.681425)
(-0.00268707,0.414757)
(0.0969994,-0.575823)
(0.0289421,0.631984)
(-0.424152,-0.052252)
(0.45084,-0.480648)
(0.0560311,1.01881)
(-0.309137,-0.37234)
(-0.46075,0.508047)
(-0.0281868,-0.202645)
(-0.153778,0.0532224)
(-0.0869954,-0.50985)
(0.378681,0.0708198)
(-0.0102093,0.0968954)
(0.0991412,0.671329)
(0.829831,-0.831082)
(-0.0598788,0.41342)
(0.116729,-0.0126747)
(-0.0786201,0.741216)
(-0.386577,0.146605)
(-0.378039,0.729164)
(-0.570108,-0.173459)
(-0.499004,-0.196121)
(0.363145,0.451827)
(-0.428077,-0.952092)
(0.208136,-0.658695)
(-0.366272,0.288019)
(-0.530152,-0.30157)
(0.229573,0.705258)
(-0.425924,0.170832)
(-0.50502,-0.303261)
(0.274318,-1.10399)
(-0.651703,0.884795)
(-0.367992,-0.345443)
(0.4067,0.153091)
(0.0755639,0.109066)
(-0.0199158,-0.446988)
(0.195837,-0.721911)
(-0.0684466,-0.75038)
(0.137861,0.915462)
(-1.14518,0.361943)
(0.193879,-0.117384)
(-0.273978,-0.46488)
(0.324337,0.525818)
(0.397448,-0.172161)
(0.0439104,0.151815)
(-1.07824,0.53761)
(-0.128889,0.676762)
(0.404569,-1.01687)
(-0.0842253,0.428247)
(-0.741451,-0.861248)
(0.772908,-0.435265)
(0.43349,0.282115)
(-0.0634626,0.239186)
(0.172516,0.606558)
(1.26133,-0.0732388)
(0.0912519,-0.548145)
(0.0418566,0.368478)
(-0.0237941,0.247801)
(-0.0803698,1.11537)
(0.175409,0.574718)
(0.7006,0.087794)
(0.707328,-0.748439)
(-0.238985,1.19183)
(0.154081,-0.820994)
(0.438582,-0.184728)
(-0.232893,0.964032)
(1.04537,-0.286139)
(-0.236933,0.0793646)
(0.0868818,-0.232053)
(-0.681378,-0.218272)
(0.363216,0.149855)
(-0.324394,-0.545445)
(0.288601,0.56764)
(0.173904,0.208789)
(-0.163387,-0.105715)
(0.845913,-0.0556946)
(-0.00717217,0.207919)
(0.465649,-0.132888)
(0.115711,-0.0874386)
(-0.512698,-0.20163)
(0.614455,0.674623)
(-0.0477756,-0.233459)
(0.689079,0.207629)
(-0.106008,0.0843773)
(-0.395383,-0.0102599)
(-0.681384,-0.945472)
(-0.2831,-0.200846)
(0.322912,0.488414)
(-0.613157,-0.0754299)
(0.0816682,0.688323)
(-0.0740256,0.0078951)
(-0.437364,0.959415)
(0.0878499,-1.15065)
(0.0332048,0.257483)
(0.0302112,0.05173)
(-0.593679,-0.883095)
(0.701764,0.33809)
(-0.13132,0.67612)
(-0.0146151,0.0414883)
(0.325608,0.607504)
(-0.30433,-0.674343)
(-0.79649,0.392619)
(-0.557206,0.123276)
(0.245644,-0.663834)
(-0.0138946,0.118866)
(-0.0225164,0.861546)
(0.595074,-1.17901)
(1.06769,0.838359)
(-0.456984,-1.34233)
(0.133291,-0.315119)
(-0.233893,0.0217734)
(0.929165,1.33488)
(0.959951,-1.33371)
(0.0791751,1.08572)
(-0.826453,-0.900675)
(0.566539,0.232862)
(-0.218729,-0.631827)
(0.86728,-0.026153)
(-0.399668,-0.207791)
(0.808299,-0.00217778)
(-0.134203,-0.139994)
(0.335626,1.01624)
(0.732957,0.772001)
(-0.659677,0.488116)
(-1.16909,-0.76176)
(0.804424,-0.649365)
(-0.258644,0.227915)
(-0.12613,-0.185562)
(0.210922,-0.0393889)
(0.736672,0.386762)
(-0.683354,-1.80604)
(0.849656,-0.168287)
(-0.190444,-1.3084)
(0.709694,1.21673)
(-1.05457,-0.605788)
(0.340499,1.13085)
(-0.142674,0.0050921)
(-0.446843,1.20534)
(-0.317252,-1.13251)
(0.757813,0.279202)
(-0.652766,-0.81159)
(-0.103834,0.105026)
(-0.501721,-0.8121)
(0.91476,0.426082)
(-0.191826,0.411368)
(-0.133104,-0.312592)
(-0.100541,-0.529222)
(-0.0763746,0.829935)
(-0.782014,-0.136242)
(0.180488,0.736889)
(-0.346024,0.698705)
(0.493075,0.300034)
(0.089814,-0.963285)
(-0.545783,0.167392)
(-0.423849,-0.611273)
(-0.563262,0.960902)
(-0.755426,-1.72151)
(0.442177,0.939867)
(0.470253,-0.637581)
(0.512787,0.803236)
(0.459375,0.181756)
(-0.564145,1.06789)
(0.620312,0.624639)
(-0.810512,-0.371886)
(0.471601,-0.168047)
(0.150137,0.290127)
(-0.233087,0.496628)
(-0.3272,-0.0483812)
(0.276329,0.16489)
(0.0354061,-0.139437)
(-0.730851,-1.16887)
(0.459713,0.629929)
(0.340935,-0.967741)
(-0.209072,0.369798)
(0.454093,0.509224)
(0.189829,0.759481)
(-0.0249504,-0.575357)
(-0.172648,0.578753)
(0.568331,-0.321522)
(-0.982307,0.510136)
(0.959361,-0.139985)
(0.0073706,0.367649)
(-0.399897,0.185617)
(0.418871,0.157109)
(-0.0971989,-0.0135243)
(-0.568151,-0.168225)
(0.324388,0.940448)
(-0.624764,0.0450897)
(-0.602489,-0.272079)
(0.287112,0.294274)
(-0.408424,0.318092)
(-0.0457029,0.270197)
(0.696385,-0.464204)
(-0.784782,0.578227)
(0.496087,-0.457301)
(-0.016005,-0.030865)
(0.0279896,-1.22398)
(0.238312,0.658517)
(0.0412908,-0.707273)
(0.506936,0.0795447)
(0.477112,0.190792)
(-1.25922,0.850865)
(0.00173547,-0.741734)
(-0.821085,0.189631)
(-0.0101515,0.353944)
(-0.197537,0.585559)
(0.452112,-0.169696)
(-0.503046,0.392236)
(-0.70666,-0.612423)
(0.501792,0.498666)
(-0.475202,-0.177911)
(0.587244,0.564982)
(0.388395,-0.823195)
(0.364194,-0.0194225)
(-0.0413422,-0.666061)
(1.45731,2.24711)
---------------------------
f_d = 0
---------------------------
(-0.116923,-0.142065)
(-0.884713,0.1603)
(0.114449,-0.250416)
(0.647052,0.211066)
(-0.0307668,-0.0413047)
(-0.388417,-0.84265)
(-0.721604,-0.154851)
(-0.736623,-0.877971)
(-0.550479,-0.091746)
(1.29163,-0.0357931)
(-0.521506,0.810283)
(0.0257904,0.210203)
(-0.114978,1.11178)
(0.218095,0.451757)
(-0.581335,-0.580948)
(1.03074,1.07809)
(0.142398,0.14126)
(-0.453172,-0.144619)
(-0.264493,0.548287)
(0.190639,-0.598872)
(0.0162044,0.272008)
(-0.47267,-0.163278)
(0.0867042,-0.194577)
(0.60012,-0.662044)
(0.154946,0.467352)
(-0.0969751,-0.797888)
(0.238284,-0.302374)
(0.51731,0.362183)
(-0.0244982,-0.943961)
(0.356089,-0.213416)
(0.204156,1.15322)
(-0.876228,-0.580998)
(-0.432539,1.08747)
(-0.39884,0.572025)
(0.0377604,1.05542)
(-0.208909,-1.05928)
(-0.309096,1.52433)
(-1.30348,-0.503805)
(0.334633,0.663578)
(-0.979277,-0.927703)
(0.0340649,-0.539614)
(-0.834747,-0.402135)
(0.420896,0.555884)
(-0.783689,-0.305473)
(0.572215,0.988643)
(-1.49818,-0.696419)
(0.74762,-0.150749)
(-0.487252,-1.07323)
(0.509356,-0.224277)
(-0.170354,-0.899727)
(0.718155,0.641042)
(-0.651525,-0.703122)
(0.581366,0.674523)
(-0.735601,-0.575004)
(0.227077,-0.160611)
(-0.659072,0.632418)
(1.08429,0.07729)
(-0.920188,-0.305557)
(0.57673,1.25754)
(-0.258989,0.091719)
(-0.0785208,0.647863)
(-0.609193,-0.670292)
(0.660557,0.596541)
(-1.7389,-0.593905)
(0.584237,0.816956)
(-0.175828,-0.575203)
(0.166284,0.013827)
(-0.55533,-0.72979)
(0.869387,-0.677803)
(-0.362857,-0.137107)
(0.846403,0.496924)
(-1.57911,-0.479917)
(1.79154,0.761544)
(-0.746927,-0.208438)
(0.315265,1.12501)
(-0.565558,-1.35593)
(1.05666,0.774688)
(-1.59385,-0.349452)
(0.718433,-0.0622493)
(0.123545,-1.15496)
(0.556236,0.428244)
(-0.162302,0.323677)
(0.366076,0.653706)
(-0.0550694,0.241859)
(0.810707,0.850983)
(-0.17867,-0.717482)
(0.44111,-0.152256)
(-0.503568,0.02167)
(0.441564,1.07044)
(-0.877834,-0.459)
(0.86118,0.475942)
(-0.509689,0.213609)
(0.673923,0.396286)
(0.0273516,0.00295709)
(-0.122346,1.02237)
(-0.359422,0.345118)
(0.0770185,0.441859)
(0.258204,0.364595)
(0.275818,0.222366)
(-0.650688,0.0738562)
(-0.849503,1.41394)
(-1.16998,0.303757)
(0.140032,0.568447)
(-0.991756,-0.10108)
(-0.35394,-0.227802)
(0.348584,-0.187646)
(-0.21683,-0.127436)
(-0.262376,-1.50153)
(0.105956,0.470387)
(-0.497157,-0.139747)
(-0.0771943,-1.17571)
(-0.314621,-0.286145)
(0.583374,0.311645)
(0.0564267,-0.218827)
(1.37207,0.271907)
(-0.575429,0.279216)
(0.761496,0.380436)
(0.159374,-0.930397)
(0.143004,0.143173)
(-0.0798013,-0.819858)
(-0.0941277,-0.134421)
(0.0374904,0.744741)
(0.312865,0.27814)
(-0.52562,-0.164531)
(0.314168,-0.147555)
(-1.10001,-0.55545)
(1.3123,0.0714276)
(-0.684744,1.1298)
(0.396994,-0.451036)
(-0.690867,-0.352604)
(0.636908,0.619965)
(-0.760408,-1.06047)
(0.059443,0.00494327)
(0.192452,0.201961)
(-0.141553,-0.147124)
(-0.849556,0.200554)
(1.09701,-0.404078)
(0.114706,0.496044)
(0.24147,-1.26901)
(-1.0915,0.13202)
(0.761346,0.430052)
(-0.230878,0.406008)
(-0.182922,-0.47465)
(0.224266,1.04685)
(-0.156664,-0.0879959)
(-0.854571,0.0924496)
(0.00617456,0.594601)
(0.332856,-0.138716)
(0.670941,-0.533706)
(-0.297338,-0.0445165)
(0.283284,-1.13051)
(-0.519818,0.228586)
(0.55084,-1.16133)
(-0.487331,1.1244)
(0.434273,-0.438076)
(0.616556,0.629243)
(-0.581641,-0.180471)
(-0.788898,0.111139)
(0.440535,-0.382434)
(-0.884013,0.707866)
(0.00679371,-0.953011)
(1.16914,0.518238)
(0.508989,-0.183092)
(-0.427827,-0.109969)
(-0.243535,-1.12922)
(-0.334399,0.863147)
(0.291862,0.0805644)
(0.380184,-0.135709)
(-0.420887,-0.690276)
(0.104478,0.335338)
(0.586488,0.153306)
(-0.362223,-0.415269)
(0.240472,0.0450841)
(-0.369179,-0.0549624)
(0.849791,-1.52885)
(0.582312,1.43515)
(0.0687935,-0.51969)
(-0.333393,0.302404)
(0.162373,-0.00189599)
(-0.403268,0.618842)
(0.436168,0.0446547)
(0.629644,0.638895)
(-0.355752,-0.177146)
(-0.223805,1.15432)
(-0.0972035,-0.0127706)
(-0.0548112,1.15332)
(-0.110939,-0.871256)
(0.528348,0.785207)
(-0.437302,-0.693682)
(0.343403,0.0223481)
(-0.0959851,0.0498584)
(0.877123,0.177706)
(-0.844526,-0.076566)
(1.00309,0.966613)
(-0.623473,-0.746045)
(0.450727,0.179412)
(0.181406,0.0869254)
(0.527196,0.412377)
(0.00561669,0.23089)
(-0.753985,0.782183)
(-0.340528,-0.453042)
(0.312196,0.817184)
(-0.217416,-0.155691)
(0.177982,-0.341514)
(0.533907,0.159464)
(0.265423,0.629185)
(-0.917442,-0.241161)
(0.301167,0.396938)
(-0.844462,0.417401)
(0.477686,-0.355676)
(-0.497944,-0.0273832)
(-0.0682397,0.377482)
(-0.349288,0.309945)
(0.14598,0.0292876)
(-0.298962,1.09637)
(0.22732,0.594912)
(0.100308,-2.15874)
(-0.534874,0.945664)
(-0.339117,-0.52075)
(0.492034,0.392037)
(0.0446045,-0.542348)
(-0.218171,0.625452)
(-0.598026,0.16218)
(0.3164,-0.0978423)
(-0.737192,-0.271801)
(0.427738,0.552969)
(0.278473,-0.613784)
(0.489612,0.729652)
(-0.201587,-0.839121)
(-0.00499204,-0.15566)
(-0.227667,-1.46895)
(0.675386,0.585254)
(-0.636792,-0.858979)
(-0.372305,0.269561)
(0.599537,0.177462)
(0.961954,0.258688)
(0.659128,0.0191088)
(0.758534,0.187337)
(-0.702506,0.0831391)
(-0.307134,0.606764)
(0.0646361,-0.425929)
(0.903286,-0.21565)
(-0.195324,-0.897967)
(1.2962,-0.0114896)
(-0.595087,-0.358582)
(0.849689,0.440296)
(-0.513569,-0.131008)
(0.999539,-0.0872447)
(0.693072,-0.00444312)
(0.675742,-0.288445)
(-0.382587,0.0542203)
(0.650044,-0.396162)
(-0.197182,-1.02066)
(0.336727,-0.607218)
(0.456628,-0.144286)
(-0.214046,-0.578171)
(-0.425594,-0.999844)
(0.561261,0.0273087)
(0.0542861,-0.454412)
(0.630697,-0.155865)
(0.93705,0.458073)
(-0.0712678,0.165293)
(-1.19642,-0.436431)
(0.723921,-0.373963)
(-0.832498,1.19866)
(1.35974,0.142302)
(-0.49023,-0.490087)
(1.21444,1.10776)
(-1.2583,-0.757307)
(0.3636,-0.19395)
(-0.835446,1.03946)
(0.457397,-0.413724)
(-0.105703,-0.402814)
(0.291864,-0.523501)
(0.166729,-0.17007)
(0.549673,-0.348119)
(-0.516826,0.226461)
(0.786086,0.171284)
(-1.40671,0.327942)
(1.28589,-0.221233)
(-0.708463,-0.162584)
(0.520339,-0.463754)
(-0.659772,0.0606106)
(0.605997,0.376754)
(-0.662032,-0.308674)
(0.084311,-0.343443)
(-0.310148,0.682551)
(0.340182,-0.548047)
(-1.07164,-0.383615)
(1.78148,0.1726)
(-0.847435,0.867558)
(1.40993,-0.698417)
(-0.478022,0.0450126)
(0.447103,0.427964)
(-1.01039,-0.509675)
(0.550331,-0.405608)
(-1.05871,0.499897)
(0.746477,-1.29513)
(0.530274,-1.09403)
(-0.173887,0.8122)
(-0.33625,-1.24965)
(0.20172,0.659381)
(-0.997265,0.289351)
(1.31483,0.174133)
(-0.776697,0.15805)
(0.457991,-0.661932)
(-0.74348,0.205483)
(-0.131348,0.957018)
(-0.909502,-0.0407806)
(0.449965,-0.177068)
(0.0503191,0.748281)
(-0.265454,-0.428221)
(-0.109746,-0.169373)
(0.20262,0.93138)
(-0.583326,-0.740091)
(-0.356608,0.844822)
(-0.0237611,0.0315544)
(0.598287,0.475904)
(-0.0113033,-1.11722)
(0.475469,0.243202)
(-0.593183,-0.745721)
(0.0659219,0.572387)
(-0.423937,-0.150719)
(-0.143116,0.691759)
(0.632942,-0.101224)
(0.0022048,0.493251)
(-1.03267,0.0576043)
(0.178723,0.42759)
(-0.457299,0.726855)
(0.249941,0.178694)
(0.493759,1.22434)
(-0.414317,0.0267383)
(-0.569671,-0.34665)
(0.0418712,0.839347)
(-0.559251,-0.0846372)
(0.536749,-1.06778)
(-0.565877,-0.24086)
(-0.0354754,0.141797)
(0.829195,-0.697869)
(-0.344487,-0.418631)
(0.193598,-0.206536)
(0.42501,-0.0267992)
(0.591389,-0.4875)
(0.210674,-1.0998)
(-0.0113176,0.283648)
(0.0250452,-0.6208)
(0.581074,0.445794)
(0.0565965,-0.0248905)
(-0.0857578,0.444929)
(0.154318,-0.146885)
(-0.22232,0.218371)
(0.438816,-1.36406)
(-0.49995,0.757668)
(0.305815,-0.581166)
(0.101067,0.306697)
(-0.133918,-0.415829)
(0.296986,-0.184465)
(0.243701,-0.150667)
(-0.231809,-0.578214)
(-0.156315,-0.135049)
(-0.849838,-0.0595366)
(-0.00081161,-1.56984)
(1.18258,0.214368)
(0.0871955,-0.236537)
(1.07063,0.692242)
(-0.0290064,0.117229)
(-0.0420286,0.60549)
(-0.852501,-0.367339)
(0.642401,1.26245)
(0.799394,-0.964249)
(-0.587176,1.42157)
(0.488318,-0.0143697)
(-0.631079,0.322486)
(0.632827,-1.33214)
(0.347657,0.55653)
(0.525869,-0.761832)
(-0.407687,0.896891)
(-0.915324,0.171701)
(-0.22077,1.196)
(0.271941,-0.060872)
(0.199492,0.180592)
(-0.101271,-0.112889)
(0.5618,-0.372172)
(-0.579272,-1.6862)
(-0.49217,-0.0466338)
(0.531334,-0.449097)
(0.515434,0.397774)
(-0.358638,-0.836262)
(0.706253,0.632317)
(-0.919542,-0.432849)
(0.0780393,1.24282)
(0.566527,0.00533835)
(0.161776,0.966563)
(0.0726719,-0.864129)
(0.457624,0.783009)
(-0.0533084,0.0335522)
(-0.985923,-1.03659)
(-0.501199,0.230146)
(-0.168537,0.411357)
(-0.526224,-0.701696)
---------------------------
f_d = 1000
---------------------------
(-0.114631,-0.0969434)
(0.253946,-0.34765)
(0.0306345,0.43054)
(0.251455,-0.893174)
(0.459199,0.156234)
(0.127102,0.335517)
(0.655671,0.258124)
(0.370329,0.59649)
(-0.0591105,0.243095)
(0.413321,-0.630057)
(0.126181,-0.0482368)
(-0.440067,0.0642597)
(0.220154,0.844056)
(0.937259,-0.413067)
(-0.401435,0.0672788)
(0.0418871,0.610355)
(0.0361356,0.842449)
(-0.254916,-0.35299)
(0.104538,0.419686)
(-0.791618,0.97144)
(-0.314961,-0.709344)
(0.186433,0.299786)
(0.222917,0.125339)
(0.452958,-0.745964)
(0.15294,0.180291)
(-0.692227,0.00311636)
(-0.516279,0.80047)
(0.48362,-0.327455)
(0.369777,-0.06993)
(-0.13426,-0.63897)
(0.403673,-0.223242)
(0.0220401,-0.279604)
(-0.801524,-0.916561)
(-0.0117069,0.300692)
(-0.57079,0.0146021)
(-0.244266,-0.572288)
(0.562617,0.591326)
(0.544694,-0.0265947)
(0.650679,0.583269)
(-0.549475,-0.462385)
(0.483662,1.06511)
(-0.87244,0.0497509)
(0.0488174,-0.320854)
(0.199219,0.5045)
(0.154065,-0.417821)
(-0.331677,0.282073)
(-0.169991,0.274941)
(-0.0412784,0.064911)
(0.263736,-0.547924)
(-0.239507,-0.0553934)
(0.92484,0.491281)
(0.393732,0.215032)
(0.371876,0.507675)
(-0.0497072,0.316461)
(-0.106692,0.849708)
(-0.748548,-1.31166)
(-1.02605,0.48208)
(0.457823,0.805372)
(0.581051,-0.839518)
(0.0768253,0.39039)
(-0.29868,0.183826)
(-0.264177,-0.132451)
(0.777562,-0.0927418)
(-0.380144,0.564373)
(0.808311,-0.0968939)
(-0.710269,-0.157766)
(-0.162067,-0.300995)
(0.784305,0.132118)
(1.0461,0.256961)
(0.376545,-0.0953214)
(-0.176368,-0.102098)
(-0.0926586,-0.51538)
(-0.812739,-0.852429)
(0.320804,0.649088)
(-0.234738,-0.781971)
(-0.692453,0.525303)
(0.152476,0.00753237)
(-0.374545,-0.306348)
(0.991276,0.315632)
(0.0702468,-0.257839)
(-0.525105,1.21628)
(-0.00868499,0.149538)
(-0.272961,-0.0126755)
(-0.564075,0.937247)
(-0.0778957,-0.0772752)
(-0.876841,-0.277092)
(-0.48849,0.0974301)
(-0.490216,0.778896)
(0.0129012,-0.555617)
(-0.65662,0.447658)
(-0.651564,0.167538)
(0.407692,0.357986)
(-1.03074,-0.307715)
(1.17299,-0.377718)
(-0.299968,0.0962628)
(0.63315,-1.10289)
(-0.328429,-0.258183)
(0.543405,1.03547)
(-0.371307,-0.574867)
(0.733487,0.337954)
(-0.475313,0.284486)
(0.40173,-0.783896)
(0.432137,-0.0912038)
(0.343733,0.365292)
(-0.256867,-0.515224)
(0.859979,1.17317)
(-0.537653,0.511051)
(0.563662,0.170602)
(0.0327293,0.382652)
(0.452393,-0.325953)
(-0.790859,0.844919)
(-0.114261,-0.978901)
(-0.197331,0.227524)
(0.1665,-0.143182)
(-0.500322,-0.50084)
(1.36533,-0.0685566)
(-1.16776,0.440727)
(0.441206,-0.642138)
(0.997352,0.532132)
(-0.169753,-0.471036)
(-0.662611,0.897857)
(0.142309,0.0802467)
(-0.130572,0.321586)
(-0.194347,-0.293011)
(0.317186,-0.0800102)
(0.343771,-0.382942)
(-2.33698e-05,-0.168373)
(-0.492632,-0.244602)
(-0.10893,0.0303804)
(0.437315,0.0911323)
(-0.479063,-0.37771)
(-0.260497,0.531238)
(0.59019,0.0788337)
(0.994753,-1.0062)
(-0.239331,0.413633)
(0.26831,-0.851305)
(-0.0421551,0.141191)
(0.434857,0.301404)
(-1.23451,-0.109761)
(1.82715,-0.0838338)
(-0.342268,-0.25373)
(-0.396591,-0.796876)
(-0.340066,-0.125679)
(0.514009,-0.0525271)
(-0.0486512,0.419862)
(0.783257,0.610718)
(-0.330092,-0.410086)
(0.869265,-0.43022)
(-0.464133,-0.169341)
(0.750328,-0.137124)
(-0.0910854,-0.546639)
(0.283712,-0.481149)
(-0.623968,0.139176)
(-0.500693,0.163607)
(-1.50979,-0.594706)
(0.181151,-0.259562)
(-0.515007,-0.327306)
(0.0228789,-0.1947)
(0.688625,-0.22189)
(0.619431,-1.17789)
(-1.09458,-0.142464)
(0.518225,-0.295251)
(-0.597236,0.558009)
(0.652936,-0.72235)
(-0.354212,-0.039138)
(0.231893,-1.08156)
(0.0297554,-0.350898)
(0.259692,0.213297)
(-0.0359743,0.427971)
(1.37159,0.699848)
(0.0764849,-0.432391)
(0.492892,0.371965)
(-0.127065,-0.410445)
(0.537457,0.0526456)
(-0.466202,1.04269)
(-0.535051,-0.0582767)
(0.00955947,-0.346061)
(-0.148437,-0.0442873)
(-0.0851021,0.338331)
(0.882761,0.0426042)
(0.196657,0.0374228)
(0.762017,-0.827203)
(-0.48554,0.372043)
(0.503448,0.652382)
(0.833306,0.547407)
(-0.0983215,0.695113)
(-0.387665,0.471296)
(0.11374,-0.305683)
(-0.430278,0.0678507)
(0.330447,0.231257)
(1.78394,0.791348)
(-0.292275,-0.307251)
(-0.804204,-0.0417371)
(0.47185,-0.223077)
(-0.66017,0.737521)
(0.172416,-0.559439)
(-0.0840932,0.201926)
(-0.375158,0.449358)
(-1.22859,-0.203402)
(0.102434,-0.400188)
(0.506687,0.242914)
(-1.79947,0.012765)
(0.342356,0.27504)
(-0.183506,0.15706)
(-0.0798002,-0.265656)
(0.028047,-0.804721)
(0.975902,0.0532556)
(-0.512337,-0.395278)
(0.0630541,0.579386)
(-1.0675,0.2893)
(-0.376431,0.41402)
(-0.227996,-0.253803)
(0.432857,-0.34768)
(0.323149,0.444176)
(0.686975,1.36595)
(-0.456794,-0.607554)
(0.408015,0.849913)
(-0.835122,-0.336408)
(-0.749925,0.549)
(0.762163,-0.799495)
(0.214945,0.576184)
(-0.783906,-0.825678)
(-0.135548,0.523934)
(-0.230839,0.408582)
(0.101732,0.127965)
(-0.369833,-0.973935)
(1.00158,0.963977)
(-0.85434,-1.10046)
(1.0068,-0.269911)
(0.516764,-0.766222)
(1.25565,0.82149)
(-0.387228,-0.0525703)
(0.538487,0.542131)
(-0.371466,-1.22538)
(-0.394277,1.12155)
(0.874182,-0.707384)
(0.327673,0.245869)
(-0.255808,-0.640408)
(-0.682254,0.598007)
(-0.62788,-0.571738)
(-0.891034,0.495795)
(-0.831165,-0.731409)
(0.708039,0.81121)
(-0.425298,-0.5317)
(0.0369888,0.274299)
(-0.577052,-1.14894)
(0.448697,0.222047)
(-1.09164,-0.974097)
(0.454437,-0.979545)
(-0.0925477,-0.560301)
(0.413544,-0.0475476)
(0.131503,-1.57047)
(-0.135985,0.625984)
(-0.528796,-0.616455)
(-0.468343,-0.0901902)
(-0.211713,0.0521969)
(0.513206,0.20328)
(-0.562793,-0.640318)
(0.854819,0.211058)
(-1.12826,-0.769789)
(0.744501,0.780701)
(-0.402821,0.116005)
(-0.241384,-0.0551691)
(-0.280942,0.630497)
(-0.402622,-0.231096)
(-0.185296,-1.01074)
(-0.104165,0.674883)
(-0.634147,-0.131125)
(0.785777,0.114635)
(0.43208,-0.0295068)
(0.705224,-0.216577)
(-0.325007,-0.535261)
(1.14489,0.119797)
(-1.07915,-0.116284)
(0.554995,0.404773)
(-0.371658,-0.243683)
(0.976681,-0.839061)
(0.434699,0.0856262)
(-0.379089,-0.163629)
(-0.805668,0.55996)
(0.457627,-0.269156)
(-0.205784,0.778855)
(0.0561905,-0.383454)
(-0.673484,-0.0156768)
(0.484098,-0.28331)
(-0.623755,1.48068)
(0.448363,-0.636519)
(0.108361,1.49964)
(0.0670089,-0.371493)
(-0.509506,-0.438734)
(0.516586,-0.203747)
(-0.589225,-0.0110747)
(0.283195,-1.11179)
(-0.567427,0.464319)
(-0.0896704,-0.58624)
(1.67275,0.771077)
(0.247211,-0.680465)
(-0.0546561,0.672742)
(0.86276,0.0480587)
(0.329296,1.549)
(1.08766,-0.36154)
(0.0869114,0.589917)
(-0.0792032,-1.35097)
(-0.959442,1.3831)
(-0.281457,-0.430364)
(0.173768,0.143962)
(0.0433893,1.57138)
(0.645863,0.440138)
(-1.02195,-0.369395)
(0.729667,1.01814)
(-0.611924,-0.474141)
(0.739888,0.437947)
(0.317822,-0.633455)
(-0.364692,0.191679)
(0.318113,-1.30348)
(-0.164704,-0.588394)
(0.762084,0.738521)
(0.106606,0.587542)
(0.0816763,-1.26665)
(0.0502264,1.24808)
(0.29251,0.0315207)
(0.324301,-0.411439)
(-0.208139,-0.136372)
(-0.58564,0.852713)
(0.407016,-0.906576)
(-0.142766,1.15707)
(-0.0496338,-0.799875)
(-0.164298,0.160828)
(-1.28099,0.0471677)
(-0.0933168,0.129835)
(-0.0811451,0.250497)
(0.507968,0.471486)
(-0.728635,-1.13899)
(0.504834,0.514247)
(0.129159,-0.891934)
(0.259952,1.16157)
(-0.190136,-1.38764)
(1.12872,1.46165)
(0.510121,-0.980586)
(-0.244887,0.316031)
(1.15411,-0.480768)
(-0.325047,1.00418)
(-0.132568,-0.680705)
(-0.0545329,0.333176)
(-0.690202,-0.245828)
(0.457223,0.456337)
(-0.320773,-0.11588)
(0.294587,-0.314022)
(-0.470197,-0.375802)
(0.645919,0.60901)
(-0.817908,-0.0593573)
(0.727736,0.410427)
(-0.662128,0.62756)
(0.259389,-0.566744)
(-1.25482,0.203225)
(-0.15281,0.13231)
(0.287703,-0.351265)
(0.570954,0.532593)
(-0.677199,-1.0512)
(0.550236,0.521053)
(-0.666261,-0.68122)
(0.25664,0.413405)
(0.21468,-0.611861)
(-0.290116,0.475319)
(-0.806297,0.164575)
(-0.0652303,-0.382597)
(0.0132536,-0.518888)
(-0.132202,0.161266)
(-0.632671,0.358219)
(0.931689,-0.554274)
(-0.0698938,-0.272629)
(0.199061,-0.649904)
(-0.149777,0.262015)
(-0.536207,0.247742)
(-0.920031,-0.475538)
(0.0583485,0.424464)
(-0.456693,0.916949)
(1.1312,-1.03188)
(-0.366575,0.265462)
(-0.505254,0.00815003)
(0.71807,0.0298949)
(-0.583619,0.0782175)
(0.161792,-0.876101)
(0.626784,-0.662493)
(-0.385829,0.691218)
(-0.374481,0.0672127)
(-0.0541834,0.641985)
(-0.648216,-0.211856)
(-0.0952137,0.469429)
(0.00503596,-0.208752)
(-0.629288,1.01719)
(0.414183,-0.555846)
(-0.567987,-0.288403)
(-1.21964,-0.396103)
(0.749906,-0.380395)
(-0.358624,-0.279516)
(-0.275639,0.550585)
(0.472667,-0.13575)
(0.0315889,0.187009)
(-0.422175,-0.283779)
---------------------------
f_d = 2000
---------------------------
(-0.544487,-0.779653)
(0.611519,0.86644)
(0.504758,-0.786402)
(-0.459573,1.04528)
(0.0826225,-0.546925)
(-0.93144,1.62168)
(0.358503,-0.376384)
(-0.993766,0.320936)
(1.12857,-0.518921)
(0.663875,-0.111787)
(-0.543906,-0.783744)
(0.0392346,0.460953)
(-0.430657,0.43904)
(0.0838827,0.659302)
(0.187936,-0.129475)
(0.711887,1.02143)
(0.0757086,-1.0975)
(0.296612,0.823575)
(-0.0536466,-0.67403)
(0.51961,1.52322)
(0.822312,-1.36522)
(-0.240193,0.568376)
(-0.684443,-1.04745)
(0.0538763,0.9349)
(0.555421,-0.40181)
(0.93444,-0.164059)
(-0.301875,-0.288238)
(-0.529873,0.161817)
(0.24937,-0.13789)
(-0.0109287,0.307524)
(-0.34891,-0.429428)
(1.45716,0.286971)
(-0.601407,0.575131)
(0.535983,0.725512)
(-0.383356,-0.349303)
(-0.486974,0.583998)
(-0.630334,-0.748046)
(-0.364291,0.25941)
(-1.14781,0.406791)
(-0.16334,0.600215)
(-0.454193,-0.25479)
(-0.579644,-0.277513)
(-0.110179,-0.00942187)
(0.745186,-0.514949)
(-0.458297,-0.156381)
(0.718455,0.0689996)
(-0.598802,-0.0417056)
(1.35801,-0.543569)
(0.0468078,0.697416)
(0.440487,0.0898186)
(-0.497549,-0.0529517)
(-0.467808,-0.706497)
(-1.293,0.431783)
(0.180725,-0.0464722)
(0.0138706,0.430573)
(0.090679,-0.295955)
(-0.727616,0.580723)
(1.08923,-1.01739)
(-0.649607,0.416777)
(0.178233,0.187111)
(0.0648936,-0.253526)
(1.07656,-0.313571)
(-0.0563813,1.3102)
(0.348304,-1.21056)
(0.115468,-0.0567021)
(0.0716174,-0.11173)
(-0.155866,0.786157)
(-0.0924998,-1.2756)
(-1.20413,1.86243)
(-0.0492077,-0.429521)
(-0.182294,0.853891)
(0.642362,-1.72727)
(0.0947243,1.52398)
(-0.22717,-1.38185)
(-0.0426717,0.701833)
(-0.378566,-0.128834)
(-1.33135,0.577926)
(-0.67733,-0.41535)
(-0.236539,0.932988)
(-0.29661,-1.05345)
(0.389506,0.643569)
(-1.03674,-1.13377)
(0.20413,0.447048)
(0.537838,-1.2746)
(0.223884,1.05795)
(0.725602,-0.905051)
(0.592483,0.00698232)
(-0.921678,-0.547009)
(-0.0519135,0.468538)
(0.798374,-0.425889)
(0.406392,-0.572338)
(0.460023,-0.135046)
(-0.607737,0.288446)
(0.456906,-0.702956)
(-0.149645,0.734612)
(-0.384927,-0.847877)
(0.99563,0.61013)
(-0.79902,-0.363067)
(-0.277023,0.696804)
(-0.356329,-0.121005)
(-0.329942,0.468769)
(0.688551,-0.100595)
(0.137057,0.154297)
(0.0967536,-0.0925471)
(0.366038,0.199292)
(-0.585332,0.00420964)
(-0.850452,-0.093666)
(0.0567573,-0.521724)
(0.256392,0.882384)
(-0.108217,0.0316158)
(0.592195,-0.265933)
(-0.051118,-1.24711)
(1.01313,0.452657)
(0.16871,-0.416829)
(0.137377,0.449789)
(0.468015,0.11209)
(-1.25803,-0.111608)
(-0.80301,-0.31267)
(0.456474,-0.0688358)
(-0.443178,0.670505)
(0.352145,-0.296561)
(-0.72923,1.7181)
(0.277091,0.341813)
(-0.606532,1.02195)
(0.347254,-0.222823)
(-0.0599121,-0.176053)
(0.774883,-0.230458)
(0.575696,-0.4757)
(0.237506,-0.533983)
(0.26824,0.370554)
(0.635594,-1.15435)
(0.0846096,0.711707)
(1.03961,-0.613517)
(0.466298,0.44925)
(0.0965966,-0.199781)
(1.00557,0.402421)
(0.430093,-0.759638)
(-0.867735,-0.0512034)
(-1.01949,-0.106195)
(0.752832,0.502317)
(-0.662255,-0.689709)
(0.355846,-0.644653)
(-1.12416,-1.06055)
(-0.306178,0.854075)
(-1.20716,-0.795903)
(0.0906564,0.472516)
(-0.102365,-0.650563)
(1.50996,-0.293059)
(-1.1509,-0.857529)
(0.723533,-0.157699)
(-0.8864,-0.228117)
(0.595718,-0.196339)
(0.181897,-0.353382)
(0.0888911,-0.462629)
(-0.589097,0.104647)
(0.198113,-0.573977)
(-0.382113,-0.265569)
(-0.200458,-0.619617)
(0.100258,-0.707861)
(0.658398,0.573237)
(-0.751181,-0.280253)
(0.26706,0.247419)
(-0.455725,-0.125526)
(-0.058744,-0.0341877)
(-0.464646,-0.0781306)
(1.87193,0.521249)
(0.0352018,0.0784259)
(-0.0155881,-0.0268558)
(0.73784,0.716534)
(0.479794,-0.384103)
(-1.32808,0.623275)
(0.888145,-0.525183)
(-0.746263,0.176807)
(0.334865,0.0269032)
(-0.354956,-0.295449)
(1.00246,-0.29866)
(0.571463,0.257279)
(0.544924,-0.0466556)
(0.293654,-0.237114)
(0.626125,0.0464102)
(-0.292811,-0.543293)
(-0.422717,-0.689044)
(0.533664,0.588154)
(0.0450655,-0.432327)
(-1.59753,0.0215505)
(0.720609,0.360212)
(-1.30632,1.30402)
(0.653342,-0.606517)
(0.0446008,0.236354)
(0.648161,-0.167061)
(-0.626424,0.301661)
(0.435988,0.0575237)
(-0.293231,0.296111)
(0.10977,-0.213967)
(0.279615,-0.262374)
(0.563263,-0.280166)
(0.557662,0.969104)
(0.987605,-1.3378)
(-0.812235,0.151994)
(0.576146,0.0222031)
(0.284467,0.202676)
(0.107243,-0.0358094)
(-0.408402,0.957875)
(-0.382993,-0.239579)
(0.29993,-0.105653)
(-0.241661,0.17135)
(0.355472,0.866706)
(-0.202064,-0.212385)
(0.34457,0.85686)
(0.412745,-1.14855)
(-0.914867,1.01598)
(0.42084,-0.628308)
(-0.327998,0.722578)
(-0.359001,0.277202)
(-0.434061,0.149904)
(0.545602,-0.31837)
(-0.181752,0.899737)
(-0.0406465,1.09881)
(-0.575181,-1.21227)
(-0.100577,-0.0589613)
(0.639551,-0.681679)
(-0.973147,-0.869083)
(0.703335,0.0438507)
(-0.0278588,0.405498)
(-0.607795,-0.0461128)
(-0.485683,0.654932)
(-0.255144,0.83726)
(-0.384874,-0.931751)
(-0.164057,-0.362081)
(-0.0795655,0.423306)
(0.114667,0.0228385)
(-0.194888,0.120945)
(-0.0951722,0.434903)
(0.208435,0.123085)
(0.55911,-1.00688)
(-0.244942,0.298248)
(0.214825,-0.0295584)
(-0.735381,0.463352)
(0.734687,0.344698)
(0.291158,0.930023)
(-0.0789153,0.0531705)
(-0.194736,-0.170931)
(-0.374756,0.0276132)
(-0.054414,0.0023297)
(0.307187,-0.258152)
(-0.293438,-0.247889)
(0.347539,0.497951)
(-0.421533,-0.153961)
(-0.52569,-0.97195)
(-0.115842,0.189333)
(-0.287471,0.279126)
(0.165889,0.0753528)
(-0.240528,0.589108)
(0.294735,0.154143)
(-0.701776,-0.381069)
(-0.598889,1.00964)
(-0.508649,-0.385118)
(0.21821,-0.143035)
(0.349551,-0.384168)
(-0.576841,-0.698855)
(0.297426,-0.373682)
(0.0131634,0.155327)
(0.108395,0.0176435)
(-0.424319,-0.00974989)
(0.649461,0.568876)
(-0.333723,-0.266489)
(0.177502,-0.694077)
(0.360789,0.0481808)
(-0.370394,-0.379784)
(-0.251943,-0.37799)
(-0.06037,0.857548)
(-0.264483,0.389525)
(-0.395463,-0.12856)
(0.00907327,0.194759)
(-0.386293,-0.749786)
(-0.239915,-0.178069)
(0.283596,-0.559605)
(0.598642,-0.0283832)
(0.794651,-0.220286)
(-0.0610713,-0.591105)
(1.06758,-0.462217)
(0.514283,0.426147)
(-0.682961,0.639867)
(0.341572,0.0146503)
(0.627763,0.745374)
(0.263018,-0.508681)
(-0.585895,0.0564367)
(0.725939,0.123957)
(-0.365715,-0.407058)
(0.375,-0.49812)
(0.624852,0.779747)
(0.879654,-0.0156587)
(-0.274656,-1.0411)
(-0.90191,0.380328)
(-0.267234,0.584553)
(0.0471781,0.195479)
(-0.0551147,0.0293067)
(0.599488,-0.105852)
(0.338713,0.343028)
(0.0413456,-0.30656)
(-0.594445,0.152317)
(-1.02604,0.371483)
(0.841386,0.326299)
(0.508076,0.17179)
(0.0512275,-0.514884)
(-0.285209,-0.341465)
(-1.16926,-1.04519)
(0.257249,0.878655)
(-0.359086,-0.0893449)
(0.550539,-1.06514)
(-0.308956,-0.477642)
(0.413353,0.224052)
(-0.465152,-0.396481)
(0.876369,0.0437589)
(-0.0132019,-0.461858)
(-0.0352521,-0.978351)
(0.384613,-0.357601)
(-0.35818,-0.374378)
(-0.609698,-0.581164)
(-0.802728,0.902092)
(0.381737,-0.180617)
(-0.875582,0.696583)
(-0.199399,0.0280221)
(-0.593937,-0.726244)
(0.574029,-0.400968)
(0.950379,-0.650142)
(-0.302597,0.296236)
(1.16134,0.72577)
(0.246995,0.7188)
(0.221092,-0.62884)
(-0.764532,-0.173585)
(0.598149,-0.145497)
(-0.14302,0.611873)
(-0.246171,0.126636)
(0.783756,0.915545)
(-0.456282,-0.071426)
(-0.22559,0.0732863)
(-0.730836,0.403934)
(-0.0351422,0.288421)
(-0.969439,-0.650948)
(0.0882995,0.462445)
(-0.246192,-0.00564466)
(0.205922,-0.190068)
(-0.419077,0.347905)
(0.451875,0.00201404)
(-0.420186,0.0992638)
(1.10122,-0.000211481)
(-0.771154,-0.169235)
(0.360906,-0.0818103)
(-0.744785,0.570916)
(-0.836763,0.228269)
(0.302611,0.553823)
(-0.149127,-0.000825665)
(0.0796417,-0.339265)
(0.713035,0.301022)
(0.550384,-0.108768)
(-0.0294631,-0.096802)
(-0.243475,0.044394)
(0.949704,0.0692831)
(-0.0309699,0.777195)
(0.169448,-0.457609)
(-0.945802,0.254)
(0.191318,-0.252391)
(-0.965323,0.158755)
(1.24948,0.0969964)
(-0.0330871,0.134044)
(0.00556977,0.303818)
(-0.624036,0.295318)
(0.769548,0.791259)
(-0.356662,-0.675424)
(0.764571,-0.0961947)
(-0.837975,0.0649086)
(0.44262,0.785642)
(-0.65618,-0.0731578)
(-0.40773,0.675769)
(-0.561616,0.880601)
(0.820224,-0.788536)
(-0.641475,-0.0193257)
(0.664544,-0.268963)
(-0.368782,-0.765294)
(1.54895,-0.894787)
(-0.543234,0.424015)
(0.85309,-0.395502)
(-1.00623,0.821989)
(1.5496,0.131223)
(-1.27634,0.323535)
(0.113382,-0.434512)
(-0.711656,-0.112085)
(-0.109914,0.295038)
(-0.460512,0.815791)
(0.651732,-1.24184)
(-0.655846,0.93406)
(0.648183,-0.0320602)
(-0.352826,0.179528)
(0.678724,0.029991)
(-0.780553,0.55213)
(1.31941,-1.2413)
(-1.26949,0.611872)
(0.775388,-0.507746)
(-0.0944094,0.476112)
---------------------------
f_d = 3000
---------------------------
(-0.848814,-0.583316)
(-0.114596,-0.0197313)
(-0.12976,-0.462525)
(-0.0407596,0.24722)
(0.693358,-0.434246)
(-0.649828,0.139356)
(-0.0522218,0.0964825)
(0.473861,0.892801)
(-0.549005,-0.518473)
(0.771099,1.18618)
(0.0980605,0.421802)
(0.186933,0.33506)
(-0.0660703,0.263549)
(0.417945,0.3517)
(-1.14424,-7.80427e-05)
(0.827213,0.355576)
(-0.941361,-0.38702)
(0.777227,0.0216258)
(-0.374016,1.12198)
(0.410642,-0.135105)
(-0.26592,-0.137569)
(-0.610254,0.773431)
(-1.202,0.108089)
(0.600454,-0.343438)
(-0.472076,0.01319)
(-0.44762,-0.156957)
(-0.288669,0.950591)
(-0.288416,-0.347116)
(-0.599846,0.429882)
(-0.00888197,-0.905822)
(0.112804,0.801857)
(-0.926765,1.09072)
(-0.2831,1.0211)
(0.821632,0.899411)
(-0.569213,0.756233)
(0.93629,-0.528958)
(1.10177,-0.192983)
(-0.780709,0.59254)
(0.518695,-0.760504)
(0.554362,0.498997)
(0.130165,-0.656865)
(-0.218199,-0.650136)
(0.406677,0.205106)
(-0.991903,0.278428)
(-0.346536,0.80184)
(0.122384,-0.0819059)
(1.32863,0.0637025)
(0.466849,0.149176)
(0.0316654,0.240241)
(-0.58458,-1.0975)
(0.0871021,0.817952)
(-0.896382,-0.567713)
(0.405535,-1.50305)
(0.0429955,0.5011)
(-0.890449,0.370987)
(0.367756,0.078248)
(-0.468408,1.02222)
(-0.0187064,-0.133736)
(0.805625,-0.0345917)
(0.41539,0.192241)
(-0.221333,0.749381)
(-1.01192,-0.645463)
(-0.35341,-0.365885)
(0.102641,-0.36608)
(-0.166988,-0.612036)
(0.565365,0.0505263)
(-0.0537767,0.653814)
(-0.510739,-0.261202)
(0.878914,-0.0129492)
(-1.20929,-1.05678)
(0.255703,0.159947)
(-0.732092,1.09185)
(0.24591,0.255357)
(-1.04589,-0.717687)
(1.17821,0.921036)
(-1.78013,-0.11506)
(0.842527,-0.492624)
(-0.158804,0.76952)
(-0.144978,-0.659743)
(0.316262,0.487579)
(0.693972,-0.476111)
(0.369674,0.482177)
(0.780687,-0.12485)
(-0.70888,-0.119487)
(-0.218591,-0.513801)
(0.208764,0.945902)
(0.408946,0.100844)
(0.337123,0.132948)
(0.380469,0.377268)
(-0.62569,0.461989)
(-0.61812,-1.17086)
(-0.524782,1.26785)
(-0.718009,-1.03196)
(0.35908,-0.47875)
(-0.740039,-0.195567)
(0.13026,1.3965)
(-0.423949,-0.843574)
(0.891568,0.852426)
(-0.350662,-0.578153)
(0.420874,-0.306624)
(-0.218681,0.184434)
(0.832047,1.00651)
(-0.0969497,-0.672167)
(0.588505,0.0432221)
(-0.215507,0.347483)
(0.118888,-0.323696)
(-0.43223,0.0436281)
(0.373562,-0.636927)
(-0.862865,-0.229661)
(0.372248,0.129608)
(-1.38803,0.575901)
(1.13014,0.782599)
(-0.575743,-0.332901)
(0.0954253,-0.255187)
(-0.567034,-0.399045)
(-0.213457,1.29134)
(-1.66239,0.559325)
(1.25371,-1.12619)
(-0.57905,0.989846)
(-0.367613,-1.61929)
(-0.771928,0.250242)
(0.244096,0.299597)
(-0.721284,0.212268)
(1.12514,-0.444676)
(-0.454447,1.57496)
(0.299245,-0.50468)
(-1.00639,0.382068)
(0.133042,-0.498524)
(0.155804,0.134207)
(-0.298016,-1.31466)
(-0.115093,1.15455)
(-0.28694,-0.748597)
(-0.762565,0.678464)
(-0.163531,-2.02466)
(-0.564492,0.239187)
(0.0933714,0.494591)
(0.482507,0.943977)
(1.28346,-0.905766)
(-0.841037,0.527582)
(-0.496831,-1.33832)
(0.124522,1.18923)
(0.598245,-0.796985)
(-1.06218,1.23769)
(0.911585,-1.01625)
(0.165712,0.556848)
(-0.946712,-0.522039)
(-0.532518,0.0963416)
(0.360044,-1.13543)
(-0.285798,0.238019)
(-0.596227,-0.272683)
(1.00901,0.415002)
(0.267444,-1.46868)
(0.229562,0.819256)
(-1.04336,-0.616574)
(0.404691,0.892695)
(-0.736859,-0.640009)
(-0.464059,0.886046)
(-0.13857,-2.50163)
(0.487135,0.217661)
(-1.27839,-0.518569)
(0.039958,0.160046)
(0.211273,0.0517232)
(1.19592,0.588343)
(-0.376102,-1.06527)
(-0.174386,1.12452)
(-1.0756,0.02058)
(1.05602,-0.175287)
(0.255716,-0.631435)
(-0.0240314,-1.07115)
(-0.683843,0.0560838)
(0.925264,-0.229191)
(-1.56319,0.0614801)
(0.532456,-0.741657)
(-0.109062,-0.0459206)
(0.706174,-0.481532)
(-0.967492,0.324793)
(1.15978,0.304203)
(-1.1049,-0.0687516)
(0.153001,-1.16541)
(-0.367376,-0.155156)
(0.147639,-1.26817)
(0.262391,-0.525379)
(0.24366,-0.0976038)
(-0.289954,-0.289051)
(0.451317,-0.45763)
(0.0455366,0.89663)
(0.577416,-0.999391)
(0.464809,0.7718)
(-0.0505764,-0.113569)
(0.21373,0.429701)
(-0.178935,-1.10175)
(1.31763,1.69231)
(0.188006,-0.60854)
(-0.284913,1.6807)
(-0.84901,-0.846789)
(-0.860158,-0.00230371)
(-0.228124,-0.503393)
(0.618241,-0.192809)
(-0.126081,-0.419847)
(-0.582687,1.71281)
(0.038026,-0.112329)
(1.02801,0.109887)
(-0.419524,-1.05367)
(0.321463,0.442489)
(-0.798584,-1.27519)
(0.787501,1.33481)
(-0.931461,-0.222496)
(1.11533,-0.000153537)
(-0.0827618,-0.467832)
(-0.662145,1.01931)
(0.316296,-0.530395)
(1.11975,0.686313)
(-1.68185,-0.287914)
(0.531664,-0.756623)
(-0.856944,-0.00830168)
(0.29647,0.0943626)
(-0.567751,-0.57361)
(1.34627,-0.160255)
(-1.43057,-0.348701)
(0.966155,-0.218782)
(-0.596817,0.471643)
(0.842112,-0.484581)
(-0.88091,0.80558)
(0.735194,0.348278)
(-1.08247,-0.524588)
(1.04544,-0.200159)
(-0.771679,0.512042)
(1.29596,-0.885642)
(-0.688587,0.196434)
(1.65939,0.146904)
(0.730833,0.792943)
(1.15483,-0.527715)
(0.250226,1.18411)
(-0.0888733,-0.946332)
(-0.582043,0.745555)
(0.0930009,-0.826619)
(0.018489,0.0832401)
(0.1134,-0.247618)
(-0.628626,1.23504)
(-0.00199056,-0.530692)
(0.536446,1.31741)
(0.0433162,-0.715368)
(-1.24902,0.0834197)
(0.525919,-0.391551)
(-1.03271,0.244889)
(0.0500291,-0.724818)
(-0.150137,1.0826)
(0.435036,-0.341806)
(0.201932,-0.613144)
(-0.514718,0.155174)
(-0.522053,-0.950185)
(0.00234665,-0.845522)
(-0.411636,0.174143)
(-0.0682327,-0.070503)
(0.197756,0.606767)
(0.145862,0.066689)
(0.248318,0.440156)
(-0.369894,-0.895591)
(0.106372,0.623207)
(-0.811578,-0.498307)
(0.297006,0.456364)
(0.36865,-0.558695)
(-0.0111458,-0.329761)
(-1.12584,-0.0645187)
(0.647508,0.330622)
(0.208892,-0.517011)
(0.84556,0.714006)
(0.442152,0.000255561)
(0.434386,-0.318639)
(0.842295,-0.30473)
(0.702786,0.0860599)
(-0.433032,-0.830674)
(0.313853,0.00839519)
(0.174061,0.000311419)
(-0.094121,-2.16906)
(-0.170249,0.208339)
(0.547439,-0.146095)
(-0.633408,0.16153)
(0.162493,1.10251)
(-0.575268,-0.0580942)
(1.01663,-1.05619)
(-0.0180727,0.563656)
(-1.22102,-1.17061)
(0.0624562,-0.0681942)
(-0.158721,-0.659933)
(-0.252829,0.193571)
(0.242693,-0.74603)
(0.324994,0.209267)
(-0.5652,-0.873429)
(-0.386313,-0.381377)
(0.480691,-0.487036)
(0.0566437,0.770359)
(-0.0342471,-1.22239)
(0.639668,1.57787)
(-0.0403027,-0.245905)
(-0.146002,-0.344856)
(0.097866,-1.16386)
(-0.84304,0.31392)
(-0.227922,-1.10049)
(0.75677,0.110569)
(0.402068,0.166255)
(-0.11124,-0.443466)
(-0.199889,0.509978)
(0.661728,0.571939)
(0.567953,-0.289071)
(1.05107,0.126893)
(-0.790563,-0.999505)
(0.868956,1.45243)
(-0.755746,0.092191)
(0.2049,0.424815)
(-0.0700544,-0.228297)
(0.32021,0.483521)
(0.609006,-0.208191)
(0.850107,0.31653)
(-0.493602,0.609231)
(0.254712,-0.417704)
(-1.36074,0.838447)
(-0.0576022,0.182231)
(-0.0893466,-0.860768)
(0.503789,0.230591)
(-0.239187,0.178243)
(0.0940219,-0.464481)
(-0.436277,1.15712)
(0.244664,0.972335)
(0.00459575,0.100996)
(0.443128,0.10987)
(-0.718834,0.00123944)
(-0.33419,-0.548337)
(-0.941027,0.641593)
(0.946421,0.439856)
(0.345096,0.164966)
(0.741597,0.0749633)
(-0.327357,-0.192301)
(0.535078,0.242971)
(1.41363,-0.257288)
(0.0122222,-1.15535)
(0.865642,0.12706)
(0.261348,-0.173575)
(0.0225487,-0.481173)
(-1.0302,0.411186)
(0.477302,-0.0607282)
(-0.333264,-0.373512)
(1.44849,1.02844)
(-0.301484,0.29929)
(0.938489,0.554404)
(-0.462375,-0.814323)
(-1.03901,1.01779)
(-0.400611,-0.436726)
(0.646379,0.0574603)
(-0.453984,0.735802)
(0.413094,-0.71295)
(1.15773,-0.0742881)
(-1.37726,-0.665407)
(0.526076,0.724378)
(1.30533,0.637107)
(0.0269163,0.309184)
(-0.309205,-0.555406)
(-0.741329,-0.568657)
(1.10524,0.178147)
(-0.320021,-0.923505)
(0.37124,1.19354)
(-0.162169,0.114202)
(0.332262,0.126227)
(-0.915776,0.978894)
(-0.014464,-1.0633)
(-0.462024,1.33653)
(-0.0194305,-0.525627)
(-0.813823,0.213099)
(1.0516,1.3778)
(-0.301586,0.0901619)
(-0.128471,0.521735)
(-0.451737,-0.422743)
(1.01191,0.347325)
(-0.359131,-0.543895)
(1.02093,0.103029)
(0.0725845,-0.388614)
(-0.410673,-0.889238)
(0.105903,0.805013)
(-0.25758,-0.412482)
(-0.538064,-0.031799)
(1.09147,-0.585619)
(-0.727919,-0.245216)
(0.910809,-0.326793)
(0.108527,0.0416906)
(0.491227,0.0146626)
(-0.454876,-0.996028)
(-0.00261272,0.531651)
(-0.966606,0.676897)
(0.900382,-0.972215)
(-0.292648,0.955291)
(0.0371754,0.320546)
(0.29564,0.256751)
(0.103812,0.636995)
(-0.472359,1.06923)
(0.641343,-0.0600445)
(0.404704,0.0397117)
(0.247518,-0.648064)
(0.280867,0.245553)
(1.05849,0.0711957)
(0.165755,0.451328)
---------------------------
f_d = 4000
---------------------------
(-0.170189,0.233503)
(-0.818015,0.0624948)
(1.02924,-0.0831178)
(-0.684541,0.255847)
(0.0653158,-0.717169)
(0.0166822,0.363562)
(-0.698368,-0.434838)
(-0.547636,0.65074)
(-0.233335,-0.337708)
(-0.782042,0.472763)
(0.116327,-1.38149)
(0.163818,0.555053)
(-0.121826,-0.261742)
(-0.116844,-0.353732)
(0.104246,-0.953222)
(-0.120605,0.0919189)
(0.913736,-0.0717308)
(0.501562,0.507729)
(-1.21325,-0.419684)
(1.19053,0.0243949)
(-0.393872,-0.361262)
(0.677141,0.455969)
(-0.218864,0.24082)
(0.661707,0.185822)
(-0.498814,0.1701)
(-0.139432,-0.122374)
(0.439533,-0.151257)
(-0.182836,0.134323)
(0.383146,0.875347)
(0.560461,0.332902)
(0.235486,-0.890812)
(-0.0335099,0.290494)
(0.0869837,0.18118)
(0.238012,0.488066)
(-0.327991,0.259843)
(-0.0348578,-0.157018)
(-0.158928,0.250611)
(-0.373868,0.311019)
(-0.374076,-0.666819)
(0.636982,0.499613)
(0.381116,-0.278184)
(-0.901891,-0.255328)
(0.152865,0.643042)
(-0.457126,0.256585)
(0.0380773,-0.405136)
(-0.603727,0.132995)
(1.35139,0.0376021)
(-0.455238,1.00307)
(-0.059858,-0.460863)
(-0.149563,0.24953)
(0.253246,-0.520898)
(0.422956,-0.679039)
(0.451604,0.618191)
(0.231333,0.556479)
(-0.17188,-0.708625)
(-0.519275,-0.486653)
(-1.03024,0.349993)
(1.21269,0.205049)
(-0.16434,-0.5417)
(0.626877,-1.04363)
(0.244158,-0.0277795)
(0.852425,-0.0865523)
(-0.52454,-0.63433)
(-0.520876,0.807758)
(0.143612,0.347467)
(0.0731372,-0.460649)
(0.296005,0.392852)
(-0.0175892,0.0999147)
(0.711711,0.0377152)
(-0.548885,0.0173038)
(-0.216953,0.444477)
(-0.11051,-0.133433)
(-0.871852,0.339678)
(0.579175,-0.112902)
(0.451911,-0.0734375)
(-0.0925463,0.17546)
(0.417922,-0.113468)
(-0.942761,0.951079)
(-0.0728236,-0.45578)
(0.637875,-0.223772)
(0.398905,0.494195)
(0.0340595,0.600973)
(0.22111,0.870475)
(0.501803,0.584488)
(0.499914,0.162992)
(-0.424641,0.121816)
(0.763904,0.0362978)
(-0.122603,0.593676)
(-0.973792,-0.612214)
(0.791304,0.59842)
(0.976215,0.335545)
(-0.412395,0.183272)
(-0.435895,-0.73726)
(0.147795,1.93291)
(-1.30616,-1.25614)
(1.44726,0.00320758)
(-0.886423,0.888637)
(0.939392,0.143664)
(-0.791889,-0.616801)
(0.769219,1.04312)
(-0.700182,0.222908)
(0.84806,-0.119065)
(-1.05482,-0.203795)
(0.914884,0.408563)
(-0.415279,-0.652655)
(0.128336,-0.0715224)
(-1.20937,0.376031)
(-0.144266,-0.34661)
(-0.689558,-0.310231)
(0.42977,-0.0176859)
(-0.959048,0.560876)
(-0.230611,-0.52493)
(-0.928434,0.562252)
(0.59332,0.145255)
(-0.28842,-0.344016)
(0.418939,-0.9619)
(-0.975807,-0.539978)
(-0.421293,-0.0339693)
(-0.458286,-0.0681939)
(0.126468,0.387975)
(-0.619711,0.899904)
(0.533543,0.251929)
(1.0037,-0.0789775)
(-0.535029,-1.07235)
(-0.463213,0.113545)
(0.635559,-0.359548)
(0.0418443,0.639075)
(-1.71546,-0.72706)
(0.131999,0.2082)
(0.679345,-0.270788)
(-0.490581,-0.280253)
(-0.0431326,0.13528)
(-0.58781,0.431289)
(-0.419055,0.142276)
(-0.0660999,-0.0356686)
(0.109739,0.0232181)
(0.672715,-0.335801)
(0.146368,0.320698)
(-0.321699,0.643723)
(0.784388,0.334772)
(0.291383,-0.170222)
(-1.30302,-0.392924)
(-0.0378359,-0.0334125)
(0.611399,-0.203756)
(-0.239443,-0.628528)
(0.145434,0.415209)
(-0.0505801,-0.334286)
(0.233496,0.131192)
(-0.163358,-0.371438)
(-0.106447,0.580079)
(0.744661,0.00752449)
(-0.533123,-0.606434)
(-0.286257,-0.522046)
(0.183888,-0.762383)
(-0.327693,-0.0746413)
(0.154418,-0.776234)
(-0.378074,0.705262)
(0.0291806,-0.312428)
(0.192708,-0.200999)
(0.299522,0.063093)
(0.710432,-0.777165)
(0.110908,0.697162)
(-0.719387,-0.604579)
(0.246535,0.0760817)
(-0.341719,-0.751676)
(-0.104299,0.0320408)
(0.170439,-0.663843)
(0.0622349,0.0697006)
(-0.164527,0.462313)
(1.58499,-0.231996)
(-0.535635,-0.232277)
(-0.278381,-0.436928)
(-1.14918,-1.01073)
(-0.298037,0.367446)
(0.119358,-0.284814)
(0.240394,0.317788)
(-0.753009,-0.280153)
(0.120125,0.257267)
(-0.419167,0.21344)
(0.907187,0.179255)
(-0.324103,0.608695)
(-0.568978,0.0924006)
(-0.415073,-0.1447)
(0.359798,-0.47369)
(-0.858683,0.588599)
(0.770343,-0.164066)
(-0.274233,-0.125205)
(-0.191474,0.0873312)
(-0.254163,0.104706)
(0.663953,-0.775524)
(-0.400496,0.235729)
(-0.0956488,-0.727557)
(0.233751,0.924312)
(0.724724,-0.872551)
(-0.924025,0.682634)
(0.349188,-0.479182)
(-1.03429,0.145229)
(0.436429,-0.122649)
(0.55297,0.365968)
(-0.285011,0.0512548)
(1.03975,0.264885)
(-0.275408,0.101334)
(-0.0747895,0.991444)
(0.596078,-0.47299)
(0.949026,0.801604)
(0.215777,-0.354871)
(0.265437,0.525397)
(0.718158,-0.903993)
(0.63373,1.00886)
(-0.0140704,-1.02539)
(0.727289,0.475843)
(-1.0881,0.031673)
(-0.0250702,-0.366836)
(-0.885078,-0.947114)
(0.875672,0.85372)
(-0.168001,-0.533214)
(0.25761,0.381855)
(-0.580824,0.387562)
(-0.359451,-0.0391528)
(-0.638398,-0.460846)
(0.0957097,-0.453707)
(-0.134164,0.403706)
(0.269707,-0.25915)
(-0.148876,0.559425)
(1.53179,-0.621173)
(-1.45659,0.951007)
(0.665317,-0.541606)
(0.0303395,0.469776)
(0.834822,-0.906977)
(-0.928957,0.291844)
(0.905197,-0.10068)
(-0.421177,0.793742)
(0.361311,-0.614558)
(-0.803712,0.275603)
(-0.602361,-0.733162)
(-0.390551,-0.00353104)
(-0.870143,-1.15699)
(-0.0216444,-0.42923)
(0.742892,-0.686757)
(0.0400056,-0.0237903)
(-0.350254,-0.398994)
(0.343983,0.542427)
(-0.849639,-0.915822)
(0.790992,0.974614)
(-0.215484,-1.01872)
(0.184634,0.449617)
(0.391669,-0.0639487)
(0.849394,0.301412)
(-0.0400058,-0.185222)
(0.439795,0.129868)
(-1.03223,0.112945)
(0.0219504,-0.526597)
(0.7373,0.681892)
(1.26232,-0.672043)
(-0.90786,0.0833796)
(0.145615,1.0694)
(-1.14523,0.493393)
(0.703415,-0.535735)
(-0.538308,-0.0199831)
(0.597923,-0.189724)
(-1.03587,-0.283934)
(0.601423,0.539463)
(-0.0901437,0.700492)
(0.754252,-0.664965)
(-0.342185,0.323514)
(-0.0608029,-0.146054)
(-0.669909,0.785799)
(-0.171568,-0.4913)
(-0.0620305,-0.181367)
(0.328156,-0.282871)
(0.41488,0.470316)
(0.85294,-0.981611)
(-0.0956301,0.341328)
(-0.513826,-1.07923)
(-1.12737,-0.00964484)
(-0.390091,-0.98536)
(-0.255709,1.04279)
(0.62468,-1.49111)
(-0.83663,-0.15109)
(-0.646701,-0.640389)
(-0.875192,1.24161)
(0.245328,-1.68245)
(0.293842,0.911687)
(-0.756979,-0.928469)
(1.01275,0.00998103)
(0.428001,-0.588413)
(-0.673511,1.629)
(0.118164,-0.327335)
(0.30788,1.37925)
(-1.33947,-1.01838)
(-0.433092,0.906294)
(0.600821,-1.50442)
(0.444196,-0.161431)
(-0.057918,-1.10391)
(0.69321,1.00503)
(-0.940472,-0.855555)
(0.145658,1.21416)
(-0.571932,-1.34791)
(0.246919,0.471658)
(-0.264584,0.10627)
(0.557099,0.694752)
(-0.431721,-0.870082)
(1.34133,0.166115)
(-0.39615,-0.358717)
(-0.565549,0.104785)
(-1.54794,0.595505)
(1.30916,0.266455)
(-0.933126,0.492925)
(1.41478,-1.57977)
(-0.14495,0.426297)
(0.645085,0.752135)
(-0.849716,0.567792)
(0.740142,-0.957621)
(-0.147723,0.538792)
(0.0351818,-0.444971)
(-0.98081,-0.0449298)
(1.40084,0.203457)
(-0.768852,0.0480691)
(-0.428761,0.441158)
(-0.547988,0.180412)
(0.642587,-0.0134035)
(0.330523,-0.162244)
(1.00207,-0.937837)
(0.209046,0.481188)
(-0.151243,-0.607363)
(-0.0188528,0.391683)
(0.708536,-0.163007)
(0.239748,-0.056744)
(0.0213308,-1.23584)
(-0.28266,0.449763)
(0.0327478,-1.59741)
(1.08513,-0.304697)
(0.503377,-0.343681)
(1.00246,0.0191954)
(-0.820426,-0.396794)
(0.514474,0.0125224)
(-0.447552,0.023213)
(0.369953,0.556051)
(0.240497,-0.584343)
(-0.609177,0.181281)
(0.217263,0.731252)
(0.463746,-0.86934)
(-0.314011,-0.760684)
(-1.78894,0.906139)
(-1.43297,0.491516)
(-0.136258,-0.328719)
(0.60634,0.141146)
(0.4009,-0.18954)
(-0.799271,-0.189357)
(-0.172164,0.99812)
(-0.15116,0.285746)
(0.100586,0.127216)
(0.305483,-0.370712)
(-0.0232977,-0.321654)
(-0.287181,0.00218554)
(0.0474191,0.52949)
(-0.839001,0.75611)
(0.367058,-0.019389)
(-0.145196,0.329324)
(-0.0745302,-0.00817671)
(-0.321376,-0.0636078)
(1.04409,-0.330472)
(0.873044,-0.0931273)
(0.201457,-0.376945)
(0.781102,-0.266461)
(-0.443292,-0.128044)
(-0.601383,-0.24294)
(0.127856,0.00640051)
(0.0560426,-0.599803)
(0.622872,0.195252)
(0.529484,0.399849)
(0.687858,-0.665379)
(0.165775,1.03644)
(0.458564,-0.212185)
(0.257224,-0.22379)
(0.293058,-0.12863)
(0.859049,0.561066)
(-0.266763,-1.09815)
(-0.406517,1.35516)
(-0.745647,0.16477)
(0.167382,0.267113)
(0.535904,0.452901)
(-0.433062,0.502962)
(0.0792998,-0.382055)
(0.670551,0.0430174)
(-0.658963,0.784769)
(0.451931,0.188216)
(-0.263945,-0.355972)
(-0.142772,0.81245)
(-1.34563,-0.376596)
(0.361656,-0.453408)
(0.0549544,-0.522794)
(0.653593,0.602043)
(0.122281,0.336403)
(-0.196739,0.153113)
(-0.244556,-0.410774)
(-0.289767,0.0632639)
(-0.330825,-0.0186404)
(0.431294,-0.182904)
(-0.439069,0.674718)
---------------------------
f_d = 5000
---------------------------
(0.222141,0.766834)
(-0.0620739,-0.353917)
(0.755708,-0.0485754)
(-1.39627,0.388689)
(0.605372,-0.423759)
(0.364664,0.341889)
(0.466006,-0.989686)
(0.772924,0.752647)
(1.40727,-0.421409)
(-0.122317,1.07344)
(0.824323,-0.582307)
(-0.125512,0.29221)
(0.720086,-0.303738)
(0.124589,0.630393)
(0.950497,0.808147)
(-0.231942,0.609284)
(0.803017,-0.277253)
(0.293033,-0.165854)
(-1.03329,0.503693)
(0.164615,0.794063)
(0.534309,-1.06545)
(0.30924,1.11021)
(-1.35958,-0.645952)
(-0.629901,-0.167617)
(0.49572,0.371112)
(0.405372,0.483961)
(0.409923,-1.56662)
(0.541521,1.59949)
(-0.00336432,-0.347378)
(-0.770904,0.568373)
(0.407578,0.652642)
(-0.016253,0.337897)
(-0.0852081,-0.392379)
(0.203011,0.637228)
(-0.431144,-0.329401)
(-0.0187178,1.43882)
(0.690204,-0.443342)
(-0.209533,-0.91042)
(-0.533528,0.59427)
(-0.0192198,-0.513267)
(0.30688,-0.67944)
(-0.21209,0.483184)
(0.14279,-0.282449)
(0.312056,0.449945)
(0.202781,-1.15433)
(0.129621,1.14312)
(1.23675,-0.590883)
(0.571934,-0.0722658)
(0.185288,0.410038)
(0.314527,0.364279)
(0.713258,-0.664477)
(0.628925,0.785694)
(-0.512791,-0.576978)
(0.0529014,-0.593898)
(0.119264,-0.256591)
(0.271442,-0.267485)
(-0.144558,-0.430109)
(0.455258,-0.196127)
(-0.301909,1.04471)
(0.4195,1.44782)
(0.103127,-0.166161)
(0.929982,0.111026)
(0.305988,0.658114)
(0.233693,0.693871)
(-0.0427436,0.896816)
(0.219679,0.606434)
(-0.239622,-0.123985)
(-0.648982,-0.0451878)
(0.322795,0.0744541)
(0.131561,0.896835)
(0.0419589,0.0723276)
(0.501734,0.582861)
(-0.166906,-0.876358)
(0.520119,-0.881436)
(-0.152195,-0.0655672)
(0.0289128,0.396793)
(-0.13471,0.0005718)
(0.365042,-0.452374)
(-0.207031,0.405227)
(-0.562522,-0.0492268)
(0.911007,0.253599)
(-0.562135,0.553296)
(-0.643417,1.02335)
(0.107504,0.292224)
(-0.319759,-0.285899)
(0.516925,0.500717)
(0.109579,-1.0684)
(0.120277,0.108495)
(-0.522649,-0.107183)
(0.548239,0.109798)
(0.0711032,-0.0358268)
(0.365826,0.221351)
(-0.313678,-0.119995)
(0.185729,-0.198803)
(-0.336816,0.0379373)
(0.454845,-0.537057)
(-0.793831,0.61308)
(-0.134768,0.406503)
(0.00973496,-0.174277)
(0.514729,0.187425)
(-0.766275,-0.435082)
(1.00941,-0.777487)
(-0.445801,0.350773)
(0.0286301,-0.627377)
(-0.53986,0.446219)
(1.47099,-0.781086)
(0.0533034,0.197345)
(0.358881,-0.497323)
(-0.213333,0.044625)
(0.197579,0.634177)
(-0.122921,-0.073592)
(0.411392,-0.415741)
(0.651883,0.452009)
(-0.74273,-0.604967)
(0.319313,1.43271)
(0.424779,0.163974)
(-0.876492,-0.0982947)
(-0.155875,-0.742358)
(0.333446,0.855576)
(-0.0880482,-0.51732)
(-0.866362,0.730643)
(-0.0850279,0.0412848)
(-0.0920693,-0.745909)
(-0.717218,-0.990466)
(1.20661,-0.551859)
(-0.539029,-0.210108)
(0.269599,0.227477)
(-0.446821,-0.391664)
(0.950298,0.483847)
(-0.118498,-0.66521)
(0.850886,-0.189181)
(-0.179971,0.622494)
(-0.0452326,-0.355061)
(0.0556403,0.00827025)
(-0.646522,-0.0666926)
(-0.104055,-0.901581)
(0.749233,-0.681537)
(-0.842366,0.212111)
(-0.62718,-0.163892)
(0.536108,-0.441436)
(-0.0970728,-0.0713385)
(0.78531,-0.0259216)
(-0.44782,-0.608903)
(-0.405974,-0.367203)
(-0.0116906,0.126999)
(0.687602,0.066916)
(-0.0606475,-0.323649)
(0.942864,0.980439)
(-0.324127,0.214192)
(-0.4657,-0.202216)
(-0.957332,0.386536)
(0.562995,-0.057217)
(-0.116117,-0.725423)
(0.550016,0.274165)
(0.26179,-0.66782)
(-0.208846,-1.05355)
(-0.834503,-0.250215)
(0.00398063,-0.402787)
(-0.179231,0.549482)
(1.05765,-0.397601)
(-0.1527,0.514496)
(-0.322081,-0.668731)
(0.2571,0.26971)
(0.497125,-0.516668)
(-0.700049,0.714803)
(0.735885,-0.435457)
(-0.829739,0.057681)
(-0.240126,0.163887)
(0.594354,-1.49558)
(-0.387088,0.570349)
(-0.178781,0.424628)
(-0.362659,-0.498238)
(-0.601544,0.791584)
(-0.299211,-1.40615)
(-0.330545,-0.327865)
(0.509147,-0.423412)
(0.432694,0.524607)
(0.912009,-0.614151)
(-0.153034,0.925938)
(0.0859886,-0.567366)
(-0.48009,0.76038)
(-0.690764,-0.173647)
(-0.359772,0.739993)
(0.445449,-0.538567)
(-0.464381,0.46181)
(0.279286,-0.624327)
(-0.197757,0.803094)
(-0.170879,-1.28128)
(0.223753,0.182486)
(0.644901,-0.0714285)
(-0.658192,-0.290443)
(-0.20582,-0.164379)
(0.889175,-0.139161)
(-0.898653,1.03373)
(0.091979,-0.355822)
(-0.101855,0.384159)
(0.358155,1.10487)
(-0.306991,0.31)
(0.880956,0.151606)
(-0.2727,0.406949)
(0.275942,-0.573183)
(-1.12961,-0.255081)
(0.672711,1.12698)
(-0.922315,0.469778)
(-0.116379,-1.10323)
(-1.20331,0.479402)
(0.110136,-0.465901)
(-0.635688,-0.388059)
(0.655767,0.108407)
(0.141476,-0.115883)
(-0.125073,-0.380385)
(-0.403998,-0.0457901)
(-0.0627191,-0.69589)
(0.0772218,0.258722)
(-0.78758,-0.283082)
(0.462452,0.413957)
(0.0646035,-1.09855)
(0.0757052,0.130103)
(-0.294596,-0.710032)
(-0.200092,0.124174)
(0.0637541,-0.157113)
(-0.309595,-0.993627)
(-1.07747,0.138045)
(1.5149,-0.745855)
(-0.190154,-1.01804)
(-0.544726,-0.111502)
(0.319864,0.953133)
(0.236066,-0.277119)
(-0.658608,0.473247)
(-0.234736,-0.389095)
(-0.353517,0.123266)
(0.03668,-0.376217)
(-0.554142,-0.0983124)
(0.671625,0.719681)
(-0.99268,0.242062)
(-0.268762,-0.115391)
(-0.0529482,-0.266924)
(-0.756413,-0.0253078)
(0.356565,-0.440683)
(0.294388,-0.429572)
(-0.0504916,-0.12024)
(-0.291497,-0.0572359)
(0.388599,0.366717)
(-0.331191,-0.579257)
(-0.182506,0.662838)
(0.132287,-1.05844)
(-0.457309,0.354691)
(0.649125,0.953119)
(-0.0199484,0.0761749)
(0.375799,0.186666)
(0.346888,0.107581)
(-1.37062,-0.145642)
(0.495104,0.925492)
(-0.637186,-0.797798)
(-0.209459,-0.451489)
(0.361266,-0.392055)
(0.367381,-0.453731)
(0.118823,0.0124351)
(0.221616,1.22799)
(-0.406154,-0.619928)
(-0.382922,0.139446)
(0.336442,-0.509299)
(-0.314658,-0.734683)
(-0.41419,0.983704)
(0.377568,-0.133778)
(-0.51886,0.409315)
(-0.332793,-0.270639)
(-0.21192,-0.304945)
(0.333298,0.237675)
(-0.578977,-0.430915)
(-0.150146,-1.29354)
(-0.0380929,-0.00737105)
(-1.13229,-0.453309)
(0.258936,0.0117133)
(-1.13548,-0.129638)
(-1.28807,-0.0376107)
(-0.363436,-0.109637)
(0.353714,0.169475)
(0.011655,-0.721106)
(1.41729,0.927097)
(0.793163,-0.764955)
(0.11933,0.786009)
(-1.0155,0.806949)
(-0.550771,0.80277)
(0.159313,0.159282)
(-0.589406,-0.513584)
(-0.804178,0.140886)
(0.830175,0.849109)
(-0.246175,-0.0589133)
(0.15305,0.40255)
(0.022822,0.732984)
(0.598658,-0.300885)
(-1.36176,-0.0112482)
(0.0731602,0.168472)
(-0.0287086,-0.639787)
(0.753777,0.090453)
(-0.223943,0.919486)
(0.0901115,0.813717)
(0.0708388,0.531703)
(0.150317,-1.47012)
(-1.73805,-0.661032)
(0.19098,-0.545757)
(0.161816,-0.367175)
(0.25911,-0.227063)
(-0.00226013,0.693001)
(0.940681,-1.57124)
(-0.883378,-0.137856)
(-0.470254,-0.0968858)
(1.48633,-0.0715458)
(-0.151617,-0.319495)
(-0.531446,-0.215995)
(0.438334,-0.170754)
(-0.362708,0.838602)
(0.268357,0.441728)
(-0.395943,1.80726)
(-0.753065,-0.154022)
(-0.447913,1.14396)
(-0.268361,-1.31249)
(0.629098,0.710525)
(-0.563644,0.0500141)
(0.534982,0.764444)
(-1.37627,-0.430653)
(-0.387034,0.0997846)
(-0.502452,-1.10991)
(-0.291083,-0.468477)
(-0.308725,-0.555856)
(1.75445,0.432025)
(-0.622822,0.747635)
(0.418746,0.10319)
(-0.249562,0.49934)
(-0.36879,-0.00285913)
(-0.952436,-0.448493)
(0.729277,-0.494977)
(-0.991975,0.337188)
(0.810791,-0.447595)
(-1.13598,0.289661)
(-0.0951822,-0.301263)
(-0.498514,0.930105)
(-0.213797,-1.152)
(-1.59884,0.219445)
(1.07755,0.0145691)
(-0.262299,-0.218851)
(1.659,-0.658428)
(0.712553,1.32486)
(0.512097,-0.645969)
(-0.516496,0.469737)
(0.195561,-0.40101)
(0.0101401,0.876923)
(0.670792,-0.815213)
(-0.782178,0.837134)
(0.231572,-0.105715)
(-0.436932,0.883228)
(0.517808,-0.475473)
(-0.0396377,0.713338)
(0.0073279,-0.583761)
(0.0554487,-1.55912)
(-0.616448,-0.489251)
(0.525682,0.578312)
(-0.0284071,0.136429)
(0.328525,0.98497)
(-0.399492,0.340774)
(0.546226,-0.0195548)
(-0.713347,-1.20314)
(-0.686085,0.166098)
(0.986285,-0.0390754)
(-0.273075,0.77405)
(1.20109,0.133691)
(0.339811,-0.345827)
(-0.871612,-0.369148)
(-0.221625,0.296805)
(-0.435409,0.192035)
(0.000646601,0.710853)
(0.1241,-0.693609)
(0.612079,0.390877)
(-1.35642,-0.619985)
(0.404926,0.140965)
(0.317668,0.46069)
(0.393716,-0.155046)
(0.044042,0.684597)
(0.467718,0.687379)
(-0.575757,0.188114)
(0.072318,0.185132)
(-0.106045,0.349046)
(0.0447643,-0.0812674)
(-0.308253,0.0108109)
(-0.31736,-0.0996986)
(-0.213593,-0.541378)
(0.367359,-1.36453)
(0.0962161,0.122489)
(-0.496056,-0.412114)
(1.54254,0.298509)
(-0.538038,-1.10516)
(-0.820607,0.434272)
(-0.453706,-1.44908)
(-0.281262,0.879374)
(0.715193,0.776637)
(1.10674,-0.139818)
(0.451601,-0.147168)
(0.880442,1.5965)
(-1.07318,-0.751448)
