---------------------------
f_d = -5000
---------------------------
(-0.683719,-0.0995171)
(0.684448,0.0185976)
(0.72899,-0.96857)
(-0.24203,-0.152563)
(0.678581,0.502662)
(0.210734,-0.324401)
(-0.000171307,-0.361852)
(0.00631869,-0.227443)
(0.20662,-0.239903)
(-0.489639,-1.42748)
(-0.570496,-0.401753)
(-0.727515,0.163248)
(-1.11171,0.418214)
(0.0226734,-0.699659)
(0.192934,-0.420772)
(-0.170031,-0.408471)
(-0.434818,0.775073)
(-0.443771,-0.733143)
(0.928369,0.8931)
(-1.14518,0.050797)
(0.0672359,0.316647)
(-0.233851,0.280709)
(0.492662,-0.358415)
(-0.27665,-0.766063)
(-0.50692,-1.42321)
(0.621603,0.334727)
(0.0343752,-0.61396)
(0.228203,0.461852)
(-0.339673,0.47391)
(-0.353776,-0.202255)
(0.224499,0.598312)
(-0.50877,0.989462)
(0.544371,-0.118512)
(-0.0556445,0.250203)
(-1.86289,-0.632228)
(0.671713,-0.441467)
(-0.412465,0.312595)
(-0.64206,-0.459057)
(0.694495,0.304065)
(0.571762,0.329056)
(-0.206963,-0.113679)
(0.238304,-0.191685)
(-0.661065,0.710914)
(-0.359561,-0.442417)
(0.493329,0.0480897)
(-0.0676669,0.296955)
(-0.2656,-0.483899)
(-0.296544,0.382885)
(-0.633005,0.251249)
(-0.0632094,0.349009)
(0.0413213,-1.46022)
(0.0224665,0.38332)
(0.172414,0.229096)
(0.262746,-0.0670234)
(-0.37152,-0.380058)
(0.542831,0.439968)
(-0.204014,-0.528496)
(-0.402356,-0.275942)
(-0.655275,-0.0423001)
(-0.175984,-0.269348)
(-0.874678,0.368934)
(0.298199,1.22706)
(0.680858,-0.923463)
(-0.927025,0.500902)
(-0.386871,0.0357233)
(-0.980791,0.129138)
(-0.107929,1.51651)
(0.579126,0.263762)
(0.128282,0.0141875)
(0.415962,-0.190082)
(-0.0550406,-0.198273)
(-0.344283,0.244714)
(0.549345,0.317507)
(0.119435,0.541238)
(-0.592056,-0.792887)
(-0.501449,-0.64035)
(0.833978,-0.34222)
(-0.0885894,1.09798)
(-0.382059,-0.725938)
(0.148801,0.510798)
(-0.375647,1.32205)
(0.231578,0.812682)
(-1.2208,0.367886)
(0.303937,0.555345)
(0.152297,-0.30623)
(-0.135331,0.804972)
(-0.084325,0.36989)
(0.40354,0.271718)
(-0.0941794,0.258931)
(0.330926,0.183186)
(-0.424199,-1.16803)
(-0.11297,-0.324407)
(-0.471438,-0.440275)
(0.763172,0.556489)
(0.382718,0.190785)
(1.08386,0.180864)
(0.512466,-0.545018)
(0.128109,0.491978)
(-0.287704,-0.255434)
(0.268072,-0.723043)
(0.348357,-0.47538)
(-0.374289,-0.0352258)
(0.0023262,-0.272732)
(-0.336412,0.242024)
(0.2736,-0.0644574)
(0.412169,0.086091)
(0.186474,0.111446)
(-0.263444,0.396695)
(0.561451,-0.132999)
(-0.193542,0.233523)
(0.486073,0.452873)
(-0.942258,-0.784804)
(-0.350311,-0.303604)
(-0.287633,-0.226172)
(-0.186165,0.643074)
(-0.0445308,-0.577938)
(-0.939559,0.492888)
(-0.456044,-0.873188)
(-0.709917,-0.507473)
(0.124067,-0.434488)
(-0.334586,-0.523644)
(0.118985,0.489766)
(-0.455607,-0.205701)
(-0.126393,-0.118649)
(0.332607,-0.16349)
(-0.333014,0.436802)
(-1.09858,0.506583)
(0.461478,-0.86142)
(0.736292,0.184234)
(-0.948963,-0.165353)
(0.342834,-0.0940446)
(0.569323,-0.83438)
(-0.468883,-0.406344)
(-0.0915104,-0.532456)
(-0.918301,0.72158)
(-0.430209,0.0612329)
(-0.665783,-0.36962)
(-0.272691,-0.314051)
(-0.984727,-0.460881)
(-0.100548,0.665328)
(-0.0321779,-0.360881)
(0.163121,0.49047)
(0.434155,-1.07433)
(-0.599015,-0.541438)
(-0.240043,0.0100405)
(-0.913149,-1.44199)
(0.101279,0.394514)
(0.23895,0.371917)
(0.174579,0.543188)
(-0.241884,-0.190893)
(-0.279897,0.164776)
(0.0119118,-0.0661128)
(0.0543192,-0.465381)
(-0.439172,0.441483)
(-0.613253,-0.460462)
(0.365136,-1.44485)
(0.625237,-0.604765)
(1.05421,0.444597)
(-0.0319289,0.213514)
(0.59732,-0.715398)
(0.228104,-0.526515)
(-0.457693,0.697176)
(-0.718709,0.191533)
(-0.114819,0.440742)
(-0.289846,-0.521897)
(-0.262915,0.750409)
(0.503793,0.0383704)
(-0.428009,0.0747283)
(0.981707,-0.87457)
(-0.135,0.0162023)
(0.403138,-0.849917)
(-0.388651,0.464647)
(-0.537072,0.666187)
(-0.609296,0.716534)
(-0.0153287,-0.320741)
(0.177122,-0.142635)
(0.301958,0.791683)
(-0.447935,0.0435055)
(-0.308798,-0.506945)
(0.256842,-0.426692)
(0.908034,-0.251948)
(-0.231416,-0.37624)
(-0.0492662,0.31772)
(0.487366,-0.283371)
(0.0290012,0.602007)
(-0.776855,0.251381)
(-0.00279725,-0.599321)
(-0.893872,-0.368637)
(0.216426,-0.0415507)
(0.584981,-0.3793)
(0.715392,-0.510524)
(-0.172341,-0.436144)
(0.389955,0.468626)
(0.338591,0.507722)
(-0.424003,0.257928)
(0.233805,0.117182)
(0.667656,-1.10339)
(0.0682093,-0.0609985)
(-0.326369,-1.19808)
(-0.367124,-0.907828)
(0.856102,-1.89727)
(0.0329561,-0.241129)
(0.130584,-0.318954)
(1.19227,1.44132)
(2.29269,-5.14739)
(0.0298682,2.40083)
(-1.24971,1.2054)
(-0.508923,0.318091)
(-1.83401,0.753733)
(-1.16984,1.20915)
(0.1542,-0.486768)
(-0.324321,0.741737)
(-0.0175682,-0.00227675)
(-0.372583,0.546661)
(-0.252544,0.184199)
(-0.289121,0.501544)
(0.00111204,-0.15488)
(-0.218914,0.503089)
(0.313404,-0.204443)
(-0.482521,0.722467)
(0.359989,0.532789)
(0.918379,-0.339323)
(0.483168,-0.107908)
(1.38525,0.56294)
(0.744781,0.447664)
(0.205529,0.551491)
(0.546576,0.463037)
(0.329816,1.23427)
(-0.515628,-0.0954494)
(0.926641,-0.33388)
(-0.00894321,-0.522554)
(-0.452734,-0.430008)
(0.0788854,-0.128848)
(0.0896119,0.909314)
(0.331281,0.420103)
(0.103691,-1.7168)
(-0.775492,-0.0115509)
(-0.0674237,-0.179065)
(-0.760503,-0.349699)
(0.690367,0.296355)
(0.0412517,0.132376)
(-0.933553,-0.285215)
(-0.455178,-0.176111)
(1.27151,-0.266519)
(-0.394485,0.298493)
(0.293386,1.18433)
(0.0852099,-0.0950733)
(-0.364461,-0.459931)
(0.263887,0.4519)
(-0.00915015,0.0912065)
(0.0322849,0.644001)
(0.102206,0.509568)
(-0.665019,0.488751)
(0.0879905,0.201955)
(-0.13638,-0.823604)
(0.322255,0.888653)
(0.16035,-0.0843095)
(-0.247073,-0.543121)
(-0.0998208,0.353679)
(0.827238,-0.598708)
(-0.18237,0.624684)
(-0.366342,-0.858514)
(0.5041,0.52275)
(0.211359,-0.284781)
(-1.18984,-0.360963)
(-0.0101257,-0.844303)
(-0.30423,0.657834)
(0.440738,-0.0963586)
(-0.208723,0.207445)
(-0.0026007,0.094543)
(-0.196762,-0.823106)
(-0.132565,-0.580713)
(0.459742,-0.328261)
(-0.202365,-1.17815)
(-0.146565,-0.253281)
(0.207816,0.622841)
(0.263691,-0.357111)
(0.430119,-0.690124)
(0.143917,0.05095)
(-0.198587,-0.0792494)
(0.280547,0.507841)
(0.229516,-0.156375)
(-0.626343,0.615337)
(-0.203806,-0.601964)
(-0.275467,-0.47035)
(0.112644,0.386377)
(0.639856,-0.205048)
(-0.567792,-0.286867)
(1.00372,-0.296587)
(0.56176,-0.955575)
(-0.118619,0.0246009)
(0.136849,-0.5471)
(0.151956,-0.77366)
(-0.781092,0.0328489)
(-0.270199,0.10995)
(0.0584668,0.318669)
(-0.503649,1.24169)
(0.43541,0.687076)
(-1.12404,0.692145)
(-0.417407,0.518529)
(-0.784829,-0.300088)
(-0.1757,0.0530688)
(-0.256379,0.975172)
(-1.01395,-0.0391459)
(-1.05467,0.202536)
(-0.193873,0.68494)
(-0.0852763,0.0114771)
(-0.65003,-0.708896)
(-0.641669,-0.176888)
(0.509283,0.288564)
(-0.822902,-0.566167)
(-0.13757,-0.292076)
(-0.239921,-0.694868)
(-0.248906,-0.480197)
(-1.17278,0.344378)
(-0.805774,-0.484016)
(0.0690478,0.376019)
(-0.169764,-0.425424)
(-0.050618,1.1978)
(-0.0455634,-0.404402)
(-0.518536,-0.0515908)
(1.29904,0.246902)
(0.33331,0.346417)
(0.68857,0.302222)
(0.0898703,-0.559729)
(0.0595355,-0.0828137)
(0.240747,0.158817)
(0.00638805,-1.74079)
(0.594321,1.02436)
(-0.353172,0.972317)
(0.791837,-0.749298)
(-0.803333,0.825122)
(-0.549154,0.761744)
(-0.00918071,-0.337265)
(-0.462383,-0.343658)
(-0.636533,-0.325181)
(-0.495897,0.524823)
(-0.390851,-0.303528)
(0.776878,-0.126917)
(-0.587322,-0.0925373)
(-0.188227,0.212159)
(0.854534,-0.770958)
(-0.530888,0.727775)
(-0.834654,-0.916873)
(0.958883,0.394081)
(-0.794468,-0.120721)
(0.136443,-1.34233)
(-0.165108,0.414968)
(-0.0609193,0.21493)
(-0.401919,0.351804)
(0.819479,0.025029)
(-0.261215,-0.615731)
(-0.931716,-0.0178737)
(-0.0680463,0.367437)
(0.0490583,-0.343799)
(0.486573,0.138376)
(0.296636,0.616345)
(-0.162215,-0.550391)
(-0.344231,-0.358254)
(0.250659,-0.196886)
(-0.116153,-0.0506833)
(0.10832,-0.131575)
(-0.252572,0.222944)
(-0.259939,0.199279)
(0.298143,0.0256242)
(0.570042,0.186257)
(-1.03176,0.42535)
(0.433631,0.454228)
(0.0717628,0.159862)
(-0.791936,-0.719988)
(-0.53718,0.321706)
(-0.0899916,0.459065)
(-0.630012,0.364427)
(-0.468459,-0.251548)
(0.557235,-0.143581)
(-0.342552,-0.343954)
(0.664983,0.0160294)
(0.499793,1.41401)
(-0.209273,0.327438)
(0.620823,0.286157)
(-0.488673,-0.206923)
(0.126753,-0.237168)
(-0.0772183,-0.0515482)
(-0.456195,0.0213878)
(-0.00733495,-0.37781)
(0.279552,0.11356)
(0.388822,-0.617001)
(0.429303,-0.20344)
(0.529333,0.247748)
(-0.0868457,-1.27916)
(-0.259853,-0.680982)
(0.174827,0.508974)
(0.0833579,0.0519454)
(0.122351,0.41184)
(0.0527073,-0.260521)
(0.0369614,-0.232128)
(0.592654,-0.93451)
(-0.826636,-0.255147)
(-0.0351602,0.200938)
(-0.439365,0.374843)
---------------------------
f_d = -4000
---------------------------
(0.684506,0.018603)
(0.729023,-0.968533)
(-0.242028,-0.152517)
(0.678554,0.502691)
(0.210707,-0.324402)
(-0.000181671,-0.361858)
(0.00630227,-0.227446)
(0.20661,-0.239927)
(-0.489624,-1.4275)
(-0.570491,-0.401737)
(-0.727545,0.163231)
(-1.1117,0.418153)
(0.0227386,-0.699676)
(0.19298,-0.420733)
(-0.170035,-0.408424)
(-0.43483,0.77507)
(-0.443747,-0.733121)
(0.928333,0.893148)
(-1.14521,0.0507649)
(0.0672402,0.31662)
(-0.233843,0.280686)
(0.492688,-0.35844)
(-0.276596,-0.766091)
(-0.506828,-1.42319)
(0.621638,0.334812)
(0.0343734,-0.613891)
(0.228165,0.461922)
(-0.339729,0.47392)
(-0.353785,-0.202237)
(0.224446,0.598349)
(-0.508819,0.989446)
(0.544343,-0.118518)
(-0.0556916,0.250158)
(-1.86285,-0.632319)
(0.671779,-0.441455)
(-0.412471,0.312598)
(-0.642008,-0.459066)
(0.694517,0.304128)
(0.571725,0.329097)
(-0.206985,-0.113675)
(0.238275,-0.191663)
(-0.661091,0.710895)
(-0.359531,-0.442444)
(0.49333,0.0481207)
(-0.0676969,0.296953)
(-0.265613,-0.483907)
(-0.296568,0.382875)
(-0.633019,0.251209)
(-0.0631795,0.348958)
(0.0413872,-1.46021)
(0.0224898,0.383375)
(0.1724,0.229113)
(0.262742,-0.0670231)
(-0.371516,-0.380041)
(0.542811,0.439986)
(-0.204037,-0.528497)
(-0.402363,-0.275947)
(-0.655281,-0.0423125)
(-0.175978,-0.269335)
(-0.874691,0.368952)
(0.298194,1.22707)
(0.680853,-0.923453)
(-0.927073,0.500897)
(-0.386887,0.0356934)
(-0.980793,0.129139)
(-0.107928,1.51651)
(0.579122,0.263751)
(0.128285,0.014187)
(0.41597,-0.190067)
(-0.0550456,-0.198265)
(-0.344285,0.244721)
(0.549325,0.317526)
(0.119389,0.541198)
(-0.59204,-0.792948)
(-0.501365,-0.640335)
(0.833996,-0.342121)
(-0.088642,1.09802)
(-0.382063,-0.72592)
(0.148769,0.510859)
(-0.375734,1.32206)
(0.2315,0.812641)
(-1.22083,0.367815)
(0.303957,0.555296)
(0.152295,-0.306246)
(-0.13537,0.804941)
(-0.0843467,0.369855)
(0.40353,0.27169)
(-0.0941988,0.258885)
(0.330932,0.183118)
(-0.424154,-1.16809)
(-0.112902,-0.324429)
(-0.471388,-0.440253)
(0.763196,0.55654)
(0.382722,0.190816)
(1.08385,0.1809)
(0.512452,-0.544986)
(0.128045,0.49198)
(-0.287711,-0.255493)
(0.268112,-0.723049)
(0.348373,-0.47533)
(-0.374287,-0.035226)
(0.00232325,-0.272729)
(-0.33642,0.242031)
(0.273604,-0.0644385)
(0.412143,0.0861383)
(0.186427,0.111455)
(-0.263485,0.396705)
(0.56142,-0.133)
(-0.193603,0.233527)
(0.486003,0.452828)
(-0.942277,-0.784868)
(-0.350293,-0.303637)
(-0.287656,-0.226192)
(-0.186201,0.643043)
(-0.0445502,-0.577995)
(-0.93958,0.492789)
(-0.456005,-0.873282)
(-0.709848,-0.507506)
(0.124137,-0.4345)
(-0.33457,-0.523631)
(0.118982,0.489781)
(-0.455606,-0.205712)
(-0.126342,-0.118666)
(0.332588,-0.163465)
(-0.333049,0.43679)
(-1.09856,0.50648)
(0.461534,-0.861432)
(0.736269,0.184286)
(-0.948981,-0.165385)
(0.342888,-0.0940746)
(0.569304,-0.834414)
(-0.468884,-0.406343)
(-0.0915157,-0.532455)
(-0.918347,0.721547)
(-0.430202,0.0611609)
(-0.665764,-0.369684)
(-0.272655,-0.314097)
(-0.984694,-0.460888)
(-0.100503,0.665319)
(-0.0321293,-0.360906)
(0.163142,0.490449)
(0.434192,-1.07435)
(-0.598971,-0.54144)
(-0.240012,0.0100111)
(-0.913048,-1.44198)
(0.101325,0.394568)
(0.238918,0.371974)
(0.174576,0.543197)
(-0.241881,-0.190926)
(-0.279875,0.164766)
(0.0119507,-0.0661512)
(0.0543497,-0.465366)
(-0.439152,0.441445)
(-0.613166,-0.460517)
(0.365306,-1.44482)
(0.625339,-0.604645)
(1.05421,0.444695)
(-0.0319376,0.213557)
(0.597349,-0.71536)
(0.228077,-0.526442)
(-0.457752,0.697202)
(-0.718725,0.191487)
(-0.114831,0.440719)
(-0.289826,-0.521901)
(-0.262918,0.750411)
(0.503794,0.0383572)
(-0.427965,0.0747098)
(0.981705,-0.874577)
(-0.13498,0.0162541)
(0.403158,-0.849854)
(-0.388704,0.464673)
(-0.537142,0.666158)
(-0.609307,0.716488)
(-0.0152814,-0.320751)
(0.17714,-0.142619)
(0.301932,0.791677)
(-0.447952,0.0434707)
(-0.308734,-0.506998)
(0.256908,-0.42666)
(0.908078,-0.251905)
(-0.231427,-0.376208)
(-0.0492534,0.317736)
(0.487368,-0.283313)
(0.028965,0.601992)
(-0.776892,0.251295)
(-0.00276444,-0.599399)
(-0.893804,-0.368659)
(0.216516,-0.0415569)
(0.585062,-0.379248)
(0.715427,-0.510475)
(-0.172329,-0.436068)
(0.389948,0.468675)
(0.338509,0.50775)
(-0.42402,0.257889)
(0.233847,0.117144)
(0.667677,-1.10338)
(0.068268,-0.0610068)
(-0.326332,-1.19811)
(-0.366946,-0.90782)
(0.85625,-1.89719)
(0.0330079,-0.240994)
(0.130615,-0.318839)
(1.19235,1.44139)
(2.29276,-5.14716)
(0.029874,2.40095)
(-1.24987,1.20539)
(-0.509059,0.318003)
(-1.83412,0.75369)
(-1.16982,1.20908)
(0.1542,-0.486807)
(-0.32433,0.741763)
(-0.017588,-0.00227532)
(-0.3726,0.54665)
(-0.252553,0.184194)
(-0.289113,0.501545)
(0.00115215,-0.154875)
(-0.218888,0.503099)
(0.313435,-0.204387)
(-0.482507,0.722452)
(0.360018,0.532815)
(0.91845,-0.339265)
(0.483191,-0.107804)
(1.3852,0.563066)
(0.744677,0.447775)
(0.205468,0.55153)
(0.546487,0.463074)
(0.329707,1.23425)
(-0.515667,-0.095527)
(0.926659,-0.333913)
(-0.00896758,-0.522569)
(-0.452728,-0.430042)
(0.0788653,-0.128815)
(0.0895468,0.909299)
(0.331253,0.420091)
(0.103716,-1.71683)
(-0.775497,-0.0115674)
(-0.0674344,-0.17909)
(-0.760476,-0.349712)
(0.690367,0.296415)
(0.0412266,0.132357)
(-0.933553,-0.285271)
(-0.455083,-0.176078)
(1.27151,-0.2665)
(-0.394525,0.298552)
(0.293304,1.18435)
(0.0851718,-0.0950761)
(-0.364438,-0.459972)
(0.263851,0.451929)
(-0.00921218,0.0912001)
(0.032225,0.644029)
(0.102134,0.509552)
(-0.665044,0.488719)
(0.0880058,0.201886)
(-0.136353,-0.823599)
(0.322211,0.888643)
(0.160319,-0.0843367)
(-0.247076,-0.543133)
(-0.0997967,0.353687)
(0.827246,-0.598676)
(-0.182407,0.624659)
(-0.366387,-0.858474)
(0.504061,0.522766)
(0.211296,-0.284824)
(-1.18981,-0.361041)
(-0.0100576,-0.844311)
(-0.30424,0.657862)
(0.440744,-0.0963811)
(-0.208757,0.207432)
(-0.00262129,0.0944837)
(-0.196724,-0.823137)
(-0.132504,-0.580722)
(0.459768,-0.328257)
(-0.202317,-1.17814)
(-0.146533,-0.253224)
(0.207812,0.622901)
(0.263757,-0.357123)
(0.430149,-0.690052)
(0.143943,0.0509838)
(-0.198648,-0.0792039)
(0.280499,0.507894)
(0.229447,-0.156324)
(-0.6264,0.615311)
(-0.203811,-0.60204)
(-0.275446,-0.470328)
(0.112647,0.386417)
(0.639858,-0.205015)
(-0.567787,-0.286857)
(1.00376,-0.296558)
(0.561735,-0.955529)
(-0.118686,0.0246211)
(0.136873,-0.547028)
(0.151966,-0.77358)
(-0.781116,0.0328373)
(-0.270233,0.110002)
(0.0584191,0.31871)
(-0.503814,1.24171)
(0.435313,0.687091)
(-1.12416,0.692072)
(-0.417503,0.518456)
(-0.78484,-0.300187)
(-0.175739,0.0530347)
(-0.25645,0.975108)
(-1.01401,-0.039231)
(-1.0547,0.202487)
(-0.193871,0.684904)
(-0.0852885,0.0114096)
(-0.649967,-0.708974)
(-0.641601,-0.17693)
(0.509288,0.288512)
(-0.822929,-0.566202)
(-0.137553,-0.292121)
(-0.239939,-0.694861)
(-0.248864,-0.480158)
(-1.17273,0.344307)
(-0.805704,-0.484032)
(0.0690996,0.376005)
(-0.169724,-0.425366)
(-0.0506255,1.19777)
(-0.0455688,-0.404425)
(-0.51849,-0.0515666)
(1.29905,0.246987)
(0.333283,0.346472)
(0.688536,0.302237)
(0.0898729,-0.559753)
(0.0595439,-0.0827959)
(0.240712,0.158799)
(0.00646382,-1.74074)
(0.594226,1.02444)
(-0.353218,0.972301)
(0.791847,-0.74927)
(-0.803422,0.825101)
(-0.549203,0.761648)
(-0.00920339,-0.337371)
(-0.462405,-0.3437)
(-0.636532,-0.325249)
(-0.495854,0.524823)
(-0.390846,-0.303603)
(0.776907,-0.126882)
(-0.587304,-0.0925516)
(-0.18817,0.212127)
(0.854531,-0.770923)
(-0.530923,0.727717)
(-0.834596,-0.916874)
(0.958915,0.394079)
(-0.794511,-0.120733)
(0.136545,-1.3423)
(-0.165103,0.415042)
(-0.0609373,0.214899)
(-0.401916,0.351832)
(0.819485,0.0250135)
(-0.261197,-0.615743)
(-0.931695,-0.0179491)
(-0.0679975,0.367451)
(0.0491308,-0.34383)
(0.486576,0.138461)
(0.296603,0.61635)
(-0.162199,-0.550394)
(-0.344236,-0.358297)
(0.250655,-0.196892)
(-0.116168,-0.0506191)
(0.108358,-0.131588)
(-0.252608,0.22295)
(-0.259962,0.199245)
(0.29813,0.0256587)
(0.569993,0.186267)
(-1.0318,0.425346)
(0.433635,0.454194)
(0.0717157,0.15984)
(-0.791959,-0.720064)
(-0.537213,0.321699)
(-0.0899655,0.459007)
(-0.630068,0.364342)
(-0.468409,-0.251524)
(0.557343,-0.143556)
(-0.342525,-0.343906)
(0.664961,0.0161146)
(0.499726,1.41403)
(-0.209332,0.327378)
(0.620828,0.286157)
(-0.488697,-0.206999)
(0.126754,-0.2372)
(-0.0772506,-0.0515747)
(-0.456126,0.0213248)
(-0.00731613,-0.377828)
(0.279575,0.113519)
(0.388889,-0.616983)
(0.429304,-0.203414)
(0.529298,0.247746)
(-0.0868413,-1.2792)
(-0.259837,-0.68093)
(0.174738,0.509016)
(0.0833105,0.0519449)
(0.122334,0.41181)
(0.0527496,-0.260519)
(0.0369666,-0.232166)
(0.592643,-0.934514)
(-0.826643,-0.255096)
(-0.0351769,0.200955)
(-0.439392,0.37483)
(-0.683681,-0.0995527)
---------------------------
f_d = -3000
---------------------------
(0.729019,-0.968536)
(-0.24203,-0.152522)
(0.678555,0.502687)
(0.210709,-0.324405)
(-0.000178209,-0.361859)
(0.00630622,-0.227446)
(0.206611,-0.239925)
(-0.489623,-1.4275)
(-0.570492,-0.401734)
(-0.727548,0.163237)
(-1.1117,0.418157)
(0.0227328,-0.699674)
(0.192974,-0.420737)
(-0.170038,-0.408429)
(-0.434833,0.775065)
(-0.443746,-0.733125)
(0.928342,0.893139)
(-1.14521,0.0507663)
(0.0672381,0.316625)
(-0.233848,0.280689)
(0.492678,-0.358441)
(-0.276606,-0.766093)
(-0.506836,-1.42319)
(0.621632,0.3348)
(0.0343694,-0.613903)
(0.22817,0.461905)
(-0.339723,0.473911)
(-0.353774,-0.202245)
(0.224456,0.598347)
(-0.508814,0.989449)
(0.544347,-0.118516)
(-0.0556968,0.250162)
(-1.86286,-0.63229)
(0.671772,-0.441453)
(-0.412472,0.312601)
(-0.642016,-0.459072)
(0.694517,0.304127)
(0.571726,0.329092)
(-0.206984,-0.113679)
(0.23828,-0.191665)
(-0.661089,0.710892)
(-0.359537,-0.442432)
(0.493334,0.0481214)
(-0.06769,0.296958)
(-0.26561,-0.483904)
(-0.296567,0.382879)
(-0.63302,0.251213)
(-0.0631797,0.348957)
(0.0413781,-1.46021)
(0.0224829,0.383373)
(0.172398,0.229118)
(0.262741,-0.0670249)
(-0.371506,-0.380046)
(0.542816,0.439984)
(-0.204037,-0.528497)
(-0.402359,-0.275952)
(-0.655272,-0.0423145)
(-0.175969,-0.269348)
(-0.874689,0.368949)
(0.298199,1.22707)
(0.680845,-0.92346)
(-0.927059,0.500901)
(-0.38688,0.0356905)
(-0.980785,0.12913)
(-0.107917,1.51651)
(0.579122,0.263748)
(0.128292,0.0141833)
(0.41597,-0.190075)
(-0.0550472,-0.198259)
(-0.344287,0.244721)
(0.549322,0.317526)
(0.119387,0.541209)
(-0.592029,-0.79295)
(-0.501362,-0.640341)
(0.833991,-0.342129)
(-0.0886497,1.09802)
(-0.382057,-0.725931)
(0.148778,0.510854)
(-0.375728,1.32207)
(0.231514,0.812648)
(-1.22083,0.367823)
(0.303963,0.555311)
(0.152302,-0.306231)
(-0.135349,0.804971)
(-0.0843327,0.369854)
(0.403532,0.271698)
(-0.094198,0.258904)
(0.33093,0.183125)
(-0.424156,-1.16808)
(-0.112921,-0.324423)
(-0.471386,-0.440252)
(0.763186,0.556522)
(0.382716,0.190809)
(1.08386,0.180896)
(0.512441,-0.544987)
(0.128057,0.491983)
(-0.287709,-0.255486)
(0.268107,-0.723051)
(0.348364,-0.475331)
(-0.374303,-0.0352121)
(0.00232959,-0.272726)
(-0.336419,0.242032)
(0.273599,-0.064456)
(0.412159,0.0861339)
(0.186425,0.111458)
(-0.26347,0.3967)
(0.561424,-0.132992)
(-0.193588,0.23353)
(0.486011,0.45284)
(-0.942276,-0.784874)
(-0.350292,-0.303624)
(-0.287653,-0.226183)
(-0.186196,0.643058)
(-0.0445487,-0.577977)
(-0.93958,0.492817)
(-0.456005,-0.873271)
(-0.709858,-0.507494)
(0.124113,-0.434486)
(-0.334581,-0.52362)
(0.118971,0.48978)
(-0.455617,-0.205707)
(-0.12636,-0.118653)
(0.332604,-0.163446)
(-0.333066,0.436788)
(-1.09856,0.50649)
(0.461539,-0.861422)
(0.736273,0.184277)
(-0.948981,-0.165424)
(0.342873,-0.0940774)
(0.569312,-0.834377)
(-0.468876,-0.40632)
(-0.0915159,-0.532445)
(-0.918348,0.721556)
(-0.430218,0.0611617)
(-0.665781,-0.369666)
(-0.272666,-0.314079)
(-0.984695,-0.46088)
(-0.100519,0.665329)
(-0.0321387,-0.360895)
(0.163139,0.490459)
(0.434186,-1.07434)
(-0.598992,-0.541439)
(-0.240026,0.0100153)
(-0.913074,-1.44198)
(0.101313,0.394564)
(0.238932,0.371973)
(0.174559,0.543196)
(-0.241872,-0.190912)
(-0.279867,0.164765)
(0.0119421,-0.0661407)
(0.0543437,-0.465355)
(-0.439183,0.441443)
(-0.613179,-0.460515)
(0.365277,-1.44484)
(0.625326,-0.60465)
(1.05418,0.444703)
(-0.0319495,0.213556)
(0.597346,-0.715365)
(0.228098,-0.526464)
(-0.457748,0.697212)
(-0.718714,0.19149)
(-0.114813,0.440735)
(-0.289823,-0.521904)
(-0.262926,0.750415)
(0.503791,0.0383641)
(-0.427978,0.0747072)
(0.981711,-0.874567)
(-0.134973,0.0162311)
(0.403155,-0.849875)
(-0.388706,0.464665)
(-0.537142,0.666165)
(-0.609298,0.716494)
(-0.0152808,-0.320751)
(0.177129,-0.142619)
(0.301915,0.791678)
(-0.447949,0.0434771)
(-0.308759,-0.507004)
(0.256895,-0.426687)
(0.908051,-0.25192)
(-0.231415,-0.376208)
(-0.0492708,0.317727)
(0.487376,-0.2833)
(0.0289613,0.602012)
(-0.776868,0.251293)
(-0.00277149,-0.599391)
(-0.893795,-0.368645)
(0.216496,-0.0415447)
(0.585047,-0.379246)
(0.715414,-0.510486)
(-0.17233,-0.436082)
(0.389937,0.468657)
(0.33853,0.507724)
(-0.424039,0.257876)
(0.233846,0.117152)
(0.667674,-1.10338)
(0.0682448,-0.0609987)
(-0.326344,-1.19811)
(-0.366993,-0.907856)
(0.856224,-1.8972)
(0.0329902,-0.241015)
(0.130584,-0.318875)
(1.19236,1.44135)
(2.29278,-5.14718)
(0.0298971,2.40092)
(-1.24972,1.20542)
(-0.509012,0.318037)
(-1.83412,0.753647)
(-1.16981,1.20906)
(0.154218,-0.486783)
(-0.324335,0.74174)
(-0.0175905,-0.00226161)
(-0.372589,0.54664)
(-0.252563,0.1842)
(-0.289115,0.501534)
(0.00113892,-0.154888)
(-0.218902,0.503094)
(0.313408,-0.204426)
(-0.482527,0.722449)
(0.360038,0.532781)
(0.918425,-0.339291)
(0.483173,-0.107825)
(1.38522,0.563055)
(0.744701,0.447759)
(0.205489,0.551522)
(0.546509,0.463071)
(0.329718,1.23424)
(-0.51564,-0.0955296)
(0.926667,-0.333896)
(-0.0089279,-0.522564)
(-0.452712,-0.430041)
(0.0788947,-0.128809)
(0.0895384,0.909314)
(0.331267,0.420089)
(0.103685,-1.71682)
(-0.775481,-0.0115616)
(-0.0674506,-0.179088)
(-0.760462,-0.349697)
(0.690384,0.296414)
(0.0412192,0.13238)
(-0.933537,-0.285273)
(-0.455088,-0.176098)
(1.2715,-0.266515)
(-0.394515,0.298535)
(0.293311,1.18435)
(0.0851912,-0.0950947)
(-0.364459,-0.459969)
(0.26388,0.451946)
(-0.00920611,0.0912203)
(0.0322479,0.644034)
(0.102125,0.509568)
(-0.665042,0.488731)
(0.0879941,0.201901)
(-0.13634,-0.823573)
(0.322211,0.888658)
(0.160347,-0.0843624)
(-0.247078,-0.543155)
(-0.0998123,0.353672)
(0.827248,-0.598684)
(-0.182407,0.62467)
(-0.3664,-0.858486)
(0.504109,0.522739)
(0.211323,-0.284807)
(-1.18982,-0.361028)
(-0.0100621,-0.844298)
(-0.304261,0.657895)
(0.440735,-0.0963606)
(-0.208751,0.207447)
(-0.0026325,0.0944668)
(-0.196704,-0.823165)
(-0.132486,-0.580728)
(0.459748,-0.32825)
(-0.202304,-1.17815)
(-0.146547,-0.253245)
(0.207775,0.622875)
(0.263742,-0.357097)
(0.430168,-0.690026)
(0.143911,0.050986)
(-0.198626,-0.0791946)
(0.28049,0.507865)
(0.229441,-0.156356)
(-0.626387,0.615314)
(-0.20382,-0.602051)
(-0.275404,-0.470338)
(0.112644,0.386391)
(0.639855,-0.205028)
(-0.567783,-0.286858)
(1.00377,-0.296591)
(0.561746,-0.955521)
(-0.118668,0.0245933)
(0.136863,-0.547077)
(0.15192,-0.773576)
(-0.781106,0.0328511)
(-0.270182,0.110019)
(0.0584365,0.318679)
(-0.503777,1.24173)
(0.435319,0.68706)
(-1.12414,0.692097)
(-0.417439,0.518454)
(-0.784846,-0.300168)
(-0.17571,0.0530623)
(-0.256411,0.975113)
(-1.01401,-0.0392601)
(-1.05465,0.202426)
(-0.193888,0.684909)
(-0.0852711,0.0114058)
(-0.650006,-0.708968)
(-0.641622,-0.176885)
(0.509281,0.28856)
(-0.822897,-0.566181)
(-0.137529,-0.292143)
(-0.239911,-0.694854)
(-0.248882,-0.480168)
(-1.17278,0.344326)
(-0.805697,-0.483989)
(0.0691182,0.376022)
(-0.169736,-0.42541)
(-0.0506762,1.19779)
(-0.0455566,-0.404454)
(-0.518475,-0.051623)
(1.29907,0.246968)
(0.333295,0.346449)
(0.688544,0.302232)
(0.0898847,-0.559761)
(0.0595297,-0.0828318)
(0.240726,0.158814)
(0.0064929,-1.74078)
(0.594265,1.02445)
(-0.353256,0.972298)
(0.791824,-0.749251)
(-0.803423,0.825155)
(-0.549204,0.761674)
(-0.00918762,-0.33738)
(-0.46237,-0.343698)
(-0.636538,-0.325251)
(-0.495863,0.524814)
(-0.390896,-0.303532)
(0.776911,-0.126904)
(-0.587326,-0.0925433)
(-0.18819,0.212126)
(0.854544,-0.770875)
(-0.530965,0.727722)
(-0.834592,-0.916916)
(0.958886,0.394064)
(-0.794502,-0.120737)
(0.136491,-1.34231)
(-0.165103,0.415033)
(-0.0609639,0.214937)
(-0.401877,0.351802)
(0.819434,0.0250064)
(-0.261178,-0.615742)
(-0.931683,-0.0179475)
(-0.0680086,0.367413)
(0.0490961,-0.34375)
(0.486556,0.138434)
(0.29657,0.616368)
(-0.162198,-0.550435)
(-0.344212,-0.358269)
(0.250722,-0.196831)
(-0.116148,-0.0506471)
(0.108322,-0.131581)
(-0.252566,0.222949)
(-0.259955,0.199253)
(0.298135,0.0256506)
(0.569966,0.186318)
(-1.03179,0.425358)
(0.433623,0.454186)
(0.0717513,0.159828)
(-0.791977,-0.72005)
(-0.537197,0.321697)
(-0.0900089,0.459051)
(-0.629996,0.364377)
(-0.468461,-0.251602)
(0.557302,-0.14358)
(-0.342487,-0.343866)
(0.664986,0.0161245)
(0.499719,1.41403)
(-0.209306,0.327404)
(0.620821,0.286081)
(-0.488717,-0.206933)
(0.126767,-0.237192)
(-0.077259,-0.0515681)
(-0.456141,0.0213382)
(-0.00728976,-0.377834)
(0.279562,0.113518)
(0.388913,-0.617012)
(0.4293,-0.20339)
(0.52931,0.247742)
(-0.0868472,-1.27921)
(-0.259807,-0.680936)
(0.174788,0.509036)
(0.0833572,0.0519207)
(0.122343,0.411832)
(0.0527535,-0.260556)
(0.036982,-0.232093)
(0.592675,-0.93454)
(-0.82663,-0.255205)
(-0.035238,0.200973)
(-0.439391,0.374838)
(-0.683709,-0.0995349)
(0.684485,0.0185873)
---------------------------
f_d = -2000
---------------------------
(-0.242027,-0.152518)
(0.678555,0.50269)
(0.210707,-0.324402)
(-0.000181232,-0.361857)
(0.00630348,-0.227446)
(0.20661,-0.239928)
(-0.489626,-1.4275)
(-0.570491,-0.401739)
(-0.727544,0.163233)
(-1.1117,0.418156)
(0.0227355,-0.699675)
(0.192978,-0.420735)
(-0.170034,-0.408426)
(-0.43483,0.77507)
(-0.443747,-0.733121)
(0.928338,0.893141)
(-1.14521,0.0507723)
(0.0672403,0.31662)
(-0.233843,0.280684)
(0.492686,-0.358444)
(-0.276599,-0.766088)
(-0.506828,-1.42319)
(0.62164,0.334811)
(0.0343751,-0.61389)
(0.228168,0.46192)
(-0.339725,0.473921)
(-0.353785,-0.202238)
(0.224444,0.598349)
(-0.508821,0.989443)
(0.544339,-0.118523)
(-0.0556913,0.250158)
(-1.86286,-0.632308)
(0.671768,-0.441463)
(-0.412464,0.312592)
(-0.642013,-0.459065)
(0.694517,0.304126)
(0.571722,0.329096)
(-0.206984,-0.113675)
(0.238275,-0.191664)
(-0.661094,0.710893)
(-0.359537,-0.442436)
(0.493324,0.0481134)
(-0.0676949,0.296952)
(-0.265614,-0.483906)
(-0.296567,0.382877)
(-0.633021,0.25121)
(-0.063177,0.348957)
(0.0413874,-1.46021)
(0.0224872,0.38337)
(0.172398,0.22912)
(0.262736,-0.067017)
(-0.37152,-0.380044)
(0.542815,0.439985)
(-0.204036,-0.528495)
(-0.402366,-0.275952)
(-0.655273,-0.0423122)
(-0.175973,-0.269341)
(-0.874687,0.368952)
(0.298193,1.22707)
(0.68084,-0.923454)
(-0.927054,0.500909)
(-0.386883,0.0356977)
(-0.980788,0.129127)
(-0.107931,1.5165)
(0.579118,0.26375)
(0.128283,0.0141866)
(0.415968,-0.190068)
(-0.0550434,-0.198273)
(-0.344289,0.244716)
(0.54932,0.317519)
(0.119386,0.541198)
(-0.592032,-0.79295)
(-0.501365,-0.640335)
(0.833988,-0.342117)
(-0.088649,1.09803)
(-0.382062,-0.725931)
(0.148772,0.510859)
(-0.375731,1.32207)
(0.231501,0.812637)
(-1.22084,0.367818)
(0.303961,0.555298)
(0.152294,-0.306238)
(-0.135355,0.804963)
(-0.0843404,0.369851)
(0.403529,0.271693)
(-0.0941973,0.258886)
(0.330931,0.183117)
(-0.424154,-1.16809)
(-0.112909,-0.324427)
(-0.471374,-0.440258)
(0.763199,0.556534)
(0.382722,0.190819)
(1.08385,0.180897)
(0.512445,-0.54498)
(0.128054,0.491969)
(-0.287704,-0.25548)
(0.268087,-0.723059)
(0.348366,-0.475346)
(-0.374301,-0.0352083)
(0.00232956,-0.272717)
(-0.336414,0.242037)
(0.273593,-0.0644497)
(0.41215,0.0861195)
(0.186425,0.111458)
(-0.26349,0.396692)
(0.561416,-0.133)
(-0.193612,0.23352)
(0.485999,0.452824)
(-0.942282,-0.784883)
(-0.35029,-0.303637)
(-0.287665,-0.226182)
(-0.186195,0.643048)
(-0.0445511,-0.577987)
(-0.93958,0.492797)
(-0.456002,-0.873288)
(-0.709844,-0.507507)
(0.124125,-0.434499)
(-0.334569,-0.523633)
(0.118987,0.489779)
(-0.455603,-0.20572)
(-0.126357,-0.118664)
(0.332587,-0.163469)
(-0.333049,0.436794)
(-1.09856,0.506478)
(0.461558,-0.861426)
(0.736281,0.184273)
(-0.94898,-0.165415)
(0.342886,-0.0940711)
(0.569318,-0.834404)
(-0.468875,-0.406332)
(-0.0915253,-0.532467)
(-0.91835,0.721553)
(-0.430207,0.0611592)
(-0.665771,-0.369679)
(-0.272671,-0.314103)
(-0.984705,-0.4609)
(-0.100514,0.665326)
(-0.0321496,-0.360903)
(0.163126,0.490444)
(0.434201,-1.07434)
(-0.598984,-0.541447)
(-0.240016,0.0100099)
(-0.913056,-1.44198)
(0.101328,0.394557)
(0.238937,0.371969)
(0.174555,0.543193)
(-0.241891,-0.190926)
(-0.279875,0.164782)
(0.0119383,-0.0661369)
(0.0543574,-0.46537)
(-0.439167,0.441437)
(-0.613177,-0.460517)
(0.365299,-1.44482)
(0.625321,-0.604642)
(1.05421,0.444719)
(-0.0319384,0.21355)
(0.59734,-0.715344)
(0.22809,-0.526448)
(-0.457745,0.697221)
(-0.718734,0.191484)
(-0.114816,0.440742)
(-0.289829,-0.521915)
(-0.262928,0.750407)
(0.503798,0.0383556)
(-0.42797,0.0747224)
(0.981717,-0.874568)
(-0.13498,0.0162402)
(0.403134,-0.849913)
(-0.388713,0.464681)
(-0.53713,0.666176)
(-0.609302,0.716486)
(-0.0152763,-0.320762)
(0.17713,-0.142615)
(0.301925,0.791676)
(-0.447938,0.0434503)
(-0.308743,-0.507011)
(0.256913,-0.426659)
(0.908087,-0.251914)
(-0.231403,-0.376206)
(-0.0492633,0.317744)
(0.487362,-0.283305)
(0.0289623,0.602003)
(-0.776874,0.251304)
(-0.00273538,-0.599392)
(-0.893797,-0.368676)
(0.216515,-0.0415478)
(0.585058,-0.379263)
(0.715428,-0.510458)
(-0.172314,-0.436079)
(0.389942,0.468667)
(0.338534,0.507733)
(-0.424014,0.257875)
(0.233818,0.117136)
(0.667677,-1.10337)
(0.0682615,-0.0610185)
(-0.326324,-1.19809)
(-0.366954,-0.907831)
(0.856252,-1.89719)
(0.0330187,-0.24097)
(0.130601,-0.318849)
(1.19236,1.44138)
(2.29278,-5.14716)
(0.0298504,2.40095)
(-1.24975,1.20543)
(-0.508986,0.318056)
(-1.83411,0.753664)
(-1.1698,1.20902)
(0.154205,-0.486777)
(-0.324337,0.741762)
(-0.0175933,-0.00227201)
(-0.372585,0.546649)
(-0.252555,0.184187)
(-0.289118,0.501504)
(0.00111767,-0.154877)
(-0.218908,0.503107)
(0.313424,-0.204388)
(-0.482518,0.722456)
(0.360033,0.532814)
(0.918439,-0.33927)
(0.483192,-0.107804)
(1.3852,0.563041)
(0.744674,0.447788)
(0.205438,0.551527)
(0.546481,0.463078)
(0.329716,1.23425)
(-0.515647,-0.0955285)
(0.926647,-0.333882)
(-0.00895877,-0.522556)
(-0.452704,-0.430032)
(0.078881,-0.128792)
(0.0895367,0.90931)
(0.331247,0.420079)
(0.103706,-1.71681)
(-0.775499,-0.0115697)
(-0.0674438,-0.179073)
(-0.760474,-0.34972)
(0.690387,0.296422)
(0.0412197,0.132374)
(-0.933557,-0.285243)
(-0.455089,-0.176091)
(1.27152,-0.266508)
(-0.394499,0.298567)
(0.293374,1.18431)
(0.0851772,-0.0951183)
(-0.364468,-0.459945)
(0.263849,0.451917)
(-0.0092097,0.0912487)
(0.0322308,0.644022)
(0.102143,0.509553)
(-0.665054,0.488709)
(0.0880015,0.20191)
(-0.136334,-0.823607)
(0.322203,0.88866)
(0.160319,-0.0843638)
(-0.247045,-0.54318)
(-0.0997852,0.353682)
(0.827241,-0.598685)
(-0.182411,0.624678)
(-0.3664,-0.858486)
(0.504119,0.522723)
(0.211328,-0.284804)
(-1.18985,-0.361023)
(-0.0100654,-0.844288)
(-0.304234,0.657888)
(0.440734,-0.0963551)
(-0.208745,0.207416)
(-0.00260811,0.0944734)
(-0.196705,-0.823161)
(-0.132469,-0.580709)
(0.459778,-0.328209)
(-0.202303,-1.17816)
(-0.146529,-0.253212)
(0.207826,0.622874)
(0.263742,-0.357101)
(0.430129,-0.690033)
(0.143919,0.0509882)
(-0.198641,-0.0792097)
(0.280504,0.507869)
(0.229446,-0.156367)
(-0.626344,0.61529)
(-0.203796,-0.602025)
(-0.27539,-0.470336)
(0.112635,0.386405)
(0.639877,-0.205019)
(-0.567779,-0.286852)
(1.00379,-0.296567)
(0.561754,-0.955527)
(-0.118666,0.0246238)
(0.13685,-0.547042)
(0.151942,-0.77357)
(-0.78113,0.0328662)
(-0.270187,0.110002)
(0.0583978,0.318714)
(-0.503789,1.24173)
(0.435281,0.687075)
(-1.12415,0.692087)
(-0.417458,0.518458)
(-0.784858,-0.300159)
(-0.175711,0.0530321)
(-0.256437,0.975122)
(-1.01402,-0.039226)
(-1.05465,0.202465)
(-0.193871,0.684971)
(-0.0852863,0.0113929)
(-0.649987,-0.708969)
(-0.641618,-0.176942)
(0.509287,0.288542)
(-0.822916,-0.566176)
(-0.137551,-0.292132)
(-0.23989,-0.694859)
(-0.24884,-0.480166)
(-1.17281,0.344332)
(-0.805679,-0.484036)
(0.0691041,0.37602)
(-0.169715,-0.425397)
(-0.0506089,1.19779)
(-0.0455541,-0.404447)
(-0.518472,-0.051616)
(1.29908,0.246992)
(0.333256,0.346453)
(0.688536,0.302279)
(0.0898689,-0.559759)
(0.0595452,-0.0828093)
(0.240746,0.15878)
(0.00645033,-1.74077)
(0.594223,1.02446)
(-0.353241,0.972338)
(0.791794,-0.749289)
(-0.803412,0.825121)
(-0.549245,0.761667)
(-0.00921033,-0.337375)
(-0.462372,-0.343703)
(-0.636501,-0.325231)
(-0.495858,0.524803)
(-0.390883,-0.303539)
(0.776883,-0.126932)
(-0.587348,-0.0925543)
(-0.188204,0.21216)
(0.854559,-0.770904)
(-0.530926,0.727729)
(-0.834603,-0.916907)
(0.958907,0.394079)
(-0.79448,-0.120751)
(0.13653,-1.34229)
(-0.165114,0.415039)
(-0.0609525,0.214951)
(-0.401909,0.35177)
(0.819482,0.0250278)
(-0.261181,-0.615782)
(-0.931676,-0.01794)
(-0.0679861,0.367448)
(0.0491126,-0.343799)
(0.486524,0.138477)
(0.296635,0.616369)
(-0.162219,-0.550429)
(-0.34419,-0.358258)
(0.250674,-0.196841)
(-0.116149,-0.0506296)
(0.108338,-0.131574)
(-0.252585,0.222929)
(-0.259906,0.199239)
(0.298129,0.0256508)
(0.569981,0.186307)
(-1.03182,0.425358)
(0.433606,0.454188)
(0.0717322,0.159811)
(-0.791918,-0.720052)
(-0.5372,0.321683)
(-0.0900035,0.45902)
(-0.630069,0.364316)
(-0.468421,-0.251535)
(0.557303,-0.143605)
(-0.342491,-0.343869)
(0.664976,0.0161621)
(0.499717,1.41405)
(-0.20933,0.327374)
(0.620805,0.286112)
(-0.488705,-0.207009)
(0.126754,-0.237221)
(-0.0772406,-0.0515786)
(-0.456169,0.0213319)
(-0.00730212,-0.377846)
(0.279576,0.113542)
(0.388866,-0.617019)
(0.429291,-0.203397)
(0.529374,0.247764)
(-0.0868173,-1.27923)
(-0.259828,-0.680927)
(0.174796,0.509025)
(0.0833386,0.0519745)
(0.122305,0.411769)
(0.052767,-0.260555)
(0.0370058,-0.232126)
(0.592627,-0.934495)
(-0.826654,-0.255162)
(-0.0351382,0.200975)
(-0.439385,0.374811)
(-0.683693,-0.0995276)
(0.68447,0.0185468)
(0.729014,-0.968563)
---------------------------
f_d = -1000
---------------------------
(0.678556,0.502689)
(0.210707,-0.324402)
(-0.000181053,-0.361858)
(0.00630309,-0.227446)
(0.206611,-0.239927)
(-0.489626,-1.4275)
(-0.570491,-0.401739)
(-0.727544,0.163234)
(-1.1117,0.418158)
(0.022735,-0.699674)
(0.192978,-0.420736)
(-0.170035,-0.408427)
(-0.434829,0.77507)
(-0.443747,-0.73312)
(0.928338,0.893141)
(-1.14522,0.050771)
(0.0672393,0.316622)
(-0.233842,0.280684)
(0.492686,-0.358442)
(-0.2766,-0.76609)
(-0.506837,-1.42319)
(0.621638,0.334809)
(0.0343724,-0.61389)
(0.228167,0.461921)
(-0.33973,0.473924)
(-0.353785,-0.202238)
(0.224446,0.598348)
(-0.508819,0.989442)
(0.544341,-0.118523)
(-0.0556927,0.250153)
(-1.86286,-0.632297)
(0.671776,-0.441459)
(-0.412463,0.3126)
(-0.642002,-0.459064)
(0.694519,0.304127)
(0.571728,0.329096)
(-0.206983,-0.113675)
(0.238277,-0.191661)
(-0.661093,0.710894)
(-0.359542,-0.44244)
(0.493329,0.0481128)
(-0.0676903,0.296952)
(-0.265609,-0.483907)
(-0.296565,0.382877)
(-0.633023,0.251209)
(-0.0631797,0.348957)
(0.0413883,-1.46021)
(0.0224859,0.383373)
(0.172399,0.229117)
(0.262736,-0.0670239)
(-0.371523,-0.38004)
(0.542822,0.439983)
(-0.20403,-0.528495)
(-0.402363,-0.275947)
(-0.655275,-0.0423122)
(-0.175976,-0.269338)
(-0.874688,0.368947)
(0.298195,1.22707)
(0.680844,-0.923457)
(-0.92706,0.500905)
(-0.386885,0.0356954)
(-0.980788,0.129135)
(-0.10793,1.51651)
(0.579125,0.263751)
(0.128279,0.014191)
(0.415957,-0.190076)
(-0.0550465,-0.198266)
(-0.344275,0.244727)
(0.549324,0.317526)
(0.119394,0.541202)
(-0.592028,-0.792946)
(-0.501364,-0.640336)
(0.834001,-0.342124)
(-0.0886507,1.09802)
(-0.38206,-0.725929)
(0.148765,0.510864)
(-0.37574,1.32207)
(0.231496,0.812643)
(-1.22083,0.367823)
(0.303959,0.555295)
(0.152291,-0.306241)
(-0.135355,0.804963)
(-0.0843362,0.369859)
(0.40354,0.27169)
(-0.0941935,0.258882)
(0.330935,0.18311)
(-0.424153,-1.16808)
(-0.112906,-0.32443)
(-0.47138,-0.440255)
(0.763195,0.556531)
(0.382716,0.190825)
(1.08386,0.180893)
(0.512447,-0.544986)
(0.128062,0.491982)
(-0.287712,-0.255482)
(0.268084,-0.723049)
(0.348363,-0.475342)
(-0.374286,-0.0352194)
(0.00231384,-0.272724)
(-0.336424,0.242043)
(0.273594,-0.0644437)
(0.412147,0.0861209)
(0.186436,0.111445)
(-0.263479,0.396699)
(0.561419,-0.132998)
(-0.193602,0.233512)
(0.486,0.452817)
(-0.942282,-0.784897)
(-0.350289,-0.303635)
(-0.287658,-0.226191)
(-0.186205,0.64304)
(-0.0445547,-0.577991)
(-0.939583,0.492791)
(-0.456006,-0.873286)
(-0.709849,-0.507502)
(0.124116,-0.434493)
(-0.334569,-0.523623)
(0.118983,0.489774)
(-0.455611,-0.205722)
(-0.126372,-0.118656)
(0.3326,-0.163471)
(-0.333028,0.436778)
(-1.09856,0.50649)
(0.461542,-0.861434)
(0.736276,0.184281)
(-0.948987,-0.165427)
(0.342878,-0.0940702)
(0.569327,-0.834379)
(-0.468865,-0.406323)
(-0.0915283,-0.532466)
(-0.918293,0.721572)
(-0.430218,0.0611598)
(-0.665761,-0.369686)
(-0.272672,-0.314107)
(-0.984696,-0.460911)
(-0.100497,0.665301)
(-0.0321467,-0.36091)
(0.163146,0.490444)
(0.434213,-1.07435)
(-0.598977,-0.541447)
(-0.240001,0.0100078)
(-0.913046,-1.44198)
(0.101326,0.394559)
(0.238929,0.371974)
(0.174572,0.543207)
(-0.241873,-0.190922)
(-0.279886,0.164755)
(0.0119363,-0.0661399)
(0.0543559,-0.465371)
(-0.439166,0.441452)
(-0.613167,-0.460548)
(0.365289,-1.44484)
(0.625322,-0.60463)
(1.0542,0.444699)
(-0.0319424,0.213575)
(0.597357,-0.715357)
(0.228068,-0.526449)
(-0.457755,0.697215)
(-0.718741,0.191488)
(-0.114823,0.440726)
(-0.289829,-0.521906)
(-0.26292,0.750404)
(0.503795,0.0383578)
(-0.42797,0.0747253)
(0.981699,-0.874565)
(-0.134971,0.0162512)
(0.40313,-0.849908)
(-0.388664,0.464663)
(-0.537147,0.666175)
(-0.609323,0.716484)
(-0.0152996,-0.320771)
(0.17713,-0.142607)
(0.301927,0.791679)
(-0.447954,0.0434587)
(-0.308745,-0.506997)
(0.256934,-0.426656)
(0.908045,-0.251908)
(-0.231418,-0.3762)
(-0.0492692,0.317739)
(0.487361,-0.283314)
(0.0289563,0.602004)
(-0.776875,0.251311)
(-0.00277412,-0.599392)
(-0.89379,-0.36866)
(0.216516,-0.0415621)
(0.585074,-0.379237)
(0.715437,-0.510461)
(-0.172345,-0.436066)
(0.389946,0.468674)
(0.338539,0.507732)
(-0.424013,0.257878)
(0.233861,0.117144)
(0.667691,-1.10342)
(0.0682406,-0.0610051)
(-0.32631,-1.1981)
(-0.366986,-0.907827)
(0.856254,-1.89716)
(0.033017,-0.240987)
(0.130613,-0.318839)
(1.19236,1.44139)
(2.29277,-5.14714)
(0.0298837,2.40096)
(-1.24975,1.20542)
(-0.508995,0.31805)
(-1.83406,0.753745)
(-1.16981,1.20907)
(0.154219,-0.486812)
(-0.32433,0.74175)
(-0.0175816,-0.00226772)
(-0.372592,0.546625)
(-0.252551,0.184213)
(-0.289106,0.501508)
(0.00115019,-0.15489)
(-0.218893,0.503099)
(0.313432,-0.20441)
(-0.482512,0.722459)
(0.360038,0.532777)
(0.918413,-0.339281)
(0.483205,-0.107815)
(1.3852,0.563056)
(0.744692,0.44775)
(0.205446,0.551537)
(0.54648,0.463074)
(0.329698,1.23426)
(-0.515675,-0.0955252)
(0.926644,-0.333884)
(-0.00895184,-0.522556)
(-0.452715,-0.430042)
(0.0788835,-0.128793)
(0.0895258,0.909296)
(0.331257,0.420069)
(0.103687,-1.71682)
(-0.775506,-0.0115502)
(-0.0674507,-0.179088)
(-0.76046,-0.349733)
(0.69038,0.2964)
(0.0412123,0.132403)
(-0.933554,-0.285257)
(-0.45511,-0.176088)
(1.27151,-0.266506)
(-0.394496,0.298552)
(0.29336,1.18434)
(0.0851987,-0.0950801)
(-0.36444,-0.459971)
(0.263856,0.451912)
(-0.00918839,0.091236)
(0.0322068,0.644024)
(0.102113,0.509555)
(-0.665042,0.488721)
(0.0880001,0.201892)
(-0.136337,-0.823589)
(0.322217,0.888668)
(0.160312,-0.0843485)
(-0.247046,-0.543176)
(-0.0997826,0.353666)
(0.827234,-0.598671)
(-0.182411,0.624673)
(-0.366419,-0.858495)
(0.504126,0.522725)
(0.211356,-0.284811)
(-1.18984,-0.360897)
(-0.0100805,-0.84431)
(-0.304249,0.65786)
(0.440728,-0.0963725)
(-0.208786,0.207411)
(-0.00261955,0.0944967)
(-0.196704,-0.823148)
(-0.13249,-0.580718)
(0.459759,-0.328215)
(-0.20233,-1.17813)
(-0.146527,-0.253218)
(0.207767,0.622862)
(0.263731,-0.357085)
(0.430155,-0.690052)
(0.143907,0.0509872)
(-0.198634,-0.0791848)
(0.280505,0.507865)
(0.229456,-0.156345)
(-0.626381,0.61529)
(-0.203793,-0.601983)
(-0.27543,-0.470354)
(0.112632,0.386406)
(0.639868,-0.205005)
(-0.567769,-0.286848)
(1.00378,-0.296548)
(0.561761,-0.9555)
(-0.118687,0.0246279)
(0.136821,-0.547064)
(0.151938,-0.773585)
(-0.781148,0.0328691)
(-0.270231,0.110015)
(0.0584613,0.318747)
(-0.503799,1.24171)
(0.435292,0.687066)
(-1.12417,0.692072)
(-0.417492,0.518433)
(-0.784864,-0.300154)
(-0.17574,0.0530424)
(-0.256446,0.975118)
(-1.01402,-0.0392333)
(-1.05471,0.202448)
(-0.1939,0.684911)
(-0.0852899,0.0114213)
(-0.649997,-0.708992)
(-0.641632,-0.17691)
(0.509307,0.288513)
(-0.822913,-0.566183)
(-0.137543,-0.292128)
(-0.239889,-0.69485)
(-0.248871,-0.480165)
(-1.1728,0.344339)
(-0.805675,-0.484074)
(0.0691234,0.376016)
(-0.169728,-0.425387)
(-0.0506205,1.19782)
(-0.0455649,-0.40444)
(-0.518505,-0.0515904)
(1.29911,0.246992)
(0.333281,0.346456)
(0.688561,0.302223)
(0.0898474,-0.559738)
(0.0595549,-0.0828096)
(0.240732,0.158824)
(0.00650633,-1.74074)
(0.594265,1.02447)
(-0.353227,0.972315)
(0.791781,-0.74926)
(-0.803428,0.825105)
(-0.549241,0.761647)
(-0.00922636,-0.337377)
(-0.462388,-0.343709)
(-0.636525,-0.325261)
(-0.495861,0.524831)
(-0.390874,-0.303519)
(0.776893,-0.126962)
(-0.587322,-0.0925036)
(-0.188171,0.212087)
(0.854539,-0.77093)
(-0.530932,0.727742)
(-0.834616,-0.916862)
(0.958874,0.394056)
(-0.794497,-0.120748)
(0.136533,-1.34232)
(-0.165118,0.415054)
(-0.0609632,0.214952)
(-0.401896,0.351818)
(0.819485,0.0250062)
(-0.261178,-0.615745)
(-0.931668,-0.0179594)
(-0.0679965,0.367427)
(0.0490898,-0.343794)
(0.486554,0.138433)
(0.296575,0.616396)
(-0.162208,-0.550421)
(-0.344218,-0.358269)
(0.25067,-0.196835)
(-0.11617,-0.0505947)
(0.10832,-0.131529)
(-0.252576,0.222909)
(-0.25994,0.199234)
(0.298156,0.0256691)
(0.569987,0.186271)
(-1.03182,0.425335)
(0.433565,0.454165)
(0.0717625,0.159849)
(-0.791918,-0.720074)
(-0.537201,0.321718)
(-0.0900397,0.459036)
(-0.630048,0.364294)
(-0.468404,-0.251545)
(0.557318,-0.143548)
(-0.342456,-0.343934)
(0.664966,0.0161696)
(0.499692,1.41407)
(-0.209336,0.327414)
(0.620817,0.286068)
(-0.48869,-0.207023)
(0.126808,-0.237234)
(-0.0772751,-0.0515221)
(-0.456163,0.0213408)
(-0.00729091,-0.377875)
(0.279594,0.113534)
(0.388894,-0.617021)
(0.429329,-0.20342)
(0.529391,0.247763)
(-0.0868354,-1.27913)
(-0.259804,-0.680928)
(0.174776,0.509023)
(0.0833517,0.0519523)
(0.122317,0.411827)
(0.0528016,-0.260573)
(0.0369921,-0.232113)
(0.59269,-0.934497)
(-0.82664,-0.255168)
(-0.0351761,0.200919)
(-0.439367,0.374833)
(-0.683708,-0.0995297)
(0.684509,0.0185903)
(0.729055,-0.968524)
(-0.24202,-0.152515)
---------------------------
f_d = 0
---------------------------
(0.210707,-0.324402)
(-0.000180867,-0.361858)
(0.00630387,-0.227446)
(0.20661,-0.239927)
(-0.489627,-1.4275)
(-0.570491,-0.401739)
(-0.727544,0.163233)
(-1.1117,0.418158)
(0.0227322,-0.699675)
(0.192977,-0.420736)
(-0.170035,-0.408428)
(-0.434829,0.775069)
(-0.443749,-0.73312)
(0.928337,0.893141)
(-1.14522,0.0507713)
(0.0672403,0.31662)
(-0.233842,0.280687)
(0.492687,-0.358441)
(-0.2766,-0.766089)
(-0.506836,-1.42319)
(0.621638,0.334804)
(0.034375,-0.613888)
(0.228169,0.46192)
(-0.339728,0.473921)
(-0.353789,-0.202238)
(0.224451,0.598345)
(-0.508821,0.989444)
(0.544343,-0.118523)
(-0.0556925,0.250157)
(-1.86286,-0.632296)
(0.67177,-0.441464)
(-0.412466,0.312599)
(-0.642021,-0.459061)
(0.694518,0.304132)
(0.571726,0.329097)
(-0.206987,-0.113676)
(0.238277,-0.191663)
(-0.661097,0.710895)
(-0.359543,-0.442438)
(0.49333,0.048113)
(-0.0676901,0.296956)
(-0.265614,-0.483906)
(-0.296567,0.382875)
(-0.633022,0.251211)
(-0.0631772,0.348954)
(0.041388,-1.46021)
(0.0224852,0.383374)
(0.172401,0.229117)
(0.262739,-0.0670224)
(-0.371522,-0.380046)
(0.54282,0.43998)
(-0.204038,-0.528495)
(-0.40236,-0.275946)
(-0.655281,-0.0423134)
(-0.175977,-0.269343)
(-0.874688,0.368947)
(0.298196,1.22707)
(0.680839,-0.923455)
(-0.927065,0.500909)
(-0.386884,0.0356961)
(-0.980792,0.129139)
(-0.107938,1.51651)
(0.57912,0.263748)
(0.128291,0.0141844)
(0.415963,-0.19008)
(-0.055049,-0.198268)
(-0.344274,0.244722)
(0.549322,0.31753)
(0.119387,0.541205)
(-0.592032,-0.792949)
(-0.50136,-0.640338)
(0.833993,-0.342124)
(-0.0886459,1.09803)
(-0.382069,-0.725924)
(0.148769,0.510865)
(-0.37574,1.32207)
(0.231499,0.812644)
(-1.22084,0.367818)
(0.303956,0.555304)
(0.152291,-0.306237)
(-0.135356,0.804954)
(-0.0843374,0.369855)
(0.403531,0.271691)
(-0.0942006,0.2589)
(0.33094,0.18311)
(-0.424151,-1.16809)
(-0.112906,-0.324434)
(-0.471376,-0.440254)
(0.7632,0.556534)
(0.382723,0.190822)
(1.08385,0.180891)
(0.512449,-0.544987)
(0.128053,0.491979)
(-0.287714,-0.255481)
(0.268104,-0.723057)
(0.34837,-0.475351)
(-0.374313,-0.0352262)
(0.00232427,-0.272718)
(-0.336419,0.242036)
(0.273587,-0.0644404)
(0.412147,0.0861272)
(0.186432,0.111439)
(-0.263467,0.396707)
(0.561418,-0.13299)
(-0.193607,0.233512)
(0.486003,0.452824)
(-0.942274,-0.784879)
(-0.350281,-0.303635)
(-0.287664,-0.226184)
(-0.18619,0.643036)
(-0.0445488,-0.577989)
(-0.939578,0.492796)
(-0.456,-0.873282)
(-0.70984,-0.507513)
(0.124122,-0.434496)
(-0.334564,-0.523632)
(0.118979,0.489777)
(-0.455603,-0.205718)
(-0.126356,-0.118661)
(0.332603,-0.163476)
(-0.333044,0.436803)
(-1.09855,0.506527)
(0.461541,-0.86143)
(0.736259,0.184266)
(-0.948982,-0.165418)
(0.34291,-0.0940678)
(0.569325,-0.834392)
(-0.468871,-0.406333)
(-0.0915297,-0.532462)
(-0.918301,0.721581)
(-0.430213,0.06119)
(-0.665778,-0.369679)
(-0.272653,-0.314093)
(-0.984689,-0.460911)
(-0.100489,0.665298)
(-0.0321292,-0.360891)
(0.16315,0.490445)
(0.434204,-1.07434)
(-0.598984,-0.541446)
(-0.240004,0.0100224)
(-0.913052,-1.44198)
(0.101321,0.394565)
(0.238937,0.371975)
(0.174566,0.543194)
(-0.241881,-0.190914)
(-0.279873,0.16477)
(0.0119495,-0.0661542)
(0.0543478,-0.465369)
(-0.439168,0.44144)
(-0.613165,-0.460551)
(0.365317,-1.44482)
(0.62534,-0.604648)
(1.0542,0.4447)
(-0.0319417,0.213552)
(0.597342,-0.715352)
(0.22807,-0.526435)
(-0.457743,0.697219)
(-0.718728,0.191489)
(-0.114808,0.440737)
(-0.289822,-0.521903)
(-0.262923,0.750411)
(0.503796,0.0383656)
(-0.427973,0.0747144)
(0.981699,-0.874582)
(-0.134979,0.0162282)
(0.403126,-0.849913)
(-0.388659,0.464664)
(-0.537101,0.666178)
(-0.609322,0.716471)
(-0.01527,-0.320776)
(0.177149,-0.142648)
(0.301923,0.791675)
(-0.447965,0.0434686)
(-0.308753,-0.507012)
(0.256907,-0.426676)
(0.908063,-0.251873)
(-0.23142,-0.3762)
(-0.0492615,0.317719)
(0.48737,-0.283293)
(0.028973,0.602003)
(-0.776887,0.251306)
(-0.00274641,-0.599394)
(-0.893786,-0.368677)
(0.216525,-0.0415497)
(0.585083,-0.379242)
(0.715425,-0.510457)
(-0.172334,-0.436077)
(0.389933,0.468669)
(0.33853,0.507737)
(-0.424013,0.257887)
(0.233843,0.117144)
(0.667695,-1.10337)
(0.0682683,-0.0610085)
(-0.326319,-1.19811)
(-0.366961,-0.907822)
(0.856232,-1.89718)
(0.0330141,-0.240992)
(0.130628,-0.318839)
(1.19235,1.44141)
(2.29277,-5.14714)
(0.0298611,2.40096)
(-1.24974,1.20542)
(-0.508979,0.318055)
(-1.83407,0.753734)
(-1.1698,1.20912)
(0.154205,-0.486793)
(-0.324314,0.741735)
(-0.0175951,-0.0022706)
(-0.372603,0.546656)
(-0.252538,0.184183)
(-0.289115,0.50153)
(0.00114683,-0.154879)
(-0.218884,0.503111)
(0.313435,-0.204413)
(-0.482509,0.72247)
(0.360024,0.532817)
(0.918436,-0.339272)
(0.483229,-0.107818)
(1.38521,0.563066)
(0.744671,0.447768)
(0.205472,0.55153)
(0.546472,0.463078)
(0.329696,1.23424)
(-0.51567,-0.0955446)
(0.926648,-0.333919)
(-0.00896703,-0.522575)
(-0.452732,-0.430033)
(0.0788652,-0.128797)
(0.089545,0.909311)
(0.331253,0.420101)
(0.103715,-1.71683)
(-0.77551,-0.0115509)
(-0.0674692,-0.179073)
(-0.760477,-0.349725)
(0.690369,0.296434)
(0.0412311,0.132361)
(-0.933568,-0.285268)
(-0.45509,-0.176112)
(1.27149,-0.266519)
(-0.394498,0.298553)
(0.293383,1.18433)
(0.0851863,-0.0950886)
(-0.364476,-0.459927)
(0.263876,0.451926)
(-0.00918933,0.0912275)
(0.03223,0.644025)
(0.102106,0.509538)
(-0.665049,0.488698)
(0.0880113,0.201919)
(-0.136336,-0.823607)
(0.322226,0.888676)
(0.160311,-0.0843582)
(-0.247062,-0.54317)
(-0.0998214,0.353675)
(0.82728,-0.598635)
(-0.182418,0.624649)
(-0.366411,-0.858488)
(0.504119,0.522702)
(0.21133,-0.284797)
(-1.18984,-0.360893)
(-0.0101577,-0.844327)
(-0.304232,0.657863)
(0.440739,-0.0963623)
(-0.208741,0.207449)
(-0.00262121,0.094469)
(-0.19673,-0.823154)
(-0.132476,-0.580708)
(0.459771,-0.328247)
(-0.202307,-1.17815)
(-0.146541,-0.253237)
(0.207796,0.622875)
(0.263773,-0.357156)
(0.430144,-0.690039)
(0.143906,0.0509761)
(-0.198624,-0.0791902)
(0.280521,0.507889)
(0.229475,-0.156356)
(-0.626378,0.615285)
(-0.203795,-0.602032)
(-0.275442,-0.470355)
(0.112641,0.38643)
(0.639849,-0.205041)
(-0.567786,-0.286842)
(1.00378,-0.296567)
(0.561747,-0.955517)
(-0.118698,0.0246306)
(0.136832,-0.547056)
(0.151966,-0.77358)
(-0.781125,0.0328681)
(-0.270205,0.109988)
(0.0583974,0.318721)
(-0.503821,1.24179)
(0.435295,0.687066)
(-1.12416,0.692088)
(-0.417469,0.518442)
(-0.784845,-0.300184)
(-0.17572,0.0530316)
(-0.256444,0.975097)
(-1.01401,-0.0392457)
(-1.05469,0.20245)
(-0.193877,0.684879)
(-0.0852655,0.0113719)
(-0.649995,-0.708987)
(-0.641597,-0.176906)
(0.50929,0.28851)
(-0.822893,-0.5662)
(-0.137545,-0.292147)
(-0.239907,-0.694865)
(-0.248869,-0.480177)
(-1.17279,0.344326)
(-0.805688,-0.484021)
(0.069099,0.376027)
(-0.169692,-0.425397)
(-0.0506335,1.19778)
(-0.045557,-0.404407)
(-0.518483,-0.0516126)
(1.29908,0.246967)
(0.333275,0.346446)
(0.688543,0.302241)
(0.0898756,-0.55975)
(0.059533,-0.0828044)
(0.240736,0.158839)
(0.00647849,-1.74076)
(0.594258,1.02447)
(-0.353269,0.972323)
(0.791793,-0.749267)
(-0.803444,0.825114)
(-0.549231,0.761639)
(-0.00917167,-0.337388)
(-0.462373,-0.343708)
(-0.636534,-0.325237)
(-0.495835,0.524796)
(-0.390897,-0.303532)
(0.776906,-0.126972)
(-0.587322,-0.0924987)
(-0.188195,0.212168)
(0.854555,-0.770921)
(-0.530906,0.727723)
(-0.834635,-0.916884)
(0.95888,0.394072)
(-0.794481,-0.120775)
(0.136522,-1.34234)
(-0.165088,0.415057)
(-0.0609768,0.214947)
(-0.401925,0.35181)
(0.819488,0.025047)
(-0.261174,-0.615742)
(-0.931664,-0.0179312)
(-0.0679723,0.367422)
(0.0491195,-0.343806)
(0.486551,0.138446)
(0.296601,0.616366)
(-0.162234,-0.550408)
(-0.344209,-0.358279)
(0.250675,-0.196867)
(-0.11615,-0.0506218)
(0.108301,-0.131576)
(-0.252586,0.222944)
(-0.259903,0.19923)
(0.298157,0.0256546)
(0.569989,0.186296)
(-1.0318,0.425374)
(0.433613,0.454194)
(0.0717267,0.159852)
(-0.791957,-0.720073)
(-0.537203,0.321709)
(-0.0899834,0.459048)
(-0.630068,0.364297)
(-0.468387,-0.25156)
(0.557296,-0.143612)
(-0.342485,-0.343874)
(0.665006,0.0161482)
(0.499718,1.41404)
(-0.209326,0.327383)
(0.620802,0.286086)
(-0.488667,-0.206986)
(0.126807,-0.237226)
(-0.0772211,-0.0515831)
(-0.456192,0.0213317)
(-0.00729322,-0.37785)
(0.279606,0.113532)
(0.388878,-0.617007)
(0.4293,-0.2034)
(0.529368,0.247763)
(-0.0868092,-1.27916)
(-0.259849,-0.680902)
(0.174793,0.509054)
(0.0833237,0.0519489)
(0.122352,0.411833)
(0.0527486,-0.260533)
(0.037006,-0.232106)
(0.592632,-0.934483)
(-0.82664,-0.255117)
(-0.0351788,0.200955)
(-0.439338,0.374833)
(-0.683701,-0.0995359)
(0.684501,0.0185703)
(0.728975,-0.968516)
(-0.242109,-0.152505)
(0.678583,0.502679)
---------------------------
f_d = 1000
---------------------------
(-0.000180677,-0.361857)
(0.00630387,-0.227446)
(0.206611,-0.239927)
(-0.489628,-1.4275)
(-0.57049,-0.401739)
(-0.727543,0.163233)
(-1.1117,0.418159)
(0.0227317,-0.699674)
(0.192977,-0.420738)
(-0.170035,-0.408428)
(-0.434827,0.775069)
(-0.443749,-0.733121)
(0.92834,0.893138)
(-1.14522,0.0507704)
(0.0672399,0.316619)
(-0.233843,0.280686)
(0.492684,-0.358443)
(-0.276599,-0.766091)
(-0.506836,-1.42319)
(0.621639,0.334804)
(0.0343705,-0.613893)
(0.228166,0.461918)
(-0.339727,0.473922)
(-0.353786,-0.202237)
(0.224446,0.598343)
(-0.508817,0.98945)
(0.544341,-0.118521)
(-0.0556911,0.250155)
(-1.86286,-0.632298)
(0.671769,-0.441465)
(-0.412463,0.312603)
(-0.642015,-0.459061)
(0.694517,0.304117)
(0.571726,0.329098)
(-0.206988,-0.113674)
(0.238278,-0.191666)
(-0.661095,0.710894)
(-0.359543,-0.442437)
(0.493329,0.0481121)
(-0.0676889,0.296954)
(-0.265612,-0.483906)
(-0.296562,0.382877)
(-0.633021,0.251209)
(-0.0631776,0.348957)
(0.0413849,-1.46021)
(0.0224843,0.383374)
(0.172401,0.22912)
(0.262743,-0.0670172)
(-0.371517,-0.380044)
(0.542822,0.439977)
(-0.204041,-0.528492)
(-0.402367,-0.275947)
(-0.655274,-0.0423082)
(-0.175975,-0.269343)
(-0.874692,0.368947)
(0.298198,1.22707)
(0.680839,-0.923456)
(-0.927053,0.500902)
(-0.386885,0.0356965)
(-0.980793,0.129136)
(-0.107927,1.51651)
(0.579119,0.263752)
(0.128286,0.0141807)
(0.415962,-0.190068)
(-0.0550413,-0.198269)
(-0.344286,0.244723)
(0.549326,0.317536)
(0.11939,0.541203)
(-0.592035,-0.792954)
(-0.501361,-0.640336)
(0.833994,-0.342119)
(-0.0886485,1.09802)
(-0.382057,-0.725922)
(0.148761,0.510857)
(-0.375745,1.32207)
(0.2315,0.81264)
(-1.22084,0.367818)
(0.303957,0.555302)
(0.152292,-0.306238)
(-0.135352,0.804957)
(-0.0843347,0.369854)
(0.403534,0.271691)
(-0.0941973,0.258902)
(0.330948,0.183124)
(-0.424149,-1.16808)
(-0.112904,-0.324429)
(-0.471374,-0.440243)
(0.7632,0.556537)
(0.382722,0.190824)
(1.08385,0.180894)
(0.512448,-0.544983)
(0.128063,0.491982)
(-0.287713,-0.255492)
(0.268104,-0.723042)
(0.34836,-0.47534)
(-0.374299,-0.0352167)
(0.00232662,-0.272733)
(-0.336413,0.242039)
(0.273588,-0.0644507)
(0.412144,0.0861157)
(0.186429,0.111445)
(-0.263471,0.396704)
(0.56142,-0.133012)
(-0.193606,0.233521)
(0.485999,0.452831)
(-0.942269,-0.784885)
(-0.350293,-0.303636)
(-0.287652,-0.226185)
(-0.186198,0.643036)
(-0.0445472,-0.577982)
(-0.939583,0.492796)
(-0.456004,-0.873281)
(-0.709844,-0.507512)
(0.124136,-0.434497)
(-0.334568,-0.523623)
(0.118986,0.489773)
(-0.455616,-0.205725)
(-0.126361,-0.118651)
(0.332605,-0.163468)
(-0.33304,0.43678)
(-1.09856,0.506516)
(0.461511,-0.861431)
(0.736269,0.184285)
(-0.948982,-0.165448)
(0.342898,-0.0940618)
(0.569322,-0.834382)
(-0.468884,-0.40633)
(-0.0915267,-0.532447)
(-0.918308,0.721571)
(-0.430201,0.0611804)
(-0.66578,-0.369649)
(-0.272661,-0.314105)
(-0.984701,-0.460893)
(-0.100494,0.665301)
(-0.0321176,-0.360894)
(0.16313,0.490447)
(0.434195,-1.07434)
(-0.598984,-0.54144)
(-0.239999,0.0100115)
(-0.913051,-1.44198)
(0.101316,0.394567)
(0.238932,0.371974)
(0.174576,0.54319)
(-0.241891,-0.190927)
(-0.279875,0.164765)
(0.0119445,-0.0661473)
(0.0543508,-0.465381)
(-0.439164,0.441443)
(-0.613161,-0.46054)
(0.36532,-1.44481)
(0.62535,-0.604633)
(1.05419,0.444706)
(-0.0319498,0.21356)
(0.597351,-0.715361)
(0.228079,-0.526444)
(-0.457744,0.697204)
(-0.718738,0.191492)
(-0.114822,0.44074)
(-0.289838,-0.521914)
(-0.262929,0.750415)
(0.503793,0.0383592)
(-0.427975,0.0747182)
(0.981704,-0.87457)
(-0.134958,0.016251)
(0.403132,-0.849909)
(-0.388666,0.464666)
(-0.5371,0.666184)
(-0.609292,0.716518)
(-0.0152808,-0.320774)
(0.177134,-0.142623)
(0.301935,0.791699)
(-0.447955,0.0434568)
(-0.30874,-0.50701)
(0.25692,-0.426683)
(0.90806,-0.251904)
(-0.231426,-0.376194)
(-0.049279,0.31773)
(0.487393,-0.283315)
(0.0289403,0.601996)
(-0.776863,0.251303)
(-0.00276964,-0.599394)
(-0.893789,-0.368648)
(0.216515,-0.0415559)
(0.585087,-0.379241)
(0.715434,-0.51046)
(-0.172327,-0.436062)
(0.389953,0.468673)
(0.338511,0.507708)
(-0.424022,0.25788)
(0.233842,0.117154)
(0.667686,-1.10338)
(0.0682537,-0.0610068)
(-0.326319,-1.19814)
(-0.366972,-0.907825)
(0.856244,-1.89716)
(0.0330086,-0.240995)
(0.130628,-0.318817)
(1.19236,1.44141)
(2.29276,-5.14714)
(0.0298696,2.40094)
(-1.24975,1.20542)
(-0.508974,0.318077)
(-1.83407,0.753712)
(-1.16982,1.20911)
(0.154165,-0.486798)
(-0.324322,0.741751)
(-0.017596,-0.00226679)
(-0.372593,0.546648)
(-0.252545,0.184192)
(-0.289091,0.501512)
(0.00113989,-0.154873)
(-0.218882,0.503088)
(0.313421,-0.204407)
(-0.482498,0.722473)
(0.360031,0.532808)
(0.918433,-0.339288)
(0.483205,-0.107814)
(1.38522,0.563085)
(0.744672,0.447768)
(0.205464,0.551522)
(0.546493,0.463086)
(0.3297,1.23426)
(-0.51567,-0.0955379)
(0.926664,-0.333883)
(-0.00893239,-0.522565)
(-0.452696,-0.430047)
(0.0788632,-0.128795)
(0.0895314,0.909309)
(0.331255,0.420098)
(0.103702,-1.71681)
(-0.775498,-0.0115407)
(-0.0674592,-0.179083)
(-0.760479,-0.349738)
(0.690366,0.296407)
(0.0412135,0.132387)
(-0.933542,-0.28527)
(-0.455092,-0.176081)
(1.27152,-0.26651)
(-0.39451,0.298554)
(0.293348,1.18433)
(0.085207,-0.0950494)
(-0.364475,-0.459935)
(0.263863,0.451889)
(-0.00918378,0.0912271)
(0.0322166,0.644039)
(0.102123,0.509564)
(-0.665042,0.488705)
(0.0880004,0.20189)
(-0.136342,-0.823578)
(0.322221,0.888663)
(0.160314,-0.0843339)
(-0.247041,-0.543184)
(-0.0998183,0.353661)
(0.827259,-0.598642)
(-0.182462,0.624665)
(-0.366397,-0.858485)
(0.504124,0.522691)
(0.211356,-0.284804)
(-1.18984,-0.360888)
(-0.0101512,-0.844325)
(-0.304198,0.657892)
(0.440736,-0.0963715)
(-0.208754,0.20743)
(-0.00263005,0.0945013)
(-0.196688,-0.823166)
(-0.132477,-0.580726)
(0.45976,-0.328227)
(-0.202318,-1.17815)
(-0.146534,-0.253207)
(0.207839,0.622899)
(0.263759,-0.357119)
(0.430204,-0.690031)
(0.14391,0.0509806)
(-0.198608,-0.0792002)
(0.280473,0.507882)
(0.229446,-0.156338)
(-0.626385,0.615314)
(-0.203801,-0.602018)
(-0.275431,-0.470329)
(0.112651,0.386405)
(0.63986,-0.205014)
(-0.567747,-0.286871)
(1.00375,-0.296565)
(0.561767,-0.955517)
(-0.118692,0.024632)
(0.136859,-0.547042)
(0.151951,-0.773616)
(-0.781135,0.03288)
(-0.270234,0.110022)
(0.0584106,0.318722)
(-0.503813,1.24174)
(0.435273,0.687075)
(-1.12414,0.692093)
(-0.417473,0.518446)
(-0.784861,-0.300168)
(-0.175712,0.0530384)
(-0.256438,0.975121)
(-1.01399,-0.0392651)
(-1.05472,0.20248)
(-0.193884,0.684901)
(-0.0852816,0.0114031)
(-0.649962,-0.708974)
(-0.641632,-0.176922)
(0.509267,0.288511)
(-0.822885,-0.566173)
(-0.137532,-0.292119)
(-0.239895,-0.694848)
(-0.248871,-0.480188)
(-1.17278,0.344328)
(-0.805689,-0.484047)
(0.0690884,0.376004)
(-0.169709,-0.425429)
(-0.0506242,1.19782)
(-0.0455564,-0.404439)
(-0.518502,-0.0516164)
(1.2991,0.246993)
(0.333268,0.346456)
(0.688556,0.30222)
(0.0898672,-0.559769)
(0.059544,-0.0828002)
(0.240732,0.158798)
(0.0064479,-1.74076)
(0.594243,1.02444)
(-0.353271,0.972321)
(0.791791,-0.74927)
(-0.80344,0.825119)
(-0.549249,0.761663)
(-0.00919528,-0.337398)
(-0.462373,-0.343701)
(-0.63653,-0.325232)
(-0.495864,0.5248)
(-0.390872,-0.303528)
(0.776876,-0.126963)
(-0.587323,-0.0924728)
(-0.188197,0.212152)
(0.854477,-0.770992)
(-0.530917,0.727704)
(-0.834604,-0.916869)
(0.958883,0.394066)
(-0.794497,-0.120729)
(0.136506,-1.34233)
(-0.165089,0.415037)
(-0.0609233,0.214976)
(-0.401912,0.351801)
(0.819461,0.0250417)
(-0.261213,-0.615739)
(-0.931674,-0.0179309)
(-0.0679896,0.367447)
(0.0491246,-0.343766)
(0.486541,0.138452)
(0.296587,0.616351)
(-0.162197,-0.550444)
(-0.344247,-0.358248)
(0.250682,-0.196852)
(-0.116148,-0.0506311)
(0.108305,-0.131554)
(-0.252592,0.22293)
(-0.259936,0.199281)
(0.298174,0.0256546)
(0.570002,0.186289)
(-1.03181,0.425355)
(0.433598,0.454158)
(0.0717461,0.159817)
(-0.791949,-0.720091)
(-0.537203,0.321706)
(-0.0899786,0.458992)
(-0.630045,0.364336)
(-0.46845,-0.251609)
(0.557314,-0.143601)
(-0.342504,-0.343911)
(0.664983,0.0161901)
(0.499722,1.41405)
(-0.209324,0.327417)
(0.620802,0.286116)
(-0.488694,-0.206995)
(0.126738,-0.237244)
(-0.0772201,-0.0515636)
(-0.456145,0.0213003)
(-0.00733558,-0.377832)
(0.27957,0.11353)
(0.388911,-0.617003)
(0.429315,-0.203409)
(0.529376,0.247758)
(-0.0868163,-1.27916)
(-0.259824,-0.680904)
(0.17478,0.509032)
(0.083296,0.0519379)
(0.122307,0.411792)
(0.0527696,-0.260513)
(0.0369652,-0.232126)
(0.592694,-0.934503)
(-0.826646,-0.255163)
(-0.0351958,0.200977)
(-0.439382,0.37485)
(-0.683692,-0.0995274)
(0.684515,0.0185803)
(0.728997,-0.968553)
(-0.242055,-0.152563)
(0.67859,0.502658)
(0.210722,-0.324392)
---------------------------
f_d = 2000
---------------------------
(0.0063039,-0.227446)
(0.206611,-0.239927)
(-0.489628,-1.4275)
(-0.57049,-0.401739)
(-0.727542,0.163234)
(-1.1117,0.41816)
(0.0227317,-0.699675)
(0.192977,-0.420738)
(-0.170036,-0.408429)
(-0.434828,0.775071)
(-0.443752,-0.733121)
(0.928339,0.893137)
(-1.14521,0.0507739)
(0.06724,0.31662)
(-0.233843,0.280686)
(0.492684,-0.358442)
(-0.276603,-0.766086)
(-0.506835,-1.42318)
(0.621639,0.334804)
(0.0343723,-0.613894)
(0.228171,0.461914)
(-0.339727,0.473923)
(-0.353787,-0.202236)
(0.224446,0.598345)
(-0.508816,0.989444)
(0.544341,-0.118524)
(-0.0556939,0.250155)
(-1.86286,-0.632296)
(0.671768,-0.441465)
(-0.412463,0.312599)
(-0.64202,-0.459063)
(0.694517,0.304124)
(0.571733,0.329087)
(-0.206985,-0.113674)
(0.238278,-0.191664)
(-0.661094,0.710891)
(-0.35954,-0.442436)
(0.493329,0.0481123)
(-0.0676904,0.296953)
(-0.265615,-0.483908)
(-0.29656,0.38288)
(-0.63302,0.251215)
(-0.0631773,0.348955)
(0.0413869,-1.46021)
(0.0224897,0.383371)
(0.172397,0.229119)
(0.262737,-0.0670184)
(-0.371522,-0.380041)
(0.542817,0.439981)
(-0.204035,-0.528494)
(-0.402365,-0.275948)
(-0.65527,-0.0423055)
(-0.175974,-0.26934)
(-0.874688,0.368946)
(0.298197,1.22707)
(0.68084,-0.923451)
(-0.927056,0.500905)
(-0.38688,0.0356964)
(-0.980799,0.129132)
(-0.107925,1.5165)
(0.579119,0.263744)
(0.128282,0.0141779)
(0.41597,-0.190079)
(-0.0550496,-0.198269)
(-0.344282,0.244735)
(0.549327,0.317511)
(0.119382,0.541206)
(-0.59203,-0.792942)
(-0.501359,-0.640336)
(0.833999,-0.342125)
(-0.088652,1.09803)
(-0.382064,-0.725922)
(0.148765,0.510868)
(-0.375736,1.32206)
(0.231495,0.812645)
(-1.22084,0.367818)
(0.303956,0.555301)
(0.15229,-0.306239)
(-0.135355,0.804958)
(-0.0843343,0.369852)
(0.403541,0.27169)
(-0.0941937,0.258901)
(0.330939,0.183121)
(-0.424179,-1.16807)
(-0.112911,-0.324429)
(-0.471369,-0.44025)
(0.76319,0.55654)
(0.382719,0.190821)
(1.08385,0.180897)
(0.512447,-0.544985)
(0.128057,0.491974)
(-0.287715,-0.255482)
(0.268108,-0.72305)
(0.348353,-0.475344)
(-0.374299,-0.0352201)
(0.00232162,-0.272732)
(-0.336418,0.242024)
(0.273592,-0.0644378)
(0.41215,0.0861161)
(0.186434,0.111446)
(-0.263478,0.396701)
(0.561423,-0.13301)
(-0.193587,0.233525)
(0.485993,0.452829)
(-0.94228,-0.784883)
(-0.350283,-0.303636)
(-0.287659,-0.22618)
(-0.186194,0.643046)
(-0.0445496,-0.577988)
(-0.93958,0.492801)
(-0.45601,-0.873278)
(-0.709847,-0.507504)
(0.124128,-0.434498)
(-0.334579,-0.52361)
(0.118977,0.489766)
(-0.455602,-0.205714)
(-0.12636,-0.118663)
(0.332598,-0.163467)
(-0.333039,0.43679)
(-1.09854,0.506524)
(0.461505,-0.86144)
(0.736279,0.184264)
(-0.948983,-0.16542)
(0.342906,-0.0940807)
(0.56932,-0.834376)
(-0.468869,-0.406316)
(-0.0915104,-0.532471)
(-0.918335,0.721565)
(-0.430192,0.061183)
(-0.66579,-0.369634)
(-0.272685,-0.314087)
(-0.984693,-0.460911)
(-0.100498,0.665304)
(-0.0321134,-0.360899)
(0.163141,0.490457)
(0.43421,-1.07436)
(-0.598985,-0.541444)
(-0.240009,0.010001)
(-0.913062,-1.44197)
(0.101324,0.394572)
(0.238941,0.371974)
(0.174573,0.543204)
(-0.241879,-0.190921)
(-0.27988,0.164753)
(0.0119428,-0.0661377)
(0.0543531,-0.465371)
(-0.439154,0.441425)
(-0.613169,-0.460538)
(0.365315,-1.44483)
(0.625333,-0.604628)
(1.0542,0.444711)
(-0.0319346,0.213549)
(0.597345,-0.715353)
(0.228077,-0.52644)
(-0.457761,0.697234)
(-0.718741,0.191496)
(-0.114828,0.440739)
(-0.289838,-0.521913)
(-0.262914,0.750421)
(0.503788,0.0383692)
(-0.427973,0.0747157)
(0.981697,-0.874578)
(-0.134979,0.0162356)
(0.403122,-0.849913)
(-0.388669,0.464661)
(-0.537102,0.66618)
(-0.609296,0.716518)
(-0.0153121,-0.32076)
(0.177122,-0.142616)
(0.301924,0.791683)
(-0.44795,0.0434353)
(-0.308744,-0.507008)
(0.256909,-0.426657)
(0.908074,-0.251895)
(-0.231416,-0.376217)
(-0.0492635,0.317745)
(0.487359,-0.283322)
(0.0289623,0.602013)
(-0.776858,0.251302)
(-0.00276681,-0.599373)
(-0.893798,-0.36867)
(0.216514,-0.041558)
(0.585065,-0.379246)
(0.715437,-0.51045)
(-0.172325,-0.436064)
(0.389941,0.468689)
(0.338525,0.507722)
(-0.424024,0.257862)
(0.233851,0.117128)
(0.66768,-1.10339)
(0.0682725,-0.0610038)
(-0.326313,-1.1981)
(-0.366938,-0.907821)
(0.856232,-1.89718)
(0.0330146,-0.240988)
(0.130611,-0.31884)
(1.19233,1.44141)
(2.29276,-5.14713)
(0.0298708,2.40095)
(-1.24975,1.20542)
(-0.508968,0.318065)
(-1.83405,0.753723)
(-1.16978,1.20912)
(0.154161,-0.486814)
(-0.324315,0.741749)
(-0.0175891,-0.00225937)
(-0.372566,0.546629)
(-0.252552,0.184189)
(-0.28912,0.501532)
(0.00115713,-0.15488)
(-0.218908,0.503112)
(0.313425,-0.204404)
(-0.482508,0.722467)
(0.360027,0.532818)
(0.918426,-0.339272)
(0.483198,-0.107809)
(1.3852,0.563046)
(0.74465,0.447789)
(0.205455,0.551527)
(0.546488,0.463081)
(0.3297,1.23426)
(-0.515666,-0.095523)
(0.926646,-0.333898)
(-0.00896143,-0.522563)
(-0.4527,-0.430033)
(0.0788895,-0.128786)
(0.0895168,0.909304)
(0.331248,0.420075)
(0.103707,-1.71682)
(-0.775514,-0.0115593)
(-0.0674394,-0.179075)
(-0.760499,-0.349719)
(0.690364,0.296415)
(0.0412223,0.132372)
(-0.933552,-0.285257)
(-0.45508,-0.176091)
(1.27151,-0.26649)
(-0.3945,0.298552)
(0.293361,1.18433)
(0.0851867,-0.095102)
(-0.364477,-0.459927)
(0.263883,0.451904)
(-0.00916553,0.0912221)
(0.03223,0.644035)
(0.102119,0.509553)
(-0.665061,0.488715)
(0.0880059,0.201904)
(-0.136321,-0.82361)
(0.32218,0.888655)
(0.160322,-0.0843474)
(-0.247053,-0.543164)
(-0.0998073,0.353678)
(0.827258,-0.598669)
(-0.182485,0.624629)
(-0.366348,-0.858516)
(0.504137,0.52273)
(0.211355,-0.284797)
(-1.18983,-0.360883)
(-0.0101907,-0.844328)
(-0.30418,0.657873)
(0.440706,-0.0963967)
(-0.208764,0.207446)
(-0.0026311,0.0944851)
(-0.196741,-0.823161)
(-0.13249,-0.580723)
(0.459763,-0.328225)
(-0.202324,-1.17814)
(-0.146535,-0.25323)
(0.207782,0.622886)
(0.263708,-0.357045)
(0.430172,-0.690025)
(0.14392,0.0510042)
(-0.198628,-0.0792174)
(0.280511,0.507883)
(0.229441,-0.15636)
(-0.626376,0.615299)
(-0.203803,-0.602006)
(-0.275408,-0.470328)
(0.112628,0.386409)
(0.63987,-0.205013)
(-0.567788,-0.286867)
(1.00379,-0.296571)
(0.561752,-0.955544)
(-0.118658,0.0246393)
(0.136842,-0.547051)
(0.151913,-0.773572)
(-0.781122,0.0328829)
(-0.270233,0.110014)
(0.05841,0.31871)
(-0.503806,1.24173)
(0.435273,0.687058)
(-1.12416,0.692092)
(-0.417493,0.518452)
(-0.784829,-0.300161)
(-0.175749,0.0530381)
(-0.256455,0.975133)
(-1.01401,-0.039228)
(-1.05467,0.202479)
(-0.19389,0.684865)
(-0.0852524,0.0113928)
(-0.649991,-0.709)
(-0.64161,-0.176926)
(0.509283,0.288557)
(-0.822894,-0.566201)
(-0.137552,-0.292135)
(-0.239884,-0.694851)
(-0.248874,-0.480175)
(-1.17281,0.344334)
(-0.805698,-0.484025)
(0.0691154,0.376014)
(-0.169715,-0.425395)
(-0.0506087,1.1978)
(-0.0455626,-0.404436)
(-0.518479,-0.0516099)
(1.29908,0.247002)
(0.333293,0.34646)
(0.688573,0.302217)
(0.0898964,-0.559736)
(0.0595571,-0.0827964)
(0.24072,0.158811)
(0.00648899,-1.74075)
(0.59424,1.02445)
(-0.353244,0.97233)
(0.791802,-0.749276)
(-0.803433,0.825091)
(-0.54923,0.761653)
(-0.00919547,-0.337398)
(-0.46237,-0.343696)
(-0.63653,-0.325234)
(-0.495867,0.524813)
(-0.390898,-0.303548)
(0.776919,-0.126955)
(-0.587304,-0.0925186)
(-0.1882,0.212155)
(0.854482,-0.770999)
(-0.530835,0.727778)
(-0.834588,-0.916895)
(0.95889,0.394091)
(-0.794496,-0.120771)
(0.136492,-1.34232)
(-0.165084,0.415009)
(-0.0609455,0.214913)
(-0.40192,0.351812)
(0.819481,0.0250415)
(-0.261211,-0.615759)
(-0.931687,-0.0179373)
(-0.0679988,0.36743)
(0.0491126,-0.343771)
(0.486553,0.138442)
(0.296618,0.616373)
(-0.162205,-0.550422)
(-0.34421,-0.358267)
(0.250626,-0.196828)
(-0.116131,-0.0506369)
(0.108334,-0.131578)
(-0.252594,0.222941)
(-0.259956,0.199269)
(0.29811,0.025679)
(0.57004,0.186298)
(-1.0318,0.425376)
(0.433618,0.454185)
(0.0717648,0.15984)
(-0.791953,-0.720051)
(-0.537201,0.321682)
(-0.0899938,0.459048)
(-0.630011,0.364355)
(-0.468407,-0.251532)
(0.55736,-0.14362)
(-0.342453,-0.343875)
(0.665013,0.0161123)
(0.49971,1.41406)
(-0.20932,0.327404)
(0.620801,0.286107)
(-0.48869,-0.207007)
(0.126773,-0.237198)
(-0.0772008,-0.0515911)
(-0.45616,0.0213562)
(-0.00724138,-0.37783)
(0.279518,0.11351)
(0.3889,-0.617001)
(0.429314,-0.20338)
(0.529378,0.247742)
(-0.0868478,-1.27918)
(-0.259849,-0.6809)
(0.174797,0.509064)
(0.0833443,0.0519828)
(0.122334,0.411804)
(0.0527694,-0.260559)
(0.036962,-0.232089)
(0.592656,-0.934532)
(-0.826628,-0.255103)
(-0.0352078,0.200943)
(-0.439382,0.374834)
(-0.683711,-0.0995318)
(0.6845,0.0185899)
(0.729008,-0.968558)
(-0.241995,-0.152514)
(0.678623,0.50267)
(0.210657,-0.324413)
(-0.000205997,-0.361815)
---------------------------
f_d = 3000
---------------------------
(0.206609,-0.23993)
(-0.48963,-1.4275)
(-0.570489,-0.401744)
(-0.727539,0.16323)
(-1.11169,0.41816)
(0.022736,-0.699675)
(0.192982,-0.420736)
(-0.170033,-0.408425)
(-0.434823,0.775075)
(-0.443753,-0.733117)
(0.928342,0.893136)
(-1.14521,0.0507713)
(0.0672412,0.316616)
(-0.233838,0.280683)
(0.492693,-0.358445)
(-0.276595,-0.766086)
(-0.506837,-1.42318)
(0.621645,0.334815)
(0.0343723,-0.613881)
(0.228168,0.461927)
(-0.33973,0.473933)
(-0.353799,-0.202232)
(0.224437,0.598347)
(-0.508826,0.989443)
(0.544335,-0.118531)
(-0.0556909,0.25015)
(-1.86286,-0.632305)
(0.671774,-0.441467)
(-0.412455,0.312599)
(-0.642013,-0.459058)
(0.694519,0.304124)
(0.571728,0.329097)
(-0.206987,-0.113667)
(0.23827,-0.19166)
(-0.661101,0.710896)
(-0.359542,-0.442436)
(0.493323,0.0481122)
(-0.0676932,0.296951)
(-0.265615,-0.483913)
(-0.296561,0.382875)
(-0.633023,0.251215)
(-0.0631728,0.348959)
(0.041393,-1.46021)
(0.0224883,0.383376)
(0.172403,0.22912)
(0.262739,-0.0670157)
(-0.371525,-0.380036)
(0.542817,0.439987)
(-0.20404,-0.528491)
(-0.402364,-0.275947)
(-0.655281,-0.0423052)
(-0.175989,-0.26934)
(-0.874687,0.368958)
(0.298192,1.22707)
(0.680837,-0.923456)
(-0.927065,0.500905)
(-0.386885,0.0356931)
(-0.98079,0.129139)
(-0.107925,1.5165)
(0.579122,0.263746)
(0.128283,0.014188)
(0.415961,-0.190071)
(-0.0550421,-0.198266)
(-0.344281,0.244721)
(0.549323,0.317512)
(0.11941,0.541205)
(-0.59203,-0.792947)
(-0.501362,-0.640333)
(0.833997,-0.342116)
(-0.0886528,1.09803)
(-0.382072,-0.725921)
(0.148753,0.510867)
(-0.375758,1.32207)
(0.231484,0.812642)
(-1.22085,0.367811)
(0.303951,0.555293)
(0.152285,-0.306256)
(-0.135358,0.804946)
(-0.0843425,0.369853)
(0.403539,0.271686)
(-0.094194,0.258895)
(0.330947,0.183113)
(-0.42417,-1.16808)
(-0.112913,-0.324427)
(-0.471364,-0.44026)
(0.763199,0.556542)
(0.38272,0.190822)
(1.08385,0.180904)
(0.512443,-0.544975)
(0.128056,0.491976)
(-0.287714,-0.255489)
(0.268106,-0.723052)
(0.34837,-0.475336)
(-0.374301,-0.0352134)
(0.00232974,-0.272726)
(-0.336413,0.242035)
(0.273592,-0.0644484)
(0.412138,0.0861281)
(0.186423,0.111449)
(-0.263483,0.396707)
(0.56141,-0.133013)
(-0.193607,0.233513)
(0.486015,0.452817)
(-0.942281,-0.784901)
(-0.350299,-0.30366)
(-0.28766,-0.226188)
(-0.186203,0.643025)
(-0.044552,-0.578)
(-0.939577,0.492782)
(-0.456004,-0.873298)
(-0.709837,-0.507523)
(0.124132,-0.434504)
(-0.334552,-0.523622)
(0.11898,0.489764)
(-0.455602,-0.205717)
(-0.126353,-0.118653)
(0.332605,-0.163482)
(-0.333035,0.436788)
(-1.09855,0.506512)
(0.461509,-0.861442)
(0.736288,0.184252)
(-0.948974,-0.165396)
(0.342877,-0.0940726)
(0.569343,-0.834388)
(-0.46888,-0.406342)
(-0.0915324,-0.532452)
(-0.918325,0.721558)
(-0.43021,0.061153)
(-0.665782,-0.369647)
(-0.272667,-0.3141)
(-0.984717,-0.460877)
(-0.100485,0.66531)
(-0.0321278,-0.360907)
(0.163155,0.490455)
(0.434224,-1.07436)
(-0.598951,-0.541436)
(-0.239994,0.0100018)
(-0.91303,-1.44198)
(0.10134,0.394554)
(0.238945,0.371984)
(0.174563,0.543203)
(-0.241884,-0.190924)
(-0.279864,0.164762)
(0.0119701,-0.0661548)
(0.0543717,-0.465379)
(-0.439144,0.441429)
(-0.613129,-0.460541)
(0.36532,-1.44481)
(0.625355,-0.604621)
(1.05421,0.444713)
(-0.0319313,0.213588)
(0.597353,-0.71533)
(0.228075,-0.526431)
(-0.457747,0.697216)
(-0.718759,0.191492)
(-0.114822,0.440733)
(-0.289841,-0.521908)
(-0.262909,0.75041)
(0.503788,0.0383603)
(-0.427977,0.0747131)
(0.981705,-0.874557)
(-0.134965,0.0162498)
(0.403124,-0.849907)
(-0.388668,0.46467)
(-0.5371,0.666181)
(-0.609289,0.716518)
(-0.0153051,-0.320751)
(0.177118,-0.142648)
(0.301922,0.791641)
(-0.44794,0.043437)
(-0.308729,-0.506991)
(0.256918,-0.426672)
(0.908048,-0.251905)
(-0.231413,-0.37619)
(-0.0492539,0.317738)
(0.487355,-0.283305)
(0.0289612,0.601993)
(-0.776854,0.251299)
(-0.00276439,-0.599379)
(-0.893783,-0.368671)
(0.21652,-0.0415554)
(0.58508,-0.379226)
(0.715449,-0.510461)
(-0.172328,-0.436057)
(0.389948,0.468692)
(0.338518,0.507742)
(-0.424011,0.257887)
(0.23386,0.117129)
(0.667707,-1.10337)
(0.0682769,-0.0610055)
(-0.326294,-1.19809)
(-0.366956,-0.907806)
(0.856278,-1.89716)
(0.0330436,-0.240959)
(0.130621,-0.318791)
(1.19235,1.44143)
(2.29275,-5.14712)
(0.0298244,2.40097)
(-1.24979,1.20544)
(-0.508993,0.318052)
(-1.83409,0.753742)
(-1.16981,1.20913)
(0.15415,-0.486796)
(-0.324307,0.741731)
(-0.0175858,-0.00227996)
(-0.372576,0.546651)
(-0.252549,0.184182)
(-0.289115,0.501527)
(0.00113434,-0.154869)
(-0.218874,0.503108)
(0.313413,-0.204406)
(-0.482478,0.722457)
(0.360036,0.532825)
(0.918423,-0.33923)
(0.483201,-0.107782)
(1.3852,0.563076)
(0.744658,0.447763)
(0.205425,0.551527)
(0.546466,0.463073)
(0.329692,1.23425)
(-0.515692,-0.0955297)
(0.926624,-0.333884)
(-0.00896965,-0.522576)
(-0.452725,-0.430048)
(0.0788781,-0.128791)
(0.0895327,0.909332)
(0.331241,0.420057)
(0.103701,-1.71682)
(-0.775527,-0.0115413)
(-0.0674701,-0.179085)
(-0.760478,-0.349725)
(0.690368,0.296401)
(0.04121,0.132374)
(-0.933534,-0.285247)
(-0.455089,-0.176088)
(1.27151,-0.266483)
(-0.394525,0.298572)
(0.293355,1.18433)
(0.0851731,-0.0950736)
(-0.364471,-0.459944)
(0.263873,0.451923)
(-0.00921506,0.0912233)
(0.0322473,0.644019)
(0.102129,0.50955)
(-0.665054,0.488689)
(0.0879737,0.201908)
(-0.136359,-0.823609)
(0.322185,0.88868)
(0.160326,-0.0843559)
(-0.24704,-0.543178)
(-0.0998108,0.353697)
(0.82726,-0.598669)
(-0.182498,0.62464)
(-0.366349,-0.858545)
(0.504093,0.522742)
(0.211327,-0.284811)
(-1.18983,-0.360893)
(-0.0101665,-0.844338)
(-0.304181,0.657861)
(0.440729,-0.0963791)
(-0.208717,0.207475)
(-0.00260938,0.0944512)
(-0.19671,-0.823161)
(-0.132478,-0.580731)
(0.459782,-0.328234)
(-0.202319,-1.17815)
(-0.14653,-0.25321)
(0.207834,0.622891)
(0.263755,-0.357107)
(0.430087,-0.690043)
(0.143913,0.0510236)
(-0.198621,-0.079198)
(0.280505,0.507876)
(0.229448,-0.15634)
(-0.626387,0.615287)
(-0.2038,-0.601987)
(-0.275438,-0.470338)
(0.112623,0.386403)
(0.639878,-0.205041)
(-0.567761,-0.286854)
(1.00378,-0.296569)
(0.561775,-0.955497)
(-0.118682,0.0246352)
(0.136837,-0.547009)
(0.151914,-0.773577)
(-0.781156,0.0328763)
(-0.270237,0.110023)
(0.0583686,0.318724)
(-0.503853,1.24173)
(0.435266,0.687055)
(-1.12418,0.692061)
(-0.417519,0.51844)
(-0.784898,-0.300205)
(-0.175739,0.0530378)
(-0.256449,0.97509)
(-1.01403,-0.0392866)
(-1.05472,0.202439)
(-0.193903,0.684879)
(-0.0852638,0.0113757)
(-0.650006,-0.708973)
(-0.641584,-0.176952)
(0.509305,0.288551)
(-0.822902,-0.56622)
(-0.137521,-0.292114)
(-0.239902,-0.694875)
(-0.248869,-0.48017)
(-1.17277,0.344343)
(-0.805676,-0.484079)
(0.0691094,0.376008)
(-0.169719,-0.425393)
(-0.0506275,1.19779)
(-0.0455347,-0.404437)
(-0.518463,-0.0515981)
(1.2991,0.246987)
(0.333279,0.346465)
(0.688536,0.302254)
(0.0898605,-0.55974)
(0.0595546,-0.0827872)
(0.24071,0.158815)
(0.00648839,-1.74074)
(0.594243,1.02448)
(-0.353254,0.972339)
(0.791832,-0.749248)
(-0.803436,0.825085)
(-0.549231,0.761648)
(-0.00921881,-0.337417)
(-0.462382,-0.343705)
(-0.636552,-0.325263)
(-0.49583,0.524801)
(-0.390879,-0.303536)
(0.776898,-0.12697)
(-0.587314,-0.092485)
(-0.188201,0.212157)
(0.854484,-0.770989)
(-0.530827,0.727762)
(-0.834708,-0.916803)
(0.958918,0.394073)
(-0.794506,-0.12075)
(0.136525,-1.34232)
(-0.165124,0.415041)
(-0.0609226,0.214945)
(-0.401888,0.351806)
(0.819467,0.0250344)
(-0.261222,-0.615741)
(-0.931667,-0.0179513)
(-0.0679811,0.367425)
(0.0490989,-0.343794)
(0.486554,0.138459)
(0.296624,0.616382)
(-0.162231,-0.550419)
(-0.344194,-0.358273)
(0.250694,-0.196825)
(-0.116209,-0.050624)
(0.108338,-0.131536)
(-0.252596,0.222952)
(-0.259932,0.199257)
(0.298134,0.0256261)
(0.569969,0.18629)
(-1.03181,0.425388)
(0.433607,0.454173)
(0.0717498,0.159853)
(-0.791948,-0.720067)
(-0.537242,0.321667)
(-0.090025,0.459041)
(-0.630075,0.364308)
(-0.468425,-0.251555)
(0.557307,-0.143552)
(-0.342497,-0.343872)
(0.664996,0.0161617)
(0.499796,1.41407)
(-0.209357,0.327421)
(0.620821,0.286088)
(-0.488695,-0.207005)
(0.126769,-0.237234)
(-0.0772475,-0.0515754)
(-0.456142,0.0213434)
(-0.00729258,-0.377868)
(0.279636,0.11352)
(0.388878,-0.617035)
(0.429296,-0.203372)
(0.52936,0.247756)
(-0.0867688,-1.27915)
(-0.259808,-0.680897)
(0.174773,0.509061)
(0.0833165,0.0519748)
(0.122292,0.411817)
(0.0527562,-0.260562)
(0.0369969,-0.232119)
(0.592639,-0.934477)
(-0.826637,-0.25513)
(-0.0352052,0.200976)
(-0.439381,0.374801)
(-0.68371,-0.0995445)
(0.684509,0.0185877)
(0.729005,-0.968565)
(-0.242015,-0.152523)
(0.67856,0.502674)
(0.210699,-0.324371)
(-0.000150895,-0.361862)
(0.00628669,-0.227462)
---------------------------
f_d = 4000
---------------------------
(-0.48963,-1.4275)
(-0.57049,-0.401739)
(-0.727541,0.163235)
(-1.1117,0.418162)
(0.0227282,-0.699675)
(0.192976,-0.420739)
(-0.170036,-0.408429)
(-0.434825,0.77507)
(-0.443754,-0.733121)
(0.928342,0.893134)
(-1.14521,0.0507763)
(0.0672404,0.31662)
(-0.233842,0.280689)
(0.492684,-0.358443)
(-0.276602,-0.766088)
(-0.506843,-1.42319)
(0.62164,0.334797)
(0.0343723,-0.613893)
(0.228172,0.461913)
(-0.339722,0.473922)
(-0.353787,-0.202238)
(0.224447,0.598344)
(-0.508817,0.989448)
(0.544342,-0.118525)
(-0.0556883,0.250157)
(-1.86286,-0.632286)
(0.671774,-0.441463)
(-0.412462,0.3126)
(-0.642017,-0.459061)
(0.694518,0.30412)
(0.57173,0.329089)
(-0.206985,-0.113671)
(0.238275,-0.19167)
(-0.661095,0.71089)
(-0.35954,-0.442441)
(0.493331,0.0481132)
(-0.0676906,0.296955)
(-0.265613,-0.483906)
(-0.296563,0.382878)
(-0.63302,0.251215)
(-0.063175,0.348961)
(0.0413721,-1.46021)
(0.0224846,0.383371)
(0.172397,0.229118)
(0.26274,-0.0670192)
(-0.371525,-0.380043)
(0.542817,0.439976)
(-0.204039,-0.528494)
(-0.402364,-0.27595)
(-0.655273,-0.0423104)
(-0.175984,-0.269348)
(-0.874692,0.368949)
(0.29819,1.22708)
(0.680845,-0.923459)
(-0.927054,0.500902)
(-0.386885,0.0356951)
(-0.980794,0.12914)
(-0.10793,1.51651)
(0.579125,0.263746)
(0.128286,0.0141874)
(0.415961,-0.190073)
(-0.055045,-0.198274)
(-0.34428,0.244722)
(0.549324,0.317525)
(0.119403,0.541206)
(-0.592048,-0.792926)
(-0.50136,-0.640337)
(0.833992,-0.342121)
(-0.0886493,1.09802)
(-0.38206,-0.725921)
(0.14876,0.510862)
(-0.375743,1.32207)
(0.231495,0.812644)
(-1.22084,0.36781)
(0.303952,0.5553)
(0.152292,-0.30623)
(-0.135347,0.804963)
(-0.084334,0.36986)
(0.403533,0.271689)
(-0.0941951,0.2589)
(0.330944,0.183121)
(-0.424176,-1.16807)
(-0.112926,-0.324425)
(-0.471401,-0.440247)
(0.763197,0.55654)
(0.382721,0.19082)
(1.08385,0.180897)
(0.512442,-0.544988)
(0.128051,0.491976)
(-0.287707,-0.255478)
(0.268114,-0.723055)
(0.348359,-0.475325)
(-0.374304,-0.035216)
(0.00232335,-0.272731)
(-0.336414,0.242036)
(0.273601,-0.0644493)
(0.412156,0.0861117)
(0.186426,0.111447)
(-0.26347,0.396709)
(0.561422,-0.133003)
(-0.193598,0.233511)
(0.486022,0.452821)
(-0.942278,-0.784849)
(-0.350289,-0.303637)
(-0.287658,-0.226182)
(-0.186202,0.643052)
(-0.0445521,-0.57798)
(-0.939585,0.4928)
(-0.456002,-0.873282)
(-0.709842,-0.507509)
(0.124115,-0.434498)
(-0.334573,-0.523628)
(0.118979,0.489781)
(-0.455605,-0.205725)
(-0.12636,-0.118664)
(0.332598,-0.163471)
(-0.333032,0.436796)
(-1.09856,0.506521)
(0.461517,-0.861432)
(0.736287,0.184252)
(-0.948973,-0.165398)
(0.342882,-0.0940677)
(0.569318,-0.834397)
(-0.468867,-0.406327)
(-0.0915253,-0.532457)
(-0.918332,0.721554)
(-0.430209,0.061172)
(-0.665775,-0.369657)
(-0.272679,-0.314082)
(-0.984733,-0.460859)
(-0.100485,0.665311)
(-0.0321349,-0.360902)
(0.163166,0.490459)
(0.434204,-1.07436)
(-0.598969,-0.541434)
(-0.240008,0.0100203)
(-0.913058,-1.44199)
(0.10132,0.39457)
(0.23894,0.371978)
(0.174561,0.543197)
(-0.241876,-0.190921)
(-0.279889,0.16477)
(0.0119479,-0.0661307)
(0.054349,-0.465378)
(-0.439164,0.44144)
(-0.61315,-0.460536)
(0.365324,-1.44481)
(0.625338,-0.604647)
(1.0542,0.4447)
(-0.0319386,0.213576)
(0.59734,-0.715363)
(0.228071,-0.526449)
(-0.45775,0.697212)
(-0.718738,0.191493)
(-0.114819,0.440721)
(-0.289823,-0.521913)
(-0.262912,0.750394)
(0.503793,0.0383644)
(-0.427967,0.0747055)
(0.981703,-0.87458)
(-0.134977,0.0162457)
(0.403126,-0.849913)
(-0.388666,0.464653)
(-0.5371,0.666179)
(-0.609312,0.716495)
(-0.0153234,-0.320747)
(0.177109,-0.142651)
(0.301967,0.79166)
(-0.447939,0.0434364)
(-0.308732,-0.507013)
(0.256922,-0.426675)
(0.908059,-0.251908)
(-0.231426,-0.376219)
(-0.0492777,0.317737)
(0.487365,-0.283322)
(0.0289569,0.602009)
(-0.776872,0.25131)
(-0.00274986,-0.59938)
(-0.893799,-0.368653)
(0.21652,-0.0415518)
(0.585068,-0.379251)
(0.715436,-0.510478)
(-0.172318,-0.43607)
(0.389959,0.468684)
(0.33852,0.507746)
(-0.424028,0.257892)
(0.233853,0.117139)
(0.667695,-1.10339)
(0.068255,-0.061002)
(-0.326318,-1.1981)
(-0.366981,-0.907814)
(0.856241,-1.89718)
(0.0330125,-0.240964)
(0.130608,-0.318834)
(1.19235,1.4414)
(2.29276,-5.14714)
(0.0298495,2.40095)
(-1.24976,1.20542)
(-0.508992,0.318036)
(-1.83405,0.753749)
(-1.16979,1.20913)
(0.154177,-0.486784)
(-0.324309,0.741753)
(-0.0175974,-0.0022823)
(-0.372566,0.546653)
(-0.252556,0.184211)
(-0.28909,0.501514)
(0.00113935,-0.154887)
(-0.218897,0.503096)
(0.313437,-0.204405)
(-0.482505,0.72246)
(0.360032,0.532814)
(0.918431,-0.339285)
(0.483198,-0.107817)
(1.38519,0.563064)
(0.74466,0.447758)
(0.205474,0.551514)
(0.546484,0.463059)
(0.329691,1.23425)
(-0.515673,-0.0955321)
(0.92665,-0.333876)
(-0.00897343,-0.522554)
(-0.452721,-0.43004)
(0.0788731,-0.128808)
(0.089537,0.909331)
(0.331233,0.420089)
(0.103713,-1.71684)
(-0.775502,-0.0115494)
(-0.0674271,-0.179076)
(-0.760475,-0.349732)
(0.690372,0.296425)
(0.041213,0.132376)
(-0.933552,-0.28527)
(-0.455089,-0.176096)
(1.27151,-0.266503)
(-0.394501,0.298547)
(0.293339,1.18432)
(0.085193,-0.0950786)
(-0.364482,-0.459932)
(0.263898,0.451905)
(-0.00917201,0.0912629)
(0.03226,0.644019)
(0.102153,0.509546)
(-0.665047,0.488726)
(0.0880125,0.201901)
(-0.136335,-0.823622)
(0.322201,0.888644)
(0.160312,-0.0843959)
(-0.247025,-0.543151)
(-0.0998054,0.353688)
(0.827242,-0.598616)
(-0.182454,0.624653)
(-0.36636,-0.858556)
(0.504105,0.522744)
(0.211322,-0.2848)
(-1.18983,-0.360893)
(-0.0101919,-0.844333)
(-0.304185,0.657883)
(0.440741,-0.0963723)
(-0.208732,0.20747)
(-0.00262525,0.0945251)
(-0.196698,-0.823162)
(-0.1325,-0.580733)
(0.459764,-0.328243)
(-0.202311,-1.17815)
(-0.146517,-0.253239)
(0.207792,0.622861)
(0.263734,-0.357101)
(0.430143,-0.690045)
(0.143915,0.0509674)
(-0.198638,-0.0791787)
(0.280519,0.507912)
(0.229457,-0.156335)
(-0.626372,0.61531)
(-0.203784,-0.602026)
(-0.275419,-0.470348)
(0.112635,0.3864)
(0.639881,-0.20503)
(-0.567774,-0.286851)
(1.00378,-0.296549)
(0.561769,-0.955498)
(-0.118662,0.0246481)
(0.136829,-0.547053)
(0.151935,-0.773574)
(-0.78113,0.032861)
(-0.270216,0.11)
(0.0584019,0.318675)
(-0.503799,1.24169)
(0.435297,0.687065)
(-1.12415,0.69208)
(-0.41749,0.518436)
(-0.784871,-0.300198)
(-0.175691,0.0530362)
(-0.256461,0.975123)
(-1.01401,-0.0392494)
(-1.05469,0.202459)
(-0.193874,0.684881)
(-0.0852749,0.0113865)
(-0.650011,-0.708989)
(-0.641631,-0.176935)
(0.509285,0.288548)
(-0.822911,-0.566189)
(-0.137558,-0.292152)
(-0.239923,-0.69486)
(-0.248863,-0.480193)
(-1.17279,0.344355)
(-0.805713,-0.484005)
(0.0691263,0.376028)
(-0.169726,-0.425419)
(-0.0506269,1.19779)
(-0.045534,-0.404451)
(-0.518479,-0.0515943)
(1.29909,0.247006)
(0.333283,0.346459)
(0.688546,0.302233)
(0.0898516,-0.559743)
(0.059541,-0.082819)
(0.240723,0.158832)
(0.00649514,-1.74078)
(0.594225,1.02444)
(-0.353272,0.972339)
(0.791789,-0.749264)
(-0.80347,0.825118)
(-0.549238,0.761667)
(-0.00920002,-0.337387)
(-0.462356,-0.343705)
(-0.636539,-0.325227)
(-0.495824,0.524777)
(-0.390871,-0.303512)
(0.776899,-0.126963)
(-0.587321,-0.0924992)
(-0.188195,0.212154)
(0.854492,-0.771006)
(-0.530831,0.72777)
(-0.834711,-0.916815)
(0.958933,0.393976)
(-0.794512,-0.120763)
(0.136493,-1.34233)
(-0.165109,0.415034)
(-0.0609519,0.214925)
(-0.401926,0.351794)
(0.819493,0.0250305)
(-0.261184,-0.615725)
(-0.931663,-0.0179491)
(-0.0680134,0.36744)
(0.049078,-0.34378)
(0.486557,0.138433)
(0.296593,0.616388)
(-0.1622,-0.550407)
(-0.344238,-0.358331)
(0.250647,-0.196859)
(-0.116154,-0.0506347)
(0.108265,-0.131568)
(-0.252564,0.222952)
(-0.259893,0.199217)
(0.298112,0.0256702)
(0.570005,0.186313)
(-1.03183,0.42536)
(0.433623,0.454183)
(0.0717619,0.159841)
(-0.791943,-0.720062)
(-0.537205,0.32172)
(-0.0899797,0.459027)
(-0.630043,0.364312)
(-0.468399,-0.251589)
(0.557319,-0.143567)
(-0.342507,-0.343883)
(0.665013,0.0160984)
(0.499733,1.41407)
(-0.209315,0.32741)
(0.620766,0.286142)
(-0.488689,-0.20698)
(0.126777,-0.237215)
(-0.077211,-0.0515782)
(-0.456174,0.0213083)
(-0.00728463,-0.377873)
(0.2796,0.113513)
(0.388907,-0.616968)
(0.429289,-0.203441)
(0.529338,0.247738)
(-0.0868145,-1.27916)
(-0.259841,-0.680883)
(0.174778,0.509047)
(0.0832931,0.0519664)
(0.12232,0.411827)
(0.0527192,-0.260517)
(0.0369987,-0.232143)
(0.592677,-0.934491)
(-0.826676,-0.255154)
(-0.0352062,0.200935)
(-0.439395,0.374852)
(-0.683694,-0.0995434)
(0.684494,0.0186033)
(0.728963,-0.968562)
(-0.242017,-0.152548)
(0.678617,0.502687)
(0.210718,-0.324382)
(-0.000179751,-0.361871)
(0.00624197,-0.227444)
(0.206625,-0.239916)
---------------------------
f_d = 5000
---------------------------
(-0.570486,-0.401726)
(-0.727573,0.163219)
(-1.11168,0.418102)
(0.0227962,-0.699691)
(0.193022,-0.420702)
(-0.17004,-0.408384)
(-0.434837,0.775067)
(-0.443724,-0.733098)
(0.928308,0.893176)
(-1.14525,0.0507439)
(0.0672469,0.316592)
(-0.233833,0.280661)
(0.492711,-0.358469)
(-0.276548,-0.766116)
(-0.506753,-1.42316)
(0.621677,0.334881)
(0.0343684,-0.613825)
(0.228131,0.461983)
(-0.339777,0.473933)
(-0.353796,-0.202222)
(0.224399,0.598377)
(-0.508872,0.989425)
(0.544311,-0.118536)
(-0.0557462,0.250104)
(-1.86282,-0.632376)
(0.671829,-0.441454)
(-0.412465,0.312606)
(-0.641967,-0.459069)
(0.694542,0.304185)
(0.571693,0.329131)
(-0.207004,-0.113666)
(0.238246,-0.191642)
(-0.661121,0.710871)
(-0.359511,-0.442463)
(0.493336,0.0481453)
(-0.0677207,0.296955)
(-0.265624,-0.483914)
(-0.296584,0.382869)
(-0.633039,0.251169)
(-0.063142,0.34891)
(0.0414368,-1.4602)
(0.0225059,0.383418)
(0.172387,0.229139)
(0.262736,-0.0670156)
(-0.371519,-0.380024)
(0.542798,0.439999)
(-0.204055,-0.528498)
(-0.402369,-0.275952)
(-0.655273,-0.0423135)
(-0.175968,-0.269327)
(-0.874704,0.368966)
(0.298191,1.22707)
(0.680823,-0.923433)
(-0.927093,0.500909)
(-0.386893,0.0356666)
(-0.98079,0.129134)
(-0.107937,1.5165)
(0.579121,0.263732)
(0.12829,0.0141782)
(0.415973,-0.190067)
(-0.0550557,-0.198264)
(-0.344282,0.244731)
(0.549304,0.317548)
(0.119352,0.541178)
(-0.592025,-0.792989)
(-0.501303,-0.640327)
(0.834006,-0.342024)
(-0.0887058,1.09806)
(-0.382063,-0.725911)
(0.148733,0.510922)
(-0.375838,1.32209)
(0.231422,0.812597)
(-1.22087,0.36774)
(0.303974,0.555261)
(0.152294,-0.306244)
(-0.135389,0.804935)
(-0.0843549,0.369825)
(0.403527,0.271663)
(-0.0942105,0.258859)
(0.330949,0.183053)
(-0.424125,-1.16813)
(-0.112857,-0.324437)
(-0.471336,-0.440237)
(0.763228,0.556547)
(0.382725,0.190852)
(1.08385,0.180932)
(0.51242,-0.544951)
(0.128009,0.491966)
(-0.287714,-0.255533)
(0.268143,-0.723054)
(0.348365,-0.475303)
(-0.37432,-0.0352144)
(0.00231815,-0.272721)
(-0.336418,0.242039)
(0.273596,-0.0644262)
(0.412136,0.0861589)
(0.186382,0.111464)
(-0.263508,0.396694)
(0.561387,-0.133006)
(-0.193661,0.233524)
(0.485959,0.452776)
(-0.942311,-0.784941)
(-0.350284,-0.303664)
(-0.287666,-0.226191)
(-0.186223,0.643009)
(-0.0445846,-0.578037)
(-0.939607,0.49271)
(-0.455956,-0.873373)
(-0.709772,-0.507547)
(0.124183,-0.434498)
(-0.334539,-0.523607)
(0.11897,0.489785)
(-0.455606,-0.205738)
(-0.126331,-0.118664)
(0.332596,-0.163445)
(-0.333086,0.436784)
(-1.09854,0.506432)
(0.461577,-0.861445)
(0.736277,0.184279)
(-0.948983,-0.165434)
(0.342929,-0.0940796)
(0.569331,-0.834378)
(-0.46887,-0.406341)
(-0.0915449,-0.532439)
(-0.918368,0.721532)
(-0.430224,0.0610962)
(-0.665748,-0.369727)
(-0.27263,-0.314141)
(-0.984686,-0.460899)
(-0.100467,0.665292)
(-0.0321371,-0.360904)
(0.163174,0.490434)
(0.434237,-1.07436)
(-0.598939,-0.541441)
(-0.239971,0.00998988)
(-0.912957,-1.44198)
(0.101389,0.394628)
(0.238932,0.372024)
(0.174549,0.543211)
(-0.241891,-0.190939)
(-0.279855,0.164743)
(0.0119707,-0.0661706)
(0.0543823,-0.465375)
(-0.439141,0.441391)
(-0.613064,-0.460594)
(0.365469,-1.44478)
(0.625433,-0.604506)
(1.0542,0.444805)
(-0.0319569,0.213598)
(0.597359,-0.715302)
(0.228069,-0.526373)
(-0.457817,0.697239)
(-0.71877,0.191467)
(-0.114819,0.440713)
(-0.289815,-0.521907)
(-0.262915,0.750417)
(0.503782,0.0383639)
(-0.427937,0.0746913)
(0.981764,-0.874534)
(-0.134954,0.0162789)
(0.403135,-0.849877)
(-0.38871,0.464704)
(-0.537151,0.666157)
(-0.609303,0.716469)
(-0.0152385,-0.320797)
(0.177135,-0.142621)
(0.301934,0.791677)
(-0.447946,0.0434291)
(-0.308662,-0.507046)
(0.256995,-0.426644)
(0.908081,-0.251843)
(-0.231407,-0.376175)
(-0.0492547,0.317753)
(0.487353,-0.283275)
(0.0289161,0.602008)
(-0.776895,0.251244)
(-0.00271145,-0.599457)
(-0.893715,-0.368686)
(0.21657,-0.0415552)
(0.585139,-0.379205)
(0.715465,-0.510413)
(-0.172302,-0.435998)
(0.389932,0.468736)
(0.338482,0.507754)
(-0.424045,0.257845)
(0.233863,0.117105)
(0.667739,-1.10337)
(0.0683035,-0.0610143)
(-0.326249,-1.19815)
(-0.366837,-0.907816)
(0.856355,-1.89709)
(0.0330738,-0.240859)
(0.130638,-0.318722)
(1.19241,1.44147)
(2.29284,-5.14689)
(0.0296789,2.40119)
(-1.24997,1.20541)
(-0.509108,0.318013)
(-1.83415,0.753646)
(-1.16981,1.20903)
(0.154162,-0.486799)
(-0.324318,0.741785)
(-0.0176141,-0.00228445)
(-0.372583,0.546645)
(-0.25256,0.184196)
(-0.28911,0.501524)
(0.00116114,-0.154881)
(-0.218862,0.503103)
(0.313431,-0.204378)
(-0.482479,0.72248)
(0.360066,0.53282)
(0.918501,-0.339211)
(0.483227,-0.107719)
(1.38519,0.563179)
(0.744588,0.447841)
(0.205404,0.551558)
(0.546411,0.463109)
(0.329593,1.23422)
(-0.515687,-0.0956126)
(0.926659,-0.333898)
(-0.0089995,-0.522588)
(-0.452733,-0.430038)
(0.0788596,-0.128783)
(0.0894796,0.909302)
(0.331208,0.420021)
(0.103717,-1.71686)
(-0.775491,-0.0115598)
(-0.0674741,-0.179102)
(-0.760489,-0.349699)
(0.690361,0.296466)
(0.041166,0.132385)
(-0.933553,-0.285298)
(-0.455023,-0.176082)
(1.27154,-0.26642)
(-0.394583,0.29862)
(0.293289,1.18434)
(0.0851475,-0.0951185)
(-0.364474,-0.45995)
(0.263835,0.451926)
(-0.00924329,0.0912443)
(0.0321659,0.644074)
(0.102098,0.509529)
(-0.665053,0.488712)
(0.0879905,0.201848)
(-0.136306,-0.823584)
(0.322177,0.888662)
(0.160327,-0.0844076)
(-0.246991,-0.543222)
(-0.0998347,0.353674)
(0.827254,-0.598613)
(-0.182543,0.624637)
(-0.366341,-0.85854)
(0.504108,0.522731)
(0.211257,-0.284858)
(-1.18981,-0.361025)
(-0.0101257,-0.844336)
(-0.304158,0.657879)
(0.440699,-0.0964134)
(-0.208772,0.207451)
(-0.00259723,0.0944536)
(-0.196728,-0.823141)
(-0.132417,-0.580716)
(0.459806,-0.328237)
(-0.202252,-1.17813)
(-0.146506,-0.253178)
(0.207792,0.622922)
(0.263764,-0.357099)
(0.430164,-0.68998)
(0.143908,0.0510437)
(-0.198667,-0.0791529)
(0.280437,0.507916)
(0.229388,-0.156329)
(-0.626435,0.615237)
(-0.203795,-0.602042)
(-0.275397,-0.470322)
(0.112634,0.386479)
(0.639875,-0.20502)
(-0.567744,-0.286842)
(1.00382,-0.29654)
(0.561753,-0.955436)
(-0.118703,0.0246721)
(0.136842,-0.547002)
(0.151904,-0.773539)
(-0.78118,0.0329236)
(-0.27024,0.110047)
(0.0583333,0.318768)
(-0.503901,1.24176)
(0.435188,0.687075)
(-1.12426,0.692004)
(-0.41752,0.518342)
(-0.784862,-0.300255)
(-0.175751,0.0530283)
(-0.256545,0.97508)
(-1.01407,-0.0393496)
(-1.05473,0.20239)
(-0.193889,0.684811)
(-0.0852691,0.0113292)
(-0.649946,-0.709071)
(-0.641548,-0.176959)
(0.509279,0.288497)
(-0.822893,-0.566263)
(-0.137494,-0.292193)
(-0.239823,-0.694877)
(-0.248854,-0.48018)
(-1.17277,0.344294)
(-0.805634,-0.48408)
(0.0691435,0.376001)
(-0.169714,-0.42537)
(-0.0506141,1.1978)
(-0.0455098,-0.404477)
(-0.518387,-0.051564)
(1.29911,0.247063)
(0.333257,0.346515)
(0.688528,0.30225)
(0.0898654,-0.559747)
(0.059546,-0.0828054)
(0.240752,0.158825)
(0.00650097,-1.74069)
(0.594203,1.02457)
(-0.353319,0.972313)
(0.791739,-0.749255)
(-0.803533,0.825092)
(-0.549303,0.761571)
(-0.00919902,-0.337453)
(-0.462368,-0.343735)
(-0.636517,-0.325248)
(-0.495865,0.52475)
(-0.39083,-0.303527)
(0.776911,-0.126935)
(-0.587339,-0.0924926)
(-0.188126,0.212106)
(0.854497,-0.770965)
(-0.530875,0.727732)
(-0.834672,-0.916844)
(0.958932,0.393983)
(-0.794489,-0.120699)
(0.136643,-1.34234)
(-0.165105,0.415093)
(-0.0609609,0.214926)
(-0.401927,0.3518)
(0.819472,0.0250536)
(-0.261182,-0.615739)
(-0.93167,-0.0179431)
(-0.0679602,0.367454)
(0.049142,-0.34379)
(0.486572,0.138476)
(0.296583,0.616388)
(-0.162224,-0.550465)
(-0.344173,-0.358263)
(0.250757,-0.196821)
(-0.116158,-0.0506246)
(0.108312,-0.131503)
(-0.252642,0.222916)
(-0.259966,0.199294)
(0.29815,0.0257217)
(0.569932,0.186307)
(-1.03187,0.425336)
(0.433569,0.454174)
(0.0716964,0.159822)
(-0.791938,-0.720092)
(-0.537217,0.321676)
(-0.0900176,0.458996)
(-0.630049,0.36426)
(-0.468366,-0.251634)
(0.557371,-0.143549)
(-0.342428,-0.34387)
(0.664983,0.0162341)
(0.49965,1.41409)
(-0.209377,0.3274)
(0.620824,0.286103)
(-0.488723,-0.207057)
(0.126814,-0.237237)
(-0.0772392,-0.0515905)
(-0.456122,0.0213136)
(-0.00722209,-0.377846)
(0.279619,0.113511)
(0.388941,-0.617041)
(0.429324,-0.203325)
(0.52934,0.247726)
(-0.0867934,-1.2792)
(-0.259782,-0.680852)
(0.174811,0.509111)
(0.0832827,0.0519634)
(0.122254,0.411777)
(0.0527022,-0.260547)
(0.0369831,-0.232146)
(0.592706,-0.934481)
(-0.826659,-0.255085)
(-0.0352093,0.200952)
(-0.439386,0.374803)
(-0.683695,-0.0995926)
(0.684565,0.0185604)
(0.729061,-0.968524)
(-0.242012,-0.152507)
(0.678575,0.502713)
(0.210695,-0.324367)
(-0.000178983,-0.361848)
(0.00631371,-0.22741)
(0.206588,-0.240001)
(-0.489673,-1.42751)
