---------------------------
f_d = -5000
---------------------------
(-1.66296,0.439701)
(1.17184,0.717952)
(-0.325494,0.0109373)
(0.439266,-0.507648)
(0.0186569,0.650841)
(0.626433,-0.780778)
(-0.168472,0.354828)
(-0.889033,-0.561314)
(0.654426,0.0370947)
(-1.55508,0.881678)
(0.747413,-1.13607)
(-0.570337,1.23333)
(0.935687,-1.91553)
(0.269753,0.322623)
(0.455969,-0.499796)
(0.120904,-0.0710088)
(0.125287,0.148927)
(0.584437,0.720804)
(-0.524449,0.397578)
(0.0940437,-0.142409)
(0.0476625,-0.0721631)
(0.627296,-0.196617)
(1.05794,0.399084)
(-0.192552,-0.41575)
(0.927926,-0.603506)
(-0.31128,-0.742118)
(0.280497,-1.32142)
(0.32365,0.548081)
(0.201038,-0.115042)
(0.787999,0.500002)
(0.366894,-0.215389)
(0.244077,0.162726)
(0.337188,-0.134857)
(-0.984311,-0.676064)
(0.743315,-0.314833)
(0.385955,-0.576678)
(0.688715,0.320689)
(-0.714899,0.0874923)
(-0.0473603,-0.318568)
(0.0776224,0.162129)
(-0.181743,-0.551851)
(0.411903,0.658188)
(-1.24659,-0.155004)
(1.12848,-0.133976)
(0.482602,1.4802)
(-0.453541,0.32876)
(0.282096,0.843727)
(0.108773,-1.15394)
(0.188872,0.497542)
(-0.149862,-0.571394)
(0.42378,0.114887)
(-0.337866,0.681217)
(0.624009,0.114205)
(-0.0447618,0.970218)
(0.761102,-0.621578)
(1.10177,-0.532186)
(1.01905,-0.422555)
(0.738272,-0.774867)
(-0.503171,0.621449)
(0.397385,-0.658221)
(-0.764959,0.973725)
(0.309262,0.508062)
(0.380913,0.608459)
(-1.06004,-1.57464)
(0.0723959,0.132721)
(-0.370379,-0.454123)
(0.30826,1.39048)
(-0.0925618,-0.226719)
(0.615295,-0.361324)
(0.477253,0.819867)
(-0.81827,-0.0649724)
(0.033434,0.0470924)
(-0.776334,-0.359227)
(0.813813,0.0705784)
(0.936863,1.28458)
(-0.313725,-0.368153)
(0.134966,0.731019)
(-0.659228,-0.874455)
(1.36953,0.252486)
(0.34124,0.0865485)
(0.751654,-1.56267)
(-0.357805,-0.289143)
(0.161902,0.120977)
(0.786264,0.300644)
(0.00203046,-0.928885)
(-0.397659,-0.523087)
(0.196083,0.502148)
(0.418106,0.831083)
(0.229242,0.103125)
(-0.730148,-1.14279)
(0.925352,0.649791)
(-1.58749,0.776637)
(0.424605,0.232148)
(-0.858456,1.6766)
(1.23695,-0.207591)
(-0.389294,0.423609)
(1.16377,0.419872)
(-0.360732,0.220856)
(0.417115,-0.314817)
(0.325202,0.247028)
(-0.517358,0.394985)
(0.304157,-0.231163)
(-0.203686,-0.0703023)
(-1.03665,0.329573)
(-0.969363,0.945327)
(0.127684,-0.696479)
(0.338908,0.923243)
(-0.174912,-0.851244)
(1.58443,-0.379494)
(0.383364,0.306827)
(-0.60531,-1.39043)
(0.780856,1.31031)
(0.234776,-0.566025)
(0.946374,0.472742)
(-0.325498,0.142104)
(0.168348,-0.581347)
(-0.354068,0.0860724)
(0.678152,0.0900496)
(-0.984176,0.558756)
(-0.69153,0.271979)
(0.35425,0.309434)
(-0.587705,-0.501498)
(0.607358,-0.228806)
(-0.213048,-0.144495)
(-0.199337,0.12718)
(-0.4595,0.271691)
(0.240857,0.255381)
(-0.273395,-0.349649)
(-0.447955,0.279115)
(0.142943,-0.0854406)
(-0.514572,-0.949454)
(-0.490462,0.707616)
(0.360123,0.636781)
(-0.391414,-0.1809)
(0.654115,0.454574)
(0.101973,-0.154797)
(0.988074,-0.413084)
(-1.51491,0.30653)
(0.724585,-0.636571)
(0.118691,-0.290382)
(-0.0236371,0.297875)
(-0.232644,0.0984064)
(0.0568121,-0.39557)
(0.493368,-1.1703)
(-0.576836,0.920344)
(-0.470999,0.499908)
(0.480876,0.262754)
(0.985312,0.152035)
(-0.309079,0.170434)
(-0.358703,0.334852)
(0.602245,0.894665)
(0.84061,-0.679732)
(-0.610772,-0.223201)
(-1.11295,1.39282)
(-0.111377,0.237265)
(0.324198,0.384291)
(-0.598596,-0.669484)
(-0.3323,-0.622211)
(0.199872,0.171118)
(-0.353375,-1.88082)
(0.0744316,0.104906)
(-0.783573,0.545252)
(1.35444,-0.236833)
(-0.105249,-0.604717)
(0.0742507,0.981077)
(-0.0401552,0.0732285)
(0.985584,-0.896993)
(-0.106363,0.00759418)
(-0.653251,0.0492729)
(0.79344,0.499324)
(-0.659191,0.551848)
(-0.0571418,-0.378798)
(0.113382,0.0987641)
(1.08066,-2.05608)
(-0.18926,0.750118)
(0.283408,0.709237)
(0.0643783,-0.430511)
(-1.48331,-0.287136)
(0.483251,0.859635)
(-0.42285,0.207812)
(0.434977,-0.0805334)
(-0.37338,0.0513786)
(-0.791294,0.00395853)
(-0.525941,0.644189)
(-0.927548,-0.184848)
(0.416324,0.156776)
(-0.878862,-0.375594)
(0.12191,-0.723658)
(-1.06342,0.380395)
(-0.183846,-0.43621)
(-0.746004,0.628875)
(1.22661,-0.750123)
(-1.33167,0.030285)
(0.705764,-0.515561)
(0.0220712,-0.617828)
(-0.760001,-0.330989)
(-0.191977,-0.161522)
(-0.309077,1.37277)
(-0.656362,-0.322721)
(-0.00282577,0.364559)
(-0.85672,0.359791)
(0.212753,-0.375509)
(-0.146726,0.274909)
(0.0310119,-0.382348)
(-0.075171,-1.08959)
(-0.131005,0.571514)
(0.442843,0.533612)
(-0.574885,0.481934)
(0.863558,0.621011)
(-0.11053,-0.00695105)
(-0.536854,0.345185)
(-0.112751,0.708408)
(-1.06053,-0.818781)
(0.196981,0.418607)
(0.256904,0.0355635)
(-0.410766,0.0722976)
(-0.97462,-0.73425)
(-0.00794247,-0.637012)
(0.243893,0.101113)
(-0.630322,-0.488661)
(0.818796,-0.217865)
(-0.747809,0.0152851)
(0.477714,0.452336)
(-0.142237,1.21106)
(-0.13254,-1.54266)
(0.548763,0.334607)
(-0.835363,-0.814455)
(-0.382326,-0.522055)
(-0.253046,0.0627192)
(0.371796,0.385074)
(-0.977646,-1.06454)
(0.639268,-0.673617)
(0.318497,0.120573)
(0.516599,-0.736204)
(0.335524,-0.224769)
(0.368402,0.10269)
(1.15974,-0.300381)
(-0.187714,0.812082)
(0.597402,0.0923818)
(-1.54524,-0.0857199)
(0.0128315,-0.00982859)
(0.209537,0.3165)
(-0.921018,-0.264868)
(0.876473,-0.198864)
(0.079312,-0.63466)
(-0.0757471,0.497921)
(0.157817,0.709774)
(-0.310322,-0.729969)
(0.437628,-0.119955)
(-0.254566,0.803608)
(0.705998,0.75499)
(0.323475,-0.612171)
(0.62335,0.287738)
(0.00164613,0.177034)
(-0.89653,-0.0787793)
(-0.239918,-0.794652)
(-0.184646,0.159349)
(-0.613801,0.395659)
(0.242565,0.464677)
(0.37967,-0.966861)
(-0.495985,1.21229)
(-0.280642,-0.63949)
(1.53325,-0.317487)
(-0.0012598,-0.0357633)
(0.280503,-0.95362)
(-0.212949,0.619108)
(0.204129,0.108648)
(0.465527,0.496704)
(-0.550059,-0.56986)
(0.581654,0.0368571)
(-0.689814,0.511318)
(-0.470126,-0.118678)
(-0.50466,1.77866)
(-0.60232,0.334263)
(-0.359638,1.13812)
(0.796614,-0.331198)
(-0.132584,-0.184452)
(0.246578,-1.03402)
(0.391969,-0.17125)
(-0.600186,0.961497)
(0.730616,0.357532)
(-0.616512,1.53481)
(-0.271918,-0.963557)
(-0.884821,0.181959)
(0.11782,-0.132668)
(-0.797614,0.0537578)
(0.0764942,-0.386404)
(-0.0637689,-0.123351)
(-0.582206,0.135179)
(-1.07124,-0.788133)
(1.08787,0.0540086)
(-1.42974,-1.26769)
(1.04006,-0.452804)
(-1.3657,1.47441)
(-0.374957,0.276961)
(-0.134334,-0.332513)
(0.734116,-0.262614)
(-0.726956,0.568575)
(-0.870437,0.019155)
(0.347047,0.681403)
(-0.765892,0.346162)
(0.295473,-0.340109)
(0.590666,0.45673)
(-0.149316,-0.504448)
(-0.298335,0.81219)
(-0.296321,-0.110273)
(0.94902,-0.546581)
(-0.221379,0.627534)
(1.04251,-0.150037)
(0.121315,0.0900457)
(-0.0216065,-0.801804)
(0.194811,0.523681)
(-1.34716,0.128607)
(0.203295,-0.25898)
(0.0533972,0.427347)
(0.56778,0.0947148)
(-0.896307,0.903638)
(-0.158165,-0.807392)
(0.48086,-0.16732)
(-0.0262714,0.163942)
(-0.0317508,0.493052)
(0.0967075,-1.51819)
(-0.0412131,0.101959)
(-0.364801,1.01464)
(-0.922262,-0.0631714)
(0.0554568,0.919374)
(0.340981,-1.16071)
(-0.0355476,0.0651939)
(0.371717,0.514344)
(1.22251,-0.929353)
(0.165264,0.445465)
(-0.329151,-0.0642185)
(0.259633,1.15158)
(0.124877,0.248447)
(0.191555,0.438741)
(-0.423707,-0.955363)
(1.19668,0.0271915)
(-0.701172,0.765532)
(-0.475516,0.338531)
(0.54327,-0.35086)
(0.484435,-0.984199)
(0.927098,0.64825)
(-0.343648,-0.218739)
(1.11433,-0.0610532)
(-0.286223,0.545178)
(-0.329485,0.0336513)
(-0.296014,0.546868)
(0.163878,-0.373365)
(-0.0516612,0.286277)
(-0.50938,-0.949888)
(0.355927,-0.0379638)
(-0.291289,-0.101654)
(-0.177648,-0.268927)
(-0.0218973,0.320808)
(0.477672,-0.445869)
(0.347379,-0.582074)
(-0.488521,0.311733)
(-0.148352,-0.384425)
(-0.184487,1.35134)
(0.897703,-0.235327)
(-0.176198,-0.610501)
(0.487482,0.440199)
(-0.515551,0.46704)
(-0.706967,-0.993317)
(1.16461,0.379296)
(-0.647997,-0.0196112)
(0.307916,0.0980534)
(-0.613723,0.159056)
(0.790728,-0.934285)
(-0.199851,0.903209)
(-0.0173766,0.651993)
(0.716394,-0.0542395)
(-0.069475,-0.426107)
(0.539523,-0.414966)
(-0.303422,0.427371)
(-0.873265,-0.582376)
(-0.517725,0.943832)
(-0.541682,-0.451836)
(0.653164,0.178053)
(-0.00334287,-0.439663)
(-0.21621,-0.0634132)
(-0.0415502,-0.127353)
(0.107244,-0.87069)
(0.444951,0.982508)
(-0.977082,-0.223131)
(0.359664,-0.876602)
(-0.216641,0.214351)
(1.08606,0.955297)
(-0.267342,0.30379)
(-1.14572,-0.991107)
(0.440326,1.11737)
(-0.187661,-0.598329)
(0.320524,-0.005844)
(-0.742511,0.166018)
(0.193114,-0.931493)
(-0.191963,0.567313)
(0.13733,0.0313517)
(0.798364,0.283545)
(-0.488151,-0.707545)
(0.924315,-0.0901007)
---------------------------
f_d = -4000
---------------------------
(-0.246666,-0.0764883)
(1.09576,0.254372)
(0.997463,0.306997)
(0.432803,0.177198)
(0.479578,-0.168199)
(-0.98342,-0.493054)
(-0.328554,-0.376266)
(-0.254069,-0.528434)
(0.594125,0.36819)
(-0.708735,0.764104)
(-0.463705,-0.149095)
(0.282599,0.362395)
(-0.367308,-0.556543)
(-0.12051,0.572674)
(-0.308834,1.02634)
(1.04183,0.0230654)
(0.442258,1.01909)
(0.256579,0.489624)
(0.676583,-0.0863108)
(0.220415,0.50389)
(-0.545113,0.229523)
(0.0428971,0.238575)
(-0.0392702,0.22819)
(0.165334,1.20835)
(-0.262108,0.115226)
(0.662638,0.0917927)
(1.45407,0.459863)
(-0.635206,-0.997752)
(-0.482341,0.400029)
(0.278411,-0.591802)
(-0.131588,0.483526)
(0.553548,0.144512)
(0.697826,0.166742)
(-0.378303,-0.0279061)
(-0.102017,-0.49309)
(-0.523735,-0.351269)
(-0.336011,-0.289011)
(-0.662488,0.761247)
(0.206351,0.164693)
(0.554114,-0.781979)
(-0.0417456,-0.179162)
(0.480391,0.709438)
(-0.489784,-0.253987)
(-0.382075,0.0375779)
(1.49126,-0.594887)
(0.319476,-0.0962071)
(-0.120081,0.479148)
(0.558218,-0.593814)
(0.46947,-0.378968)
(-0.714565,-0.664999)
(0.397571,0.0748776)
(-0.615307,-0.118318)
(-0.292729,-1.00211)
(0.401123,0.345874)
(0.0752162,0.0848612)
(-0.0749912,-0.265058)
(0.323978,0.0455575)
(-1.01593,-0.95643)
(0.108864,-0.546242)
(0.206054,0.743405)
(0.332675,-0.219194)
(0.429141,0.689128)
(0.568566,-0.878256)
(-0.173701,1.34766)
(0.883631,-0.133665)
(-0.515374,-0.350339)
(-0.421282,-0.610133)
(0.964084,0.491771)
(0.187776,0.0683135)
(-0.0853882,-0.262012)
(-0.248386,-0.244526)
(-0.47821,-0.678201)
(-0.842005,0.165506)
(1.0226,0.0238314)
(1.48698,1.61403)
(0.0722458,-0.303853)
(1.15069,0.0406861)
(-0.247225,-0.109464)
(-0.360061,-0.615791)
(-0.135865,-0.0890339)
(-0.946284,0.00806943)
(0.542479,0.186066)
(0.274436,0.255618)
(-0.0314433,0.875682)
(-0.4489,-0.500312)
(0.236317,0.408596)
(-0.11933,0.548392)
(0.456557,-0.362677)
(0.685026,0.248571)
(1.13855,-0.509005)
(-0.0466587,0.530811)
(-0.0740084,-0.557871)
(0.214269,-0.429363)
(0.00536526,-0.0648928)
(0.936538,-0.183105)
(-0.520802,0.450854)
(0.921637,-0.821831)
(1.1662,0.381355)
(-0.309727,0.798691)
(0.277593,0.0181417)
(-0.415826,-0.552686)
(0.748866,-0.470697)
(-0.35011,0.205661)
(0.549452,-0.0285151)
(-0.157916,0.276647)
(0.138758,0.0293686)
(-0.661948,0.496838)
(-0.194105,0.0858991)
(1.18697,-0.710972)
(-0.393159,1.0087)
(0.0857525,-0.793274)
(-0.161204,1.67876)
(-0.043666,0.49498)
(0.524635,0.428173)
(-0.707583,-0.683175)
(0.535821,0.546447)
(0.0877287,0.286211)
(0.0663997,-0.507187)
(-0.192372,0.0983968)
(0.309583,0.398262)
(0.262905,-0.157725)
(0.721518,0.322077)
(0.568532,-0.782064)
(0.0256454,-0.701979)
(-0.328906,0.00308299)
(-0.0667839,0.837585)
(0.765531,0.108358)
(1.43268,1.58101)
(-0.586248,-0.699689)
(-0.320352,0.0800677)
(-1.2595,-1.38078)
(0.157783,-1.05569)
(1.41742,0.38755)
(0.575635,-0.0429327)
(0.00716937,0.0355555)
(-0.663411,0.312599)
(0.316866,0.00389544)
(0.68924,1.02048)
(-0.23398,-0.34134)
(-0.343996,0.999261)
(0.450608,-0.310238)
(0.93384,0.177097)
(-1.68328,0.272669)
(0.736281,-0.191392)
(-0.397197,0.00295757)
(0.262741,-1.19288)
(-0.395061,-0.0503406)
(1.27489,0.639103)
(0.628978,0.339124)
(0.46934,-0.585187)
(0.178318,0.159495)
(1.02483,0.0289881)
(-0.461467,0.0810039)
(-0.254942,-0.576784)
(-0.106468,-0.943319)
(0.733748,0.4362)
(-0.946953,0.182708)
(-1.06152,-0.209347)
(-0.076248,-0.473679)
(0.593436,-0.356822)
(0.442529,0.53193)
(-0.556643,-0.000591872)
(-0.0659741,0.243578)
(0.0660772,0.745284)
(-0.550029,0.470009)
(0.070273,0.973328)
(-0.306946,0.197644)
(-0.250696,0.0297723)
(0.501267,-0.6129)
(-0.116359,3.10124)
(0.130152,-0.0973365)
(0.392794,-0.31308)
(-0.592117,0.140129)
(0.163751,-0.159404)
(0.420721,0.217507)
(-1.79234,-0.237515)
(1.36068,0.0317047)
(-0.0492398,0.562542)
(-0.563928,-0.0406757)
(-0.384901,0.92138)
(0.289266,-0.0248192)
(0.167703,-0.0591447)
(0.588673,0.860295)
(-0.0570146,-0.479473)
(0.0687078,-0.0186971)
(0.0682846,-0.282176)
(-0.809154,0.79418)
(0.297291,-0.749345)
(-0.182978,0.178507)
(0.218945,0.109417)
(1.23789,0.428586)
(-0.596449,0.846423)
(-0.0931534,0.311361)
(-0.683022,0.00535759)
(0.0177903,0.662177)
(0.193164,-0.230084)
(-0.23851,0.148056)
(1.27333,-0.53229)
(-0.903054,-0.188413)
(0.435256,-0.0443526)
(0.408588,0.457955)
(-1.39471,-1.52474)
(0.273559,0.589858)
(0.104802,-0.558057)
(0.077378,-0.531272)
(-0.361668,-0.305893)
(0.532088,0.297453)
(-0.396455,0.660204)
(1.15639,-0.990571)
(-0.349806,0.499177)
(-0.453102,-0.383288)
(1.12002,-0.253023)
(0.131028,-0.525878)
(-0.728491,0.074574)
(-0.278431,0.353529)
(0.629193,0.17055)
(-0.595915,-0.149759)
(-0.0658709,-1.24118)
(0.152278,0.767759)
(-0.754879,0.413936)
(1.44245,-0.675575)
(0.297094,0.283755)
(0.490901,0.775376)
(0.657878,-0.132687)
(-0.082203,0.814154)
(0.170195,-0.778726)
(-0.599264,-0.413572)
(0.0760556,-0.470992)
(-0.396069,-0.52691)
(-0.0204809,0.0932811)
(-1.16871,1.48719)
(0.0115609,-0.354247)
(0.0740433,-0.0389224)
(-0.571465,-0.303103)
(0.425903,0.835234)
(-0.776056,0.0758876)
(0.34628,-0.65751)
(-0.075386,0.678743)
(-0.42591,-0.686443)
(0.167722,0.354151)
(0.277018,-0.89462)
(0.0794655,0.0878318)
(0.739137,0.0135036)
(0.0836596,-0.0851023)
(-0.23512,1.19419)
(0.515968,-1.05336)
(-0.309311,-0.400707)
(0.945424,0.651449)
(0.500512,-0.223034)
(-1.63829,-0.315031)
(-0.879906,-0.348437)
(-0.329673,-0.0500258)
(0.115435,0.0136726)
(-0.706645,1.88084)
(-0.258829,-0.812769)
(1.19451,-0.304113)
(-0.795302,0.0885736)
(-0.493625,-0.221293)
(0.0605198,-0.827472)
(0.116973,-0.378347)
(0.433352,-0.575281)
(-0.32903,0.484196)
(-0.167421,0.464342)
(-0.910454,0.341428)
(0.465229,0.468604)
(-0.168687,0.465288)
(-0.385228,-0.723433)
(0.174707,-0.0480255)
(-0.635889,-0.00195712)
(0.659246,0.0218359)
(-0.0693986,-0.401898)
(-0.138479,-0.57167)
(-0.283882,-0.153483)
(0.371833,-0.726962)
(-0.0761456,0.255989)
(-0.505801,-0.856825)
(0.159402,0.659445)
(-0.203512,0.687132)
(0.511761,0.180251)
(-0.000645528,-0.0859982)
(0.519347,-1.02912)
(-0.134936,0.56326)
(-0.255366,-0.1135)
(-0.433762,0.0287454)
(-0.151632,-1.12764)
(-0.58229,-0.367122)
(-0.192276,-0.143935)
(0.114148,-0.851909)
(-0.652017,-0.21298)
(-0.384661,-0.520085)
(-1.55504,-0.233061)
(-0.762538,-0.177842)
(1.14918,-0.0162221)
(-1.3803,0.146946)
(0.546349,-0.311134)
(0.0893141,0.021422)
(-0.395817,0.178462)
(0.358687,-0.443606)
(-0.381086,-0.549326)
(1.05905,-0.365436)
(-0.1034,0.0771382)
(-0.182717,-0.807059)
(0.401948,0.431654)
(0.650844,-0.222561)
(0.223082,-0.0194313)
(0.264228,-0.427176)
(0.055888,0.687223)
(0.919037,0.538028)
(0.25546,0.169308)
(0.0951346,0.538997)
(-0.578579,-0.965389)
(-0.205618,-0.0685114)
(-0.200359,-0.106916)
(-0.3964,-0.319446)
(0.0407253,-0.085454)
(-0.0396058,0.337346)
(0.654799,0.312669)
(-0.431539,0.427579)
(0.195756,-0.163636)
(-0.138268,0.671941)
(-0.43578,0.448797)
(-1.38397,0.476483)
(-0.43735,-0.959046)
(0.267144,0.0193983)
(-1.18544,-0.178778)
(-0.775292,0.593455)
(-0.120343,-0.488416)
(-0.0791719,-0.616113)
(-1.3051,-0.517547)
(0.78414,-0.117152)
(1.12825,0.857877)
(0.213096,-0.809692)
(-0.369723,0.483692)
(-0.521073,-0.0455044)
(-0.00423486,0.0161709)
(0.406632,0.708709)
(-0.256076,-1.16358)
(0.563048,0.00775228)
(-0.279362,-0.723562)
(0.406482,0.685864)
(-1.31892,0.965479)
(0.815564,0.405957)
(-1.17313,0.363666)
(0.842232,-0.136448)
(0.406071,0.165734)
(-0.962165,-0.596688)
(-0.669084,0.478028)
(0.640205,0.12202)
(-1.02046,0.118899)
(-1.63635,0.110521)
(0.061217,-0.152431)
(0.642904,0.118499)
(-0.865649,-1.04847)
(0.675285,0.369574)
(-0.991016,-0.962939)
(0.442387,0.883272)
(-0.587338,0.579112)
(0.557962,-0.634609)
(-0.342637,-0.0456746)
(-0.859414,0.502556)
(-0.0151842,0.374635)
(-0.171457,-0.440711)
(-0.0104102,-0.774068)
(-1.26307,0.639204)
(0.0840237,-0.574482)
(-0.0659077,0.70267)
(0.0288573,-0.670065)
(0.81691,0.240178)
(0.0842141,-1.01096)
(0.691322,-0.317341)
(-0.54985,0.53143)
(0.112444,0.290799)
(-0.621476,-0.046554)
(1.52368,-0.357629)
(-0.517977,1.32769)
(-0.843238,-1.201)
(0.626022,-0.774527)
(-0.284422,0.072462)
(-0.249137,0.212597)
(-1.58363,0.476989)
(0.617505,-0.467401)
(0.408971,-0.13246)
(0.302163,0.0581106)
(0.24838,0.268573)
(-0.835351,-1.27017)
(-0.0931237,0.224581)
(0.301663,0.702205)
(0.385222,-0.319457)
(0.484929,1.48589)
(-0.154877,0.0603424)
(0.706287,-0.804742)
(-0.367024,0.0623244)
(0.185563,0.470606)
(-0.360085,-0.0267749)
(0.0634727,-1.13754)
(0.518735,-0.218479)
(-0.647766,0.07003)
(-0.178982,-0.250652)
(-0.177466,-0.155798)
(-0.441803,0.809251)
---------------------------
f_d = -3000
---------------------------
(-0.591778,0.552439)
(0.074766,0.162354)
(0.115726,-0.261162)
(-0.778852,0.554049)
(-0.54599,1.08944)
(0.418543,-0.662047)
(0.0877724,0.145242)
(-0.304597,-0.476586)
(-1.36088,1.2176)
(0.51107,0.183836)
(0.6425,-0.690652)
(0.878276,-0.0943375)
(0.087152,0.575221)
(0.593235,0.223475)
(-0.424095,-0.0288908)
(0.418771,0.381911)
(0.389027,0.249659)
(-0.362075,-0.930438)
(1.18667,1.02142)
(0.267433,0.109948)
(0.0331019,0.617063)
(0.809035,0.650722)
(-0.319023,-0.296969)
(0.0774662,-0.0174463)
(0.0290875,-0.878336)
(0.311472,0.28444)
(-0.378334,-0.0696697)
(0.186632,0.213704)
(-1.4183,0.34374)
(-0.686414,0.116092)
(-0.144425,0.322146)
(-0.353267,0.343354)
(-0.349336,0.207871)
(-0.91731,0.187765)
(-0.131524,-0.521116)
(0.484067,0.675785)
(0.180951,0.356822)
(-0.658738,-0.999956)
(0.0698837,-0.0375486)
(-0.170147,-0.781247)
(0.064838,-0.043941)
(0.32053,-0.0848925)
(-0.0505769,-0.626002)
(0.10858,0.953517)
(0.230091,-0.650511)
(-0.0725554,0.407724)
(-0.0625636,0.208205)
(-1.40873,0.169773)
(0.239997,-1.01379)
(0.325659,-0.189061)
(0.396727,0.205117)
(0.3245,0.415172)
(-0.636255,-0.547447)
(0.929691,-0.482285)
(0.843199,0.651566)
(-0.439306,-0.192917)
(0.977599,0.569961)
(-0.0808219,0.00637869)
(0.58017,1.50336)
(1.1656,0.158289)
(0.747024,0.866891)
(-0.797152,0.807305)
(0.765743,-0.431807)
(0.0876871,0.292407)
(0.103644,-1.06761)
(-1.18886,-0.174943)
(-0.70491,-0.186959)
(0.157766,-0.283158)
(-0.315989,0.114143)
(1.35813,-0.383217)
(-0.716052,-0.0470683)
(-0.0496492,-0.928152)
(-0.129732,0.45002)
(0.369182,-1.24004)
(-0.0806652,0.965983)
(-0.735548,0.00399182)
(1.14199,-0.485283)
(-0.221698,0.588411)
(-0.0721758,0.74267)
(-0.550833,-0.810466)
(-0.0615554,0.136515)
(-0.187252,0.338756)
(0.38516,-0.711601)
(0.993089,0.211124)
(-0.130638,-0.0534596)
(0.692519,-0.509451)
(0.251893,0.500056)
(-0.019548,-0.916035)
(-0.173794,-0.317863)
(0.23915,0.393721)
(-0.781475,-0.223629)
(0.366855,0.891965)
(0.379324,0.404062)
(-0.620084,-0.686795)
(-0.227751,-0.218416)
(0.76247,0.249205)
(0.242338,0.303575)
(0.43527,-1.12424)
(0.335713,-0.361299)
(-0.237822,0.234721)
(-0.500396,0.452736)
(-0.758898,0.470454)
(-0.235166,0.533072)
(0.154913,-1.17666)
(0.406645,0.291239)
(-0.565053,0.168999)
(0.208518,0.924811)
(1.08682,-0.724095)
(0.00261135,0.630702)
(0.97791,-0.752377)
(-0.44219,0.141833)
(0.0582108,-1.15332)
(0.413647,0.316487)
(0.734546,-0.700969)
(1.11724,1.25436)
(-0.188278,-0.555143)
(0.167395,0.927929)
(0.793729,-1.21047)
(-0.976786,-0.0998738)
(0.232771,-0.190622)
(-0.335876,0.656153)
(0.144419,-0.839031)
(0.198667,-0.643711)
(-0.0473579,-0.16858)
(-1.05882,-0.403589)
(-0.663153,-1.31882)
(-0.301615,-1.17814)
(0.633721,0.372575)
(-0.334623,-0.348356)
(0.494629,0.435162)
(0.112258,-0.132936)
(0.620105,-0.929372)
(-1.54368,0.702812)
(0.0432585,0.476803)
(0.977757,-0.440936)
(0.722298,-0.83443)
(-0.569516,0.0571855)
(0.609729,0.0612147)
(-0.235069,-0.172954)
(0.29994,-0.324143)
(0.444336,0.116653)
(0.836979,-0.235099)
(0.0206432,-0.715058)
(-0.454157,0.199843)
(-0.0578201,-0.146553)
(0.074565,0.098972)
(-0.233374,-0.251227)
(0.114846,-1.12928)
(0.221201,0.474653)
(-0.0703787,-0.145627)
(-0.0936142,0.420117)
(-0.0981703,-1.19238)
(-0.573678,0.517413)
(-0.0716182,0.17986)
(-0.0439135,0.391927)
(-0.71578,0.34121)
(0.875338,0.115782)
(0.7479,0.512882)
(-1.13325,-0.141156)
(0.525503,-0.431029)
(0.134131,0.131648)
(-0.078763,-0.731462)
(0.67483,-0.07479)
(-0.552038,-0.0503323)
(0.582401,-0.0570436)
(-0.1558,-0.491248)
(0.508673,0.0397)
(-0.30866,-0.708994)
(0.247775,-0.593557)
(0.965218,-1.03749)
(0.352696,-0.322087)
(0.245943,0.339891)
(0.107508,-0.212555)
(-0.122213,-0.148253)
(0.721911,-0.959621)
(-0.746739,0.428741)
(0.395957,0.240823)
(-0.125935,0.214264)
(0.724865,0.142984)
(0.885655,-0.0185012)
(0.0367763,0.163116)
(-0.646513,-0.214683)
(-0.378073,-1.02562)
(-0.66808,-0.32317)
(0.163401,0.594431)
(-0.103862,-0.621415)
(0.897932,-0.353749)
(0.576626,0.25926)
(-0.219807,-0.115107)
(-0.635814,-0.322708)
(-0.256136,0.102301)
(-0.0594838,-0.0647126)
(0.654195,0.276229)
(-0.396468,1.03589)
(0.266054,-0.9891)
(0.141596,0.353801)
(-0.616915,0.0209907)
(0.130322,0.0524437)
(-0.289141,0.277806)
(0.100925,0.0830348)
(-0.211298,-0.63812)
(1.86581,-0.188845)
(0.0672545,0.46228)
(-0.17905,0.369773)
(0.00169687,0.493386)
(0.943559,-0.119542)
(0.498865,-0.0819873)
(-0.438821,1.77313)
(0.433161,0.359877)
(0.727273,-0.466854)
(-1.06877,0.106238)
(-0.236494,0.513845)
(-0.417296,-0.348604)
(-0.141735,-0.409782)
(-0.0399316,0.358044)
(0.872802,0.555587)
(-0.0391621,0.195291)
(1.15421,-0.521895)
(-0.0639946,-0.0151153)
(-0.85008,0.0193305)
(-0.102516,-0.560832)
(0.271308,1.23306)
(-0.152123,-0.183871)
(0.689466,-0.400303)
(0.074155,0.910406)
(-1.03372,-0.114709)
(-1.7112,0.521733)
(-0.337393,-0.444926)
(-0.10496,-0.318187)
(0.0163412,0.390965)
(0.471358,0.297781)
(0.386813,-1.29394)
(0.542486,0.173773)
(-0.832027,0.765664)
(0.132221,-0.373473)
(-0.831692,0.37516)
(0.247773,0.349679)
(0.322759,1.09325)
(-0.117716,-0.495324)
(0.142109,1.01034)
(-0.983601,-0.0888355)
(0.0390874,0.430128)
(-0.47236,0.288268)
(0.103982,-1.72287)
(-0.147456,0.582723)
(-0.344705,-0.605042)
(0.0161009,0.104512)
(-0.683686,-0.212883)
(0.131666,0.407011)
(-1.09232,0.317566)
(0.982661,0.324166)
(1.60783,1.05976)
(-0.379695,-0.325263)
(-0.894691,-0.407172)
(-1.1303,-0.955732)
(0.860442,0.402713)
(-0.2391,0.697468)
(-0.335628,0.0624921)
(-0.0605162,-0.384957)
(0.849139,0.0282405)
(0.63365,0.28939)
(-1.09615,-0.737079)
(-0.163473,0.5801)
(0.505053,-0.220791)
(-0.051704,1.18528)
(0.0225246,-0.308746)
(1.14817,0.213014)
(0.564327,-0.301125)
(-0.585873,0.250155)
(-0.54967,-0.625048)
(-0.540298,0.390696)
(-0.593408,-0.0816725)
(0.640966,-0.390531)
(-0.135738,-0.928088)
(-0.407587,0.717138)
(0.424267,0.345859)
(0.400087,-0.366093)
(0.170018,0.607101)
(-1.2282,-0.0652975)
(0.114141,-0.00821524)
(0.378538,1.09355)
(1.12331,-1.21415)
(-0.4897,0.254732)
(0.232344,-0.0343618)
(-0.562937,-0.115052)
(-0.214071,-0.126139)
(-0.0338862,0.332671)
(-0.904543,-0.870239)
(1.48101,-0.206919)
(0.722655,-0.317006)
(0.250784,0.145986)
(-0.0776961,-0.297499)
(-0.435985,-0.206201)
(-0.402267,-0.131888)
(-0.686494,-0.32007)
(1.11477,0.494303)
(-0.376326,0.315365)
(-0.131039,-0.455687)
(-0.518831,0.79897)
(-0.593313,0.167579)
(-0.557005,0.752656)
(-0.21299,-0.45907)
(0.157467,0.393758)
(0.850197,0.387095)
(0.522336,0.596096)
(-0.162352,-0.720736)
(0.0272748,-0.316265)
(-0.242177,0.398946)
(0.530147,1.36228)
(-0.500977,-1.4617)
(0.0986579,1.079)
(0.154038,0.405302)
(-1.31469,0.0527942)
(0.82331,-0.240183)
(-0.00187111,0.679017)
(0.0517877,-0.392092)
(0.252943,-0.0846354)
(-0.022802,-0.10331)
(0.0268502,-1.57565)
(-0.638872,-0.0293201)
(-1.01549,0.165346)
(-0.272157,0.701521)
(-0.437857,0.387995)
(0.439551,-0.159012)
(0.710477,-0.206896)
(0.562206,0.398252)
(-1.39967,-0.38518)
(0.952019,-0.162346)
(-0.684552,-0.0891991)
(-0.197092,0.253318)
(-0.224901,-0.82467)
(-0.344919,-0.22013)
(0.286861,0.446128)
(-0.333943,0.137852)
(-0.544274,-0.37468)
(0.647386,0.470311)
(-0.634121,0.323344)
(0.233782,0.222009)
(0.512069,-0.712215)
(-0.223913,-0.113818)
(0.132873,0.0079194)
(-0.0108404,-0.548006)
(-0.370776,0.102505)
(0.0380545,0.0144055)
(-1.23497,-0.431913)
(-0.42405,-0.234508)
(-0.0431904,-0.834016)
(1.44497,-0.429222)
(0.56258,0.642985)
(-1.0429,0.339117)
(-0.506828,-0.552994)
(-0.873515,0.145123)
(-0.111173,-0.594987)
(0.578241,-0.0848729)
(0.250797,0.183863)
(-0.10103,-1.22213)
(0.209809,0.424554)
(-0.750105,0.0146876)
(-0.0793049,0.107032)
(0.310181,-0.39739)
(0.341381,0.888242)
(0.389393,-0.548491)
(0.447641,0.239893)
(0.588544,0.250478)
(-0.758497,0.351209)
(0.090511,-0.169618)
(0.976396,0.263876)
(0.507573,-0.617831)
(-0.20029,-0.739308)
(0.209318,0.305485)
(0.662023,-0.422059)
(-0.00414509,0.427966)
(-0.181266,-0.636044)
(-1.05863,-0.475052)
(-0.17886,0.690623)
(0.26289,-0.100098)
(0.189236,-0.30782)
(0.0987578,-0.541547)
(0.143013,0.0442325)
(-0.390679,0.497028)
(-0.39189,-0.711522)
(-0.563126,-0.647626)
(0.681018,0.544197)
(-0.543084,0.714489)
(0.687776,0.417149)
(0.284547,0.974791)
(-0.0473403,1.01236)
(0.353261,0.531366)
(-0.603804,0.225739)
(-0.440686,0.103148)
(-0.362422,-0.450386)
(-0.479851,0.597671)
(-0.170563,-0.000236416)
(-0.506174,0.374707)
(-0.560708,0.866752)
(0.482609,-0.373301)
(-0.295444,1.42276)
(0.668861,-0.327105)
(0.577697,-0.0856192)
(0.104155,-0.287033)
---------------------------
f_d = -2000
---------------------------
(-0.540994,0.677711)
(-0.166289,0.265804)
(0.127785,-0.443335)
(0.851801,0.306573)
(-0.682473,0.705979)
(-1.56492,0.272602)
(0.3717,0.0684568)
(-0.64898,-0.116712)
(-0.309097,-0.513566)
(0.665025,-0.200565)
(0.0249917,-0.153293)
(1.03239,0.142184)
(-0.583783,-0.187225)
(-0.269852,0.129967)
(0.752663,0.0965274)
(0.20873,0.296356)
(-0.49212,0.704622)
(0.242496,0.496437)
(0.654595,-0.0920577)
(-0.258946,0.111238)
(-0.415779,-0.915374)
(-0.366551,-0.396191)
(0.350919,0.174343)
(0.0155524,-0.582597)
(-0.224121,-0.293691)
(0.829966,0.0460897)
(0.124999,0.532957)
(-0.147501,-0.0725916)
(0.202867,1.21832)
(-0.0852754,0.505271)
(0.55911,0.408931)
(0.605108,0.967988)
(0.0532489,-0.333144)
(0.19855,-0.316617)
(-0.185567,0.225952)
(-0.189564,-0.721043)
(-0.490168,-0.159669)
(0.824079,0.869157)
(-0.355936,0.215417)
(0.391729,-1.11157)
(0.814246,0.3228)
(-0.432689,0.246282)
(-0.516264,0.180917)
(-0.227933,1.01093)
(0.316838,-0.0355762)
(0.533123,0.480205)
(-0.074278,0.0357061)
(-0.366415,-0.320478)
(0.0125125,-0.278826)
(-0.156131,0.614676)
(-0.000814176,-0.361842)
(0.153424,-0.148732)
(0.0770224,0.0516664)
(-0.104206,0.241044)
(1.06743,-0.311166)
(0.326144,-0.469895)
(-0.463026,0.0911123)
(0.207173,-0.0402228)
(0.542118,-0.749003)
(0.24462,0.843101)
(-0.552113,0.519027)
(0.0683685,0.171226)
(0.438474,-1.28952)
(0.21146,0.815363)
(-0.0464534,0.145609)
(0.272717,-0.0975295)
(0.107039,-0.535066)
(-0.260602,0.0683541)
(0.418215,0.0428028)
(-0.148775,0.137387)
(-0.460674,-0.488805)
(0.290332,1.70158)
(0.124707,-0.879595)
(-0.498707,1.03083)
(0.418013,0.482976)
(0.85806,0.578739)
(-0.00905503,0.124021)
(0.0862548,-1.21685)
(0.149385,-0.218915)
(-0.334688,0.468055)
(0.969875,0.0483409)
(-0.189617,0.313617)
(0.122407,-0.642418)
(0.749679,-0.507367)
(1.05279,-0.518269)
(-0.628565,-0.193943)
(-0.0589904,0.381383)
(0.513085,0.614666)
(-0.261921,0.598685)
(0.476064,-0.101898)
(0.0178226,-0.934825)
(-0.542502,0.1757)
(0.387854,-0.469002)
(-0.0229156,-0.0495991)
(-0.663443,-0.501496)
(-0.0686568,0.260412)
(0.82677,-0.413053)
(0.0899639,-0.978095)
(0.0470204,-0.0151908)
(-0.742301,-0.0602718)
(0.567187,1.08431)
(0.0131301,0.392438)
(-0.0274268,0.402329)
(-0.210137,0.084296)
(0.128494,-0.832515)
(-0.367888,-1.36756)
(-0.607853,-0.637856)
(-0.788849,0.0469106)
(-0.288649,0.585465)
(0.241322,0.116734)
(-0.413738,0.23725)
(0.0639261,-0.266931)
(-0.418913,-0.214416)
(-0.071862,-0.232731)
(0.138611,0.343601)
(-0.130518,0.741625)
(-0.372664,-0.209544)
(-0.503803,-0.764276)
(-0.113028,-0.700183)
(-0.450688,-0.972534)
(-1.09295,-0.156676)
(0.286587,-0.908769)
(0.625645,0.434507)
(-0.0898136,0.419784)
(-0.45931,-0.481259)
(-0.418006,0.332068)
(0.786273,-0.444162)
(0.0247736,-0.343528)
(0.49083,-0.971899)
(-0.381564,-0.00540257)
(-0.227995,-0.31418)
(0.146503,-0.0494169)
(0.0402452,-0.108931)
(-0.254487,0.884582)
(-0.944358,0.0136479)
(0.405608,-0.645257)
(0.647052,-1.07793)
(-0.109161,0.331277)
(0.657122,0.415732)
(-0.0154756,-0.586019)
(-0.0959564,0.715898)
(-0.21822,-0.218141)
(0.499466,0.0703495)
(-0.455635,0.523064)
(-0.407621,-1.1914)
(0.191084,1.1235)
(0.317828,-0.167755)
(-0.0370308,0.807579)
(0.432919,-0.54354)
(-0.117455,-0.21259)
(-0.0909405,-0.16268)
(-0.543504,0.288244)
(-0.0313898,0.00396031)
(-0.511142,-0.297968)
(-0.635439,0.215918)
(0.221429,-0.221818)
(-0.781849,-1.03751)
(-0.881182,0.64673)
(-0.275481,-0.0482971)
(-0.194488,-1.59685)
(-0.690855,-0.064377)
(-0.176684,-0.126078)
(-1.06481,-0.449086)
(-0.0761192,-0.313939)
(-0.216924,-0.270973)
(0.18929,0.676768)
(-0.240197,-0.0368257)
(0.673085,0.652114)
(-0.0185129,0.102392)
(-0.45601,0.0485255)
(-0.56394,0.0390114)
(0.346022,-0.279869)
(-0.336655,-0.209587)
(1.55213,0.288992)
(-0.378202,-0.156049)
(-0.175414,-0.18863)
(-0.519317,-0.161366)
(-0.311875,-0.567097)
(0.769893,0.0170275)
(0.288213,0.624909)
(-0.320846,-0.51163)
(0.603261,0.218611)
(0.553994,-0.0232079)
(-0.00709022,0.393239)
(-0.671387,0.341691)
(-0.379054,-0.558672)
(-0.227222,-0.230703)
(1.20784,0.926138)
(0.205863,0.0444236)
(-0.0664407,-0.264418)
(-0.00951476,-0.269992)
(-0.0708358,0.240401)
(-0.214086,0.0474591)
(-0.580973,-0.167597)
(-1.14626,-1.32973)
(0.753255,0.691077)
(-0.501932,-0.00673084)
(-0.0919245,0.659074)
(0.213018,0.439309)
(-1.23619,-1.22021)
(-0.980816,-0.344608)
(0.00366416,0.104509)
(0.080715,-0.968043)
(-0.140225,-0.602499)
(-0.239262,0.041781)
(0.135646,0.342184)
(0.181622,0.459077)
(-0.430821,-0.996919)
(-0.442903,0.43792)
(-0.124991,-0.515843)
(0.204873,-0.432826)
(-0.375232,-0.0735684)
(-0.193867,-0.544122)
(0.22061,-0.498385)
(-1.32156,-0.168387)
(-0.151619,-0.108402)
(-0.150841,-0.730883)
(0.621674,-1.23879)
(-0.656601,0.586053)
(-0.0914485,0.43859)
(0.00432901,-0.347543)
(0.554988,0.0498168)
(-0.144884,0.283469)
(-0.344926,-0.284879)
(0.335685,0.690134)
(-0.0294672,-0.838554)
(-0.389476,0.603685)
(-0.269511,-0.208247)
(0.133419,-0.329784)
(-0.000396852,-0.807428)
(0.310892,-0.369852)
(0.290781,-0.218621)
(0.997979,0.00271465)
(-0.683666,-0.0867138)
(-0.360778,0.291623)
(-0.154254,-0.660527)
(-0.44667,1.05402)
(-0.69228,-0.0725052)
(-0.22404,-0.1494)
(1.54608,0.0829192)
(-0.877086,0.86531)
(0.322496,-0.147153)
(-0.341023,-0.760269)
(-0.792196,-0.890985)
(1.19294,0.487187)
(0.306944,0.187159)
(-0.235484,0.457138)
(0.322751,-0.00735084)
(0.304451,0.500748)
(-0.617355,0.649153)
(0.560912,-0.683644)
(-0.552991,0.577806)
(-0.233905,-0.0839583)
(0.00608375,-0.738372)
(-0.496795,-0.122618)
(0.0105961,-0.505906)
(-0.255149,-0.478229)
(0.298073,0.0741822)
(-0.780795,-0.800773)
(-0.0348314,-0.242016)
(0.072284,0.455725)
(1.14777,0.701032)
(0.686166,-0.834515)
(0.198622,0.663804)
(-0.15853,-0.517452)
(0.149566,0.181386)
(-0.620034,-0.110325)
(1.24631,0.813259)
(0.194602,-0.296309)
(0.351539,-0.264177)
(-0.17896,-0.264809)
(0.253864,-0.496605)
(0.0264199,-0.366226)
(-0.4149,-0.2034)
(-0.12784,-1.06759)
(0.7014,-0.237153)
(0.560583,-0.379983)
(0.0838608,1.10912)
(0.366847,-0.263803)
(0.475508,1.14685)
(-0.983461,0.304555)
(0.584163,0.481773)
(-0.657713,0.289653)
(0.279886,-0.182506)
(0.613481,-0.291769)
(0.594722,0.192729)
(-0.287075,-0.30239)
(0.119691,0.0791167)
(-0.08302,-0.531647)
(-0.525685,-0.35609)
(-0.171841,-0.278432)
(0.523908,0.328927)
(0.0785182,0.248934)
(-0.052584,1.09733)
(-0.349454,0.0859605)
(-0.061053,0.894731)
(0.176434,-0.483496)
(-1.12235,-0.32651)
(0.405946,-0.9006)
(0.612862,-0.227112)
(0.792933,-0.592501)
(-0.967537,0.411857)
(0.317048,-0.08861)
(0.875059,-0.0705876)
(0.498576,0.513527)
(-0.0648345,0.360273)
(0.443978,0.119049)
(-0.431877,0.532267)
(-0.07416,0.987651)
(-0.0737546,-0.574558)
(0.954654,-0.705594)
(-0.403273,-0.158341)
(-1.21605,-0.293133)
(-0.386184,-0.400601)
(-0.283042,-1.098)
(0.7134,0.225056)
(-0.47124,-0.0630389)
(0.873087,-0.481737)
(-0.0448493,0.034811)
(1.22764,0.440037)
(-0.386104,0.437361)
(0.00379096,-0.191553)
(0.659747,-0.0345581)
(-0.981399,0.397249)
(-0.596143,-0.0988522)
(0.157794,0.389512)
(0.178873,-0.152202)
(-0.406998,-0.199683)
(-0.564296,0.0530684)
(-0.0412426,0.306439)
(0.0721629,-0.051266)
(0.430578,0.17083)
(1.10562,-0.500863)
(-0.193984,-0.351351)
(0.366954,1.5464)
(0.46115,0.303557)
(0.372015,0.438246)
(-0.132826,-0.107885)
(0.567076,0.898456)
(-0.16564,-0.0944335)
(0.697258,-0.0148855)
(-0.726497,0.721831)
(0.32855,-0.795736)
(0.341299,1.23502)
(-0.142827,0.312372)
(-0.468801,0.49114)
(0.581592,-0.595416)
(-0.452585,1.33903)
(0.213897,0.37376)
(0.687006,-0.833577)
(-0.967788,-0.144497)
(-0.270143,0.110536)
(0.361544,-0.132221)
(-1.48627,0.138826)
(-0.191811,0.820158)
(-0.222033,-0.631664)
(0.297405,0.432218)
(1.02413,0.0325427)
(-0.00508043,0.0353417)
(0.387318,0.364082)
(0.415061,-0.495167)
(-0.189851,0.372628)
(-0.361289,0.158499)
(-0.265343,0.15549)
(0.677021,0.519554)
(0.927292,0.566472)
(-0.407149,0.642195)
(-0.00725603,-0.286579)
(1.17515,0.173336)
(-0.103147,-0.459945)
(-0.698092,-0.265238)
(0.12303,-0.217376)
(-0.349331,0.25836)
(-0.0644709,0.256912)
(0.00808716,-0.327981)
(0.184583,0.137558)
(0.215329,0.667782)
(-0.337122,-0.519911)
(-0.672504,0.969267)
(0.0680357,0.246824)
(0.287392,-0.234576)
(0.000308576,0.587285)
(0.382484,0.0399992)
(0.323395,0.830366)
(-0.728489,1.05438)
(0.290887,0.40515)
(-0.0921708,0.36665)
(0.787332,0.516014)
(-0.459219,0.356864)
(0.176368,-0.48207)
(-1.01413,-0.380218)
(0.617912,0.248428)
(-0.00497757,0.284296)
(0.493093,-0.422433)
(-0.209806,-0.74156)
(0.00971663,1.01964)
(0.479353,-0.448803)
(-0.127591,-0.560887)
(-0.832296,-0.501315)
(0.234871,0.626844)
---------------------------
f_d = -1000
---------------------------
(-0.520954,-0.769962)
(0.902405,-0.0900725)
(-0.406491,0.400669)
(0.480614,0.218857)
(0.102627,-0.510096)
(0.592041,0.386329)
(0.101406,0.294957)
(0.195875,-1.71502)
(0.0897317,0.0151075)
(0.319764,-1.03231)
(-0.468544,-0.702878)
(0.584161,0.698081)
(0.799616,-0.59858)
(0.00225938,-0.0715916)
(-0.0275604,0.579912)
(0.101776,-0.434436)
(0.0453948,-0.555731)
(0.0742194,-0.814467)
(-1.58951,-0.020239)
(1.40061,-0.277257)
(0.662575,0.183978)
(0.0824738,-1.00615)
(-0.245263,0.488471)
(-0.387667,0.614428)
(0.13266,-0.711522)
(0.604707,-0.171187)
(0.518026,0.00487724)
(0.988806,-0.683608)
(-0.383789,-0.00393488)
(-0.290661,-0.10975)
(-0.177934,-0.489894)
(0.393043,0.208741)
(-0.126524,-0.911464)
(-0.955584,0.845411)
(0.000876179,0.434203)
(0.554044,0.0779087)
(0.342801,-0.854162)
(-0.478189,0.0913564)
(-1.04704,0.0171254)
(-0.329138,0.187054)
(0.233848,-0.566236)
(-0.0331571,0.697762)
(-0.187601,-0.983212)
(0.372025,1.51003)
(0.818928,0.177119)
(0.678133,0.00309422)
(0.0218849,0.617785)
(-0.232016,-0.0759946)
(0.526348,-0.52054)
(-0.0854864,-0.065674)
(-0.88662,0.00817235)
(0.259013,0.640562)
(0.300569,-1.00176)
(-0.408486,-0.435304)
(-0.124055,-0.0145923)
(0.969043,-0.0466008)
(-0.755362,-0.459381)
(0.0839533,0.584919)
(0.385059,0.821841)
(0.980665,-0.0272544)
(-0.318196,-0.0166063)
(0.163184,0.900328)
(0.420529,-0.339713)
(0.492681,-0.146352)
(-0.216718,-0.213169)
(-0.163784,0.611545)
(0.50542,-1.30638)
(0.602922,-0.88641)
(-0.544611,0.359435)
(-0.491411,-0.531891)
(1.21094,-0.861448)
(0.188536,-0.28795)
(-0.45776,0.879554)
(0.213087,-0.0256279)
(0.0259985,-0.535723)
(0.750857,0.549617)
(-0.324961,0.464476)
(0.0589335,-0.499756)
(-0.503632,-0.343094)
(-0.0727362,0.501857)
(0.280354,0.305273)
(-1.2267,-0.171727)
(-0.00418025,-0.731432)
(0.353088,-0.0660501)
(0.334169,0.126744)
(0.344688,-0.025676)
(-0.0854075,-0.653232)
(0.0617396,1.26003)
(0.197872,0.080461)
(-0.0625337,0.127215)
(-0.0684541,0.308675)
(-0.0599413,-0.133006)
(-0.505624,-0.5799)
(0.980784,0.497931)
(-0.412757,-0.0748492)
(-0.0608142,-0.374481)
(-0.158419,-0.191797)
(0.217756,-0.581673)
(-0.192523,-0.59224)
(-0.0486523,-0.676762)
(0.488557,-0.752537)
(-0.240363,-0.126851)
(-0.793269,0.302334)
(0.200246,0.155863)
(-0.102389,0.584134)
(-0.589504,0.0928254)
(0.217569,-0.980864)
(-1.2078,1.10799)
(0.894834,-0.083677)
(0.206879,0.411709)
(0.560143,-1.11571)
(-0.833366,0.662707)
(-0.593595,-1.31414)
(1.46065,-0.0667636)
(-0.420136,-0.344025)
(0.792457,0.121537)
(0.59754,0.397001)
(-0.00821203,-0.69156)
(-0.173176,0.434773)
(-0.131684,0.227825)
(0.208576,0.425797)
(-0.307691,0.00196174)
(0.920274,1.59299)
(-1.17662,-0.133786)
(0.434146,-0.776223)
(-0.597119,-0.772012)
(-1.23247,0.0312551)
(0.0218283,-0.227991)
(-0.549641,0.354028)
(0.530678,0.10941)
(-0.900212,-0.280474)
(0.796723,-0.298668)
(0.358379,1.41262)
(0.316701,-0.280589)
(-0.972931,0.0677935)
(0.608888,-0.544995)
(-0.0715359,0.0226594)
(0.0488379,0.235585)
(-1.08139,0.547831)
(-0.240771,-0.566122)
(-0.0285818,0.40595)
(-0.139258,0.802309)
(-0.57948,-0.213401)
(-0.200771,-0.365121)
(0.0864357,0.487739)
(-0.139851,-0.791768)
(-0.749502,-0.152954)
(-0.446054,0.373757)
(0.055573,-0.393737)
(-0.341574,0.761107)
(-0.79571,-0.028621)
(-0.673184,-0.183269)
(-0.02487,0.531129)
(0.541646,-0.261809)
(-0.808574,-0.0733851)
(1.34523,-0.66155)
(0.478973,0.524724)
(0.132704,0.00592446)
(-0.217202,0.650871)
(0.0549293,-0.22827)
(-0.536534,-0.0149285)
(0.0918835,1.10501)
(-0.0873791,0.255118)
(0.759621,-0.566951)
(-0.506078,0.0916616)
(-0.756657,0.116374)
(-0.220795,0.181231)
(-0.0156336,-0.262715)
(0.180414,-0.127443)
(-0.25099,-0.423009)
(0.824993,-0.493472)
(0.248631,-0.40911)
(-0.832843,0.796174)
(0.156512,-0.105329)
(-0.380237,-1.07291)
(1.13698,0.309691)
(-1.38272,0.727717)
(0.0587261,-1.1228)
(0.332571,1.24724)
(-0.346503,-0.407201)
(0.773979,0.185721)
(-0.665844,0.0641124)
(0.0283191,0.296542)
(0.012803,0.461332)
(-0.780524,1.10035)
(-0.178799,0.11457)
(0.0647065,-0.680078)
(0.195017,0.445163)
(-0.238999,-0.400992)
(-1.14301,0.359765)
(0.855246,0.783655)
(0.288035,-0.315545)
(0.747678,0.303857)
(-0.385427,-0.0573992)
(-0.341747,0.450855)
(0.356875,0.772507)
(-0.298513,-0.780523)
(-0.404504,0.117408)
(0.224405,0.982959)
(0.271103,0.118046)
(0.471933,-0.161556)
(0.0571501,-0.82049)
(-0.642178,0.683482)
(-0.0587515,-0.057708)
(0.206196,0.620809)
(0.0268271,-0.03901)
(1.2217,-0.209491)
(-0.525621,0.55119)
(-0.0731167,-0.613858)
(0.540889,0.440437)
(-0.712554,-0.836436)
(-0.0443264,0.416723)
(0.203134,-0.0942369)
(1.56079,-0.400674)
(-0.537638,0.301071)
(1.2992,-0.389028)
(-0.313369,0.0928708)
(0.182659,0.248763)
(-0.261036,-0.765691)
(0.0147512,0.280989)
(0.909358,0.0641016)
(0.219869,0.399045)
(0.0663118,0.430068)
(0.206549,-0.630229)
(0.31855,-0.710065)
(0.446604,0.771703)
(-0.346475,-0.354304)
(-0.0858767,-0.196678)
(-0.0461418,0.0170389)
(0.373928,0.0426362)
(-0.202578,-0.570841)
(0.272088,0.621106)
(-0.686935,0.512745)
(0.49317,0.475058)
(0.621481,0.0430725)
(-0.421956,1.19577)
(0.96113,0.00924979)
(-0.156356,0.594761)
(-0.615624,-0.750635)
(0.448345,1.1982)
(-0.261078,0.275618)
(-0.36801,0.40868)
(0.448241,-0.224285)
(0.0451401,0.962717)
(-0.426299,-0.240484)
(-0.458987,-0.293267)
(0.159938,-0.508246)
(0.805617,0.484765)
(-0.71124,-0.0244558)
(-0.420748,0.234809)
(0.355383,-0.726694)
(0.264821,0.647348)
(-0.10105,-0.340939)
(-0.541467,-0.385131)
(-0.29695,-0.551118)
(-0.138912,0.971818)
(0.255571,-0.947488)
(-0.135808,0.0535969)
(-0.524891,-0.353654)
(0.650643,-0.195473)
(-0.289636,-1.26889)
(0.680191,-0.708456)
(-0.621507,0.417746)
(-0.891452,-0.109941)
(0.848985,0.797135)
(0.892287,0.221328)
(0.90631,-0.163863)
(-0.632128,0.582253)
(-0.7333,-0.118275)
(0.412025,-0.0619886)
(-0.0240444,-0.291282)
(0.580276,0.230144)
(0.103009,0.398904)
(0.0083233,-0.641931)
(1.00016,-0.0716535)
(-0.303005,-0.405624)
(0.211412,0.705011)
(0.138421,0.508107)
(0.595809,0.841115)
(0.224482,1.08468)
(1.13145,0.294164)
(0.0938951,0.190864)
(-0.997659,0.761516)
(0.35817,0.0702843)
(-0.38528,0.00697969)
(-0.0925802,1.1436)
(-0.894346,0.0880323)
(1.31579,0.991104)
(0.028316,0.050096)
(-0.782209,0.338497)
(-0.47873,0.917959)
(0.0600075,0.11202)
(-0.365272,-0.586364)
(0.386473,-0.0209304)
(0.116848,0.0676567)
(-0.113948,-0.439794)
(0.970861,0.553975)
(-1.31195,0.514396)
(-0.489365,-0.283802)
(-0.213854,0.391972)
(0.596112,-0.0434927)
(0.616581,0.423285)
(-0.581613,-0.335226)
(0.326594,-0.422383)
(-0.484413,0.4369)
(-0.262336,-0.370662)
(0.134666,-0.475502)
(-0.376165,0.80036)
(0.265058,0.92253)
(0.15263,-0.472518)
(-0.174078,0.0190826)
(-0.454887,0.206955)
(1.15099,-0.399816)
(-0.798322,-0.648785)
(0.335824,-0.708535)
(0.63928,-0.224153)
(0.296676,-0.00286631)
(-0.198045,0.228528)
(-0.208262,-1.03674)
(0.753624,-0.132827)
(0.0408219,0.277341)
(-0.548555,-0.678568)
(-0.737467,0.294453)
(0.796792,0.186442)
(-0.651126,0.738399)
(-0.067577,-0.239696)
(-0.637013,-0.299186)
(-0.445449,-0.260169)
(-0.266083,1.23855)
(0.444715,-0.486464)
(-0.405001,-0.253952)
(0.698155,-0.5805)
(-0.398508,0.0915355)
(-0.499225,-0.218986)
(-0.0628326,0.190506)
(0.0401717,0.623502)
(0.131848,-0.0655748)
(0.079969,0.210074)
(0.415335,0.0436747)
(-0.121472,0.328417)
(-1.50712,0.243665)
(0.30597,-0.504954)
(-1.0109,0.351672)
(1.02523,-0.362785)
(-1.14872,0.259737)
(-0.501178,-0.828671)
(-1.29622,-0.0337985)
(0.339381,-0.271125)
(0.0989192,0.615482)
(-0.506849,-0.320682)
(-0.0318705,0.321547)
(-0.842764,-0.151272)
(0.00914709,-0.403656)
(-0.450256,0.318238)
(-1.0213,-0.241773)
(0.116944,0.693644)
(-0.370539,-0.521485)
(-0.924221,-0.114605)
(-0.74867,0.14467)
(0.849859,-0.000303086)
(-0.181116,-0.194699)
(0.406205,0.71977)
(1.14483,0.479365)
(-0.528475,0.139871)
(-0.305307,-0.544947)
(0.785004,0.163924)
(0.416273,-0.0521642)
(-0.671865,0.185622)
(-0.681768,-0.168727)
(1.12927,-0.33235)
(0.00745397,-0.856613)
(0.481008,-0.178394)
(-1.07298,0.709867)
(-0.0291465,-1.26363)
(0.604916,-0.329841)
(-0.515731,-0.357153)
(-0.0306663,0.399924)
(0.131809,-0.284599)
(-0.673216,0.399851)
(-0.502463,-0.596021)
(0.401734,0.17361)
(-0.145784,0.774216)
(-0.804541,0.752785)
(0.431293,0.0589882)
(0.474802,0.527795)
(-0.105693,-0.191681)
(-0.498443,0.604957)
(1.19664,-0.204677)
(-0.151627,0.552448)
(0.886521,-0.610705)
(-0.448842,0.46999)
(-0.550765,0.0577493)
(0.247823,-0.66114)
(-0.469043,0.197388)
(0.916228,0.272373)
(-1.17107,-0.140406)
(-0.00734512,0.755047)
(0.0330433,0.427358)
(-0.147553,-0.549004)
(-0.386899,-0.119123)
---------------------------
f_d = 0
---------------------------
(-0.344411,0.853804)
(0.183937,-0.435148)
(0.38853,0.360738)
(-1.26014,-0.609252)
(-0.143113,-1.01145)
(-0.18361,-0.293739)
(0.981134,-0.0302615)
(-0.195103,-0.237352)
(-0.159567,-0.468692)
(0.753337,-0.846715)
(0.15365,0.123265)
(-0.689134,-0.150531)
(-0.525209,0.0243814)
(-0.0584756,-0.416466)
(0.756797,0.692365)
(0.074302,-0.360044)
(-0.367518,-0.711451)
(1.59022,0.31772)
(-0.356721,-0.989858)
(-0.451094,-0.982856)
(-0.733424,-0.306102)
(0.801032,0.172534)
(1.06081,-0.534965)
(-0.203806,0.187158)
(0.301596,-0.238809)
(0.192498,-0.0133495)
(-0.519422,-0.148575)
(0.823939,0.0326693)
(-0.0383857,0.436818)
(-0.731578,0.383738)
(-0.148318,-0.227844)
(-0.135957,0.0888382)
(0.449786,-0.129643)
(0.0733415,0.2218)
(-0.347608,0.719113)
(0.134028,-0.549907)
(0.48706,0.101961)
(-0.321394,-0.167385)
(0.187514,0.249594)
(-0.107323,0.203611)
(-0.190097,-0.453202)
(1.29747,-0.608582)
(0.640324,0.975392)
(-0.30075,0.473613)
(0.587971,0.390497)
(-0.175785,0.532589)
(0.872939,-0.0716366)
(-0.938981,-0.204347)
(-1.40761,-0.167646)
(-0.5945,-0.161105)
(0.926177,0.63182)
(-0.749925,0.31689)
(0.324716,-0.286445)
(-0.772252,-0.649092)
(-0.142388,-0.780126)
(-0.0552041,0.167388)
(-0.409872,0.817682)
(-0.125589,-0.22244)
(0.136984,0.358211)
(0.798685,1.37465)
(0.32925,0.500835)
(-0.0711559,0.545714)
(-0.692374,1.15902)
(-0.528622,-0.157405)
(-0.164382,0.246028)
(-0.353809,-1.44656)
(0.262682,0.172957)
(0.372521,0.276165)
(0.250826,-1.05568)
(-1.04282,-0.249009)
(0.297228,0.594977)
(0.101319,0.724253)
(-1.4679,-0.0134748)
(0.0686293,0.277794)
(0.626061,1.18029)
(0.0529936,-0.0960471)
(0.429512,0.42819)
(-0.857495,-0.179789)
(0.719794,0.493775)
(-0.0362408,0.0945607)
(-0.232753,-0.124788)
(0.0321895,0.289511)
(0.922193,-0.561611)
(-0.000647974,-0.616122)
(0.753532,0.729858)
(0.179116,0.0290278)
(0.109956,0.59781)
(0.190923,0.22029)
(-0.173007,0.0422678)
(-0.150969,-0.0992273)
(0.72709,-0.0882925)
(-0.93925,-0.223357)
(0.230631,-0.618919)
(0.386175,0.522237)
(-0.96587,-0.0901835)
(0.493335,-0.332097)
(-0.932085,0.678717)
(-0.0810901,-0.00489114)
(0.377785,-0.473521)
(0.272084,0.750656)
(-0.813978,0.0610355)
(1.19856,0.495544)
(0.677048,0.658261)
(-0.0298963,0.187536)
(0.354268,-0.696438)
(0.309223,0.241037)
(-0.421316,0.221703)
(-1.01346,-0.331335)
(0.356237,0.533165)
(0.623451,0.266687)
(-0.235233,-0.576241)
(0.496814,-0.232875)
(-0.309355,-0.944031)
(-0.172251,0.207276)
(0.374921,0.219668)
(-1.45993,-0.24423)
(-0.25237,0.514563)
(1.91348,1.25199)
(0.147923,-0.402112)
(-0.636754,-1.0142)
(-0.438681,1.08803)
(-0.671594,0.506264)
(0.155616,-0.345062)
(-0.433864,-1.19631)
(0.712941,0.931158)
(-0.114572,-0.818095)
(-0.184388,-0.568306)
(0.197895,0.0409474)
(0.807083,-0.357118)
(-0.487597,1.12299)
(-0.818563,-0.1255)
(0.899559,0.33693)
(-0.15487,0.0962423)
(-0.894673,0.363848)
(-0.590424,1.47808)
(0.157485,0.42478)
(0.857421,0.449495)
(-0.623482,0.358901)
(0.300787,0.259333)
(-0.254115,0.439109)
(0.0686204,-0.689708)
(0.354005,0.211041)
(0.528761,-0.0236562)
(0.745327,-0.0744934)
(0.0794686,0.455478)
(-0.514943,0.215763)
(0.422628,0.560493)
(-0.651645,-0.0969979)
(0.492391,0.43632)
(-0.447012,1.12009)
(0.260732,-0.659619)
(-0.59839,0.556114)
(1.44899,0.367431)
(-0.876451,0.640413)
(0.00918611,-0.436919)
(0.217935,-0.125265)
(0.0648424,0.116054)
(-0.203428,0.763674)
(-0.899323,0.138004)
(-0.516584,-0.111298)
(1.12784,0.303421)
(-0.0300194,-0.243498)
(0.812423,-0.330796)
(0.147101,0.600161)
(0.405725,-0.0546296)
(-0.379698,-0.676431)
(0.922382,0.561752)
(0.139662,0.178735)
(-0.39785,-0.246789)
(-0.165673,0.982651)
(1.6743,0.045871)
(0.37219,0.393421)
(-0.198081,0.378341)
(0.774556,-0.431433)
(0.723555,0.0383242)
(-0.0962636,0.732677)
(-0.80539,-0.272865)
(0.796704,0.0350446)
(0.121911,0.36813)
(0.692228,0.431886)
(0.0534666,0.845578)
(-0.311703,-0.29152)
(0.323329,0.430657)
(-0.793359,-0.793786)
(-0.257674,0.161167)
(0.379582,0.566205)
(0.878212,-0.780556)
(0.406098,0.328785)
(-1.01336,-0.787702)
(0.310709,0.494338)
(0.328411,-0.423276)
(-0.407547,0.73677)
(-0.081291,0.584386)
(0.182625,-0.616383)
(-0.0160523,0.596497)
(0.737241,0.119451)
(0.506737,0.376328)
(-0.189023,-0.538925)
(0.0971741,-0.0970082)
(-0.181435,0.33708)
(0.347134,-0.893901)
(-0.234355,-0.852059)
(-0.198992,0.394704)
(-0.226186,-0.271068)
(-0.526977,-0.157479)
(0.801819,-0.524633)
(0.59163,1.00772)
(-0.402814,-0.247511)
(0.00010582,0.0123949)
(-0.286284,-0.298846)
(-0.342976,-0.391442)
(-0.275243,-0.325951)
(-0.302648,-0.508027)
(1.23344,-0.214935)
(0.0944123,0.661348)
(-0.670036,-0.468928)
(-0.542621,0.624632)
(1.10392,0.596716)
(-0.0578923,-0.349299)
(-0.129762,-0.511669)
(1.07867,0.723248)
(-0.931199,-0.0308822)
(0.050161,0.433343)
(-0.462809,0.961473)
(-0.447605,-1.02291)
(0.452282,0.493251)
(0.0759058,-0.0225307)
(0.38503,0.0586466)
(-0.105707,-0.377161)
(0.0155793,0.264513)
(0.145816,0.453241)
(0.929291,-0.0936219)
(-0.289228,0.164573)
(-0.491045,-0.781859)
(0.832991,0.0515147)
(-0.643768,0.105432)
(-0.0762564,0.605543)
(0.135849,0.0124527)
(0.651563,0.0913437)
(-0.247938,-0.86564)
(-0.736419,0.458753)
(-0.609864,-0.048244)
(-1.07225,0.104615)
(-0.028995,-0.0962496)
(0.315966,0.177049)
(-0.959534,0.399602)
(0.692356,-0.371653)
(0.161562,-0.614257)
(0.993747,0.402388)
(-0.142654,-0.836765)
(-0.465097,0.62691)
(0.0565003,0.17065)
(0.301089,0.695028)
(-0.299017,-0.143165)
(0.816417,0.421715)
(0.427088,-0.663399)
(-0.382791,0.344648)
(-0.293809,-0.81969)
(-0.166038,-0.29219)
(-1.61525,-0.182027)
(0.502208,-0.328228)
(-0.521169,-0.555381)
(0.751375,-0.758307)
(1.14638,0.6677)
(0.2778,0.541501)
(-0.766998,-0.615243)
(0.0528353,1.22551)
(-1.04123,-0.754527)
(0.125194,0.00919492)
(0.279787,-0.943281)
(-0.112542,0.0308638)
(-0.0952095,-0.642498)
(-0.0888434,-0.632712)
(-0.302393,0.0148723)
(-0.409273,-0.665795)
(-0.117554,0.0083083)
(0.555569,0.239197)
(0.152897,-1.17138)
(-0.243712,0.966857)
(-0.84818,0.273734)
(0.896724,1.02196)
(-0.202537,0.26141)
(-0.536108,0.337166)
(-0.500227,0.29085)
(-0.386815,0.429609)
(-0.171188,-0.954263)
(-0.635981,-1.21982)
(-0.358511,-0.190033)
(-0.460148,0.682215)
(0.207094,-1.38203)
(0.300768,0.287246)
(0.760291,0.445578)
(-0.133639,0.149746)
(-0.395171,-0.173587)
(-0.0882508,0.0990037)
(0.213405,0.327214)
(0.637816,0.190475)
(-0.189268,1.04077)
(0.249374,-0.946003)
(-0.0709565,-0.141121)
(-1.10284,-0.916073)
(-0.729479,0.806075)
(-1.40715,-1.09507)
(0.0625518,-0.388317)
(0.326854,-0.2851)
(0.560326,-0.156105)
(0.669144,-0.544113)
(-0.983468,0.699549)
(-0.0905808,-0.562135)
(0.85856,0.433088)
(-1.12513,-0.458874)
(0.188079,-0.550893)
(-0.687988,-0.523149)
(0.341195,0.0222574)
(0.4456,-0.0447733)
(0.103004,-0.463614)
(-0.782924,-0.4743)
(0.184361,-0.812847)
(-0.0372288,-0.392123)
(-1.16006,-0.816475)
(1.1443,-0.748632)
(0.186155,-0.475567)
(1.166,-0.548815)
(0.181805,0.194445)
(-0.691451,0.193334)
(0.819386,-0.616387)
(-0.462523,-0.130494)
(0.185448,-0.0441238)
(-0.503727,-0.122403)
(-1.71252,-0.474363)
(0.16647,0.546843)
(0.336881,-0.581831)
(0.100976,0.110958)
(0.384556,0.0236507)
(0.306086,-0.571595)
(0.127549,0.555596)
(-0.106344,-0.208908)
(-0.0889572,0.396602)
(-0.126717,0.43455)
(0.181094,0.235556)
(0.729959,-0.630548)
(-0.246132,0.489643)
(0.225217,0.0298478)
(-0.106073,-0.00173683)
(0.503975,-0.783889)
(0.173291,-0.847546)
(-1.2151,-0.120977)
(-0.330671,-0.182679)
(-0.284413,-0.320706)
(0.253894,0.0908489)
(0.665862,-0.0932984)
(-0.792838,0.053349)
(-0.0495951,1.15729)
(-1.48077,-0.425849)
(-0.0486466,0.167816)
(-0.514424,0.0837596)
(-0.274503,-0.881813)
(0.370322,0.0588733)
(0.0294872,-0.842155)
(0.327765,-1.27452)
(-0.321599,-0.545981)
(-0.957525,0.0878794)
(-0.676827,-0.346551)
(0.794437,-0.786727)
(1.28533,-0.181533)
(-0.306364,-0.8518)
(0.255685,0.699993)
(0.0869139,0.465241)
(-0.18105,-0.568686)
(-0.646482,-0.160298)
(-0.0510554,-0.377345)
(0.427655,0.457278)
(0.222901,0.155813)
(0.104715,0.131326)
(-0.402416,-0.506664)
(-0.267617,-0.17964)
(-0.0284483,0.22623)
(-0.383842,-0.600889)
(0.296877,0.457968)
(1.05473,-0.394536)
(0.431737,0.101035)
(-0.0776358,-0.535726)
(0.194893,0.123496)
(0.699402,0.454839)
(0.408651,0.865247)
(-0.758593,1.10058)
(0.351215,0.169637)
(1.59804,-0.726896)
(-0.686265,0.702847)
(-0.513082,-0.584477)
(0.148813,0.44191)
(-0.162285,0.361645)
(0.118613,0.0346459)
(0.513728,0.0881831)
(-0.710427,-0.0917756)
(-0.319092,-0.938482)
(-0.114103,0.923897)
(-0.683836,-1.02191)
(0.309536,1.1884)
(0.533247,0.0760199)
---------------------------
f_d = 1000
---------------------------
(0.609754,0.659565)
(-0.338074,-0.569387)
(0.560419,0.546684)
(-0.594188,-0.46245)
(-0.327513,0.667699)
(-0.356271,-0.409926)
(-0.115321,-0.957862)
(0.0769218,-0.706635)
(-0.140622,0.904835)
(-0.510521,0.221948)
(-0.791358,0.327118)
(1.1132,-0.408942)
(0.227679,0.00450738)
(-0.559891,-0.377794)
(0.228744,0.138248)
(-0.275368,-0.060368)
(0.129007,0.181712)
(-0.0335531,-0.048865)
(0.0545748,0.328211)
(-0.58575,-0.0296286)
(-0.298561,-0.367655)
(-0.366073,-1.24204)
(-0.0706229,0.705172)
(0.295744,-0.654267)
(-1.03635,1.13944)
(-1.07181,-1.33511)
(0.124567,-0.135969)
(-0.32139,0.47102)
(-0.0494114,0.0584291)
(0.286966,0.556662)
(-0.119132,0.728545)
(0.302274,-0.0228442)
(-0.111883,0.891208)
(0.250117,-0.335447)
(-0.858911,-0.8222)
(-0.111055,-0.968576)
(0.987974,-0.201103)
(-0.606449,-0.210544)
(-0.0181898,0.778538)
(-0.727542,-0.873233)
(0.595558,-0.165983)
(0.359304,0.734721)
(-0.299055,0.134162)
(-0.00744678,-0.636303)
(0.249152,1.08133)
(0.108815,-0.366737)
(0.469777,-0.0219931)
(-0.187212,1.02058)
(-0.0611231,0.739489)
(-0.575323,-0.867234)
(0.632142,-0.216907)
(0.263183,0.78409)
(-0.296836,0.245287)
(-0.316139,0.763556)
(0.597568,-0.872418)
(0.0265138,0.546552)
(-1.17122,-0.00480985)
(0.200297,0.077962)
(0.14228,-0.0770339)
(0.282636,0.394396)
(0.367698,0.392929)
(-0.136113,0.460508)
(0.783818,0.399411)
(-0.331506,0.28428)
(-0.0083991,0.0596071)
(0.242202,-1.01254)
(-0.198738,-0.276067)
(-0.380523,0.787417)
(-1.56013,-0.1035)
(0.518576,0.0787602)
(0.385418,-0.208067)
(-0.337308,0.324336)
(1.10952,-0.256063)
(-0.177384,0.599864)
(0.249778,-0.439736)
(-0.210364,1.45113)
(0.210903,-0.25998)
(-0.369328,-1.36755)
(-0.20517,0.477639)
(1.24951,0.291266)
(-1.08865,0.230762)
(-0.90253,-0.612365)
(-0.488892,1.01448)
(0.620016,-0.658969)
(0.651122,-0.473991)
(-0.721589,-1.3403)
(0.364088,-0.632632)
(-0.434819,0.51875)
(0.956402,1.42765)
(0.79131,-0.263624)
(0.150747,-0.378543)
(0.355548,0.89054)
(0.257888,0.272359)
(0.948678,-0.707567)
(0.853708,0.21469)
(-0.483476,-0.132703)
(-0.226935,0.614105)
(-0.68611,-0.302862)
(0.509909,0.512465)
(-0.287329,-0.621637)
(-0.0778658,-0.406104)
(0.40948,0.138901)
(-0.771518,-1.2353)
(0.560965,0.385714)
(0.881998,0.354438)
(0.0606449,-0.0027621)
(-0.820501,1.00517)
(0.000157509,-0.558783)
(-0.142537,-0.487731)
(-0.0595222,0.108045)
(-1.03974,0.548702)
(0.591509,-0.0624448)
(-0.44589,0.450604)
(-0.818565,-0.312457)
(-0.0379099,0.0718843)
(-0.164912,0.255821)
(-0.204799,0.445707)
(0.811109,-0.318478)
(0.491032,-0.0334958)
(-0.445145,-0.489454)
(-0.207834,-0.00768415)
(-0.0645201,0.487733)
(-0.51519,-0.764209)
(-0.394328,-0.921607)
(-0.059428,0.379959)
(-0.949894,0.494139)
(-0.0901242,0.0937176)
(-0.988793,-0.852187)
(-0.140492,0.668191)
(0.166328,0.0258308)
(0.0607722,-2.05097)
(-0.980235,0.0914884)
(0.783687,-0.124627)
(0.182502,-0.0660332)
(-0.430334,0.458917)
(0.594026,-0.323685)
(1.38169,-0.338721)
(0.510611,-0.0685253)
(-0.843961,0.391989)
(0.229953,-1.10106)
(-0.622756,0.425364)
(0.253757,-0.44972)
(-1.67947,-0.421561)
(0.206228,0.0869199)
(0.675211,0.0328929)
(-0.697478,0.192178)
(0.0190775,0.538209)
(0.72744,0.543566)
(0.287002,-0.124562)
(0.731622,0.537975)
(-0.568878,0.186734)
(1.08833,0.703296)
(-0.852628,-0.532245)
(0.41422,0.0268784)
(-0.486569,0.466025)
(0.458987,-0.0611278)
(0.415012,1.17122)
(0.325227,-1.31525)
(-0.199268,-0.157996)
(-0.072629,-0.267029)
(-0.0762966,0.0163535)
(0.310773,-0.937492)
(0.525632,0.376021)
(0.881129,0.743185)
(-0.202554,0.0156207)
(-0.68518,-0.557964)
(1.05015,0.298729)
(-0.412441,1.11817)
(-0.171696,-0.396861)
(0.0244044,0.0432186)
(-0.26691,-0.0169891)
(-0.140362,-0.0530739)
(-0.802244,-0.469728)
(-0.559629,-1.07954)
(-0.00969911,0.774597)
(0.0727093,0.423241)
(-0.622452,-0.180433)
(0.377987,-0.679462)
(-0.705699,0.401471)
(0.273209,-0.997195)
(-0.0227567,-0.349236)
(0.148435,-1.01123)
(0.538036,0.313459)
(0.1854,0.911866)
(-0.743796,-1.03834)
(-0.334871,-0.207658)
(-0.496913,-0.534053)
(-0.454103,0.387629)
(-0.444086,0.242367)
(0.238146,-0.193777)
(1.20603,1.22032)
(-0.485382,0.24655)
(-0.470038,-0.256524)
(-0.212974,-0.929159)
(-0.329864,0.419881)
(-0.70542,-1.60253)
(-0.42811,0.593544)
(-0.361927,-0.198246)
(0.159634,0.442164)
(-0.365565,0.0231234)
(0.348514,-0.0957946)
(-0.865805,-1.16705)
(-0.178345,-0.166593)
(-1.64196,0.0996607)
(0.287594,-0.659917)
(0.55163,-0.858475)
(0.298628,0.656034)
(-0.321849,-0.24349)
(0.20675,0.746059)
(0.286861,0.0990475)
(0.572814,0.888698)
(0.0580204,-0.995273)
(0.279977,0.420733)
(0.0189096,-1.18682)
(-0.307391,-0.583772)
(-0.562247,-0.603074)
(-0.741785,-0.0490765)
(-0.540683,-0.259571)
(-0.749528,0.426532)
(-0.474368,-1.03985)
(0.409862,-0.150936)
(-0.014411,-0.426878)
(-0.0935031,-0.119977)
(0.171437,-0.334721)
(0.253233,0.664803)
(-0.0291629,0.0852501)
(-0.638742,0.111855)
(0.556255,0.250671)
(0.102684,0.261723)
(0.308932,-0.49598)
(-0.247563,0.495834)
(-0.530016,-0.656736)
(-0.156234,0.786487)
(0.293405,0.293144)
(0.220049,1.42903)
(-0.595825,-0.399513)
(0.517366,-0.0646156)
(0.914683,-0.231723)
(-0.759388,0.240314)
(0.500901,-0.482878)
(-0.566624,0.622349)
(0.400259,0.225572)
(0.624436,-0.224525)
(0.0339126,0.552093)
(0.796125,-0.0194377)
(-0.878647,0.265052)
(-0.373738,-0.182111)
(0.00464885,0.587463)
(-0.0546837,0.547478)
(0.00622752,1.14415)
(0.140156,-0.252215)
(-0.0937756,-0.279031)
(-0.894495,0.194344)
(0.840197,0.448699)
(-0.732662,0.695621)
(0.621624,-1.07836)
(-0.157803,0.0752302)
(0.0740056,-0.282553)
(-0.218216,-0.125006)
(-0.326554,-0.085282)
(-0.337725,-0.718818)
(-0.236201,1.39323)
(-0.673265,0.316866)
(0.548471,0.3772)
(0.478832,0.111098)
(0.709657,-0.130314)
(-0.225661,-0.10111)
(-0.408019,0.675704)
(-0.0810033,0.326849)
(0.412206,-0.413406)
(0.294659,0.20237)
(0.268827,0.138135)
(0.588241,-0.443817)
(0.0339685,-0.337611)
(-0.489927,-0.449823)
(-0.92824,0.109957)
(0.099526,0.0666246)
(-0.199357,0.638772)
(0.344354,-0.783861)
(0.0906667,-0.292709)
(0.289867,0.496138)
(-0.144101,0.154435)
(0.448974,-0.054722)
(0.169591,0.563743)
(-0.698387,0.115155)
(0.692748,0.461781)
(-0.105518,0.219767)
(0.261429,-0.578423)
(0.243342,0.102796)
(-1.24375,-1.0081)
(0.176514,-0.603984)
(0.126214,0.174136)
(1.11313,1.65737)
(-0.0891474,-0.401142)
(0.354588,0.238889)
(-0.138225,-0.0912998)
(0.0703952,-0.547744)
(0.603038,0.342194)
(-0.730666,-0.827866)
(1.14203,0.59965)
(1.14431,0.21998)
(-0.0903931,-0.21728)
(-0.526455,0.18636)
(-0.227248,-0.494669)
(0.751696,-0.239151)
(-0.579161,0.512075)
(-0.122652,0.49793)
(0.828832,0.150154)
(0.594911,0.442152)
(-0.20384,-0.730927)
(-0.322606,0.368547)
(-0.103637,-0.610971)
(0.541562,1.27683)
(-0.555522,-0.114361)
(0.948339,-0.186331)
(0.767869,0.204283)
(0.41932,-0.206093)
(-0.69286,0.0273823)
(0.767833,0.078461)
(-0.244302,0.00260501)
(0.6157,-0.0779626)
(-0.340138,0.134488)
(0.629175,0.533872)
(-0.621323,-0.276296)
(1.12769,0.0205679)
(0.000828614,-0.275585)
(-0.408376,0.290352)
(0.907612,0.595822)
(0.10555,-0.0233386)
(-0.165756,-0.633555)
(0.908675,0.375941)
(-0.973579,0.0493198)
(0.0952637,0.0596527)
(-0.5486,-1.1465)
(0.573551,0.692403)
(0.220148,1.2618)
(0.912985,-0.128265)
(0.617979,0.194922)
(-0.124032,-0.387756)
(0.577975,-1.44051)
(0.461182,0.368666)
(-0.762721,-0.0615875)
(0.415473,-1.06416)
(0.253365,0.334814)
(0.628714,0.705463)
(-0.530916,0.480395)
(-0.953508,0.195631)
(0.183795,-0.829993)
(-1.36644,-0.157517)
(0.849166,-0.0447025)
(-0.0346184,0.712561)
(-0.586407,0.162219)
(-0.545652,0.391684)
(0.0642038,-0.389016)
(0.561129,1.07109)
(0.0821882,0.0634899)
(-0.36019,0.0908284)
(0.986001,0.345948)
(-0.697191,-0.742798)
(-0.140526,1.41812)
(0.329098,-0.790952)
(1.03772,-1.36885)
(-0.457874,0.600846)
(0.228454,-0.110102)
(-0.109376,0.763555)
(1.17636,-1.72237)
(-0.279269,0.408192)
(-0.0589903,-0.200863)
(-0.0265591,0.486373)
(0.151939,-0.0805225)
(0.514273,0.468964)
(0.230658,0.289113)
(-0.78392,-0.493275)
(-0.460281,0.967035)
(-0.13465,-0.761109)
(-0.252212,-0.696744)
(0.428413,-0.142983)
(0.513789,0.143916)
(-0.313323,-0.756011)
(0.28038,0.308404)
(0.249173,0.967429)
(0.324345,0.194963)
(0.0221248,-0.400196)
(0.776345,-0.65039)
(-0.106805,0.734846)
(0.531342,-0.55375)
(-0.817225,0.477038)
(0.629506,-0.250355)
(1.46833,0.433748)
(0.226516,-0.335409)
(0.813587,0.0682205)
(-0.38539,-0.513206)
(0.553575,-0.575858)
(0.107759,0.921906)
(0.587976,0.506364)
(0.779526,-0.0515045)
(-0.400122,0.134727)
(0.733252,0.414558)
(-0.177063,-0.492471)
(0.297803,-0.762052)
---------------------------
f_d = 2000
---------------------------
(0.123131,-0.500508)
(0.778273,0.27191)
(-1.05338,1.06532)
(0.0432943,0.514718)
(-0.774191,0.59609)
(-0.246253,-0.424871)
(-0.363904,0.824837)
(-0.0423225,0.230563)
(1.25545,-0.743071)
(-1.2617,-0.463015)
(0.0577899,-0.106046)
(0.190546,-0.782431)
(0.610354,0.353373)
(-0.537126,0.093339)
(-0.0515503,0.221938)
(0.121068,-0.0413539)
(0.253902,-0.000542097)
(1.01522,-0.231406)
(-0.266335,0.485708)
(-0.641649,0.328549)
(1.37632,0.350728)
(-0.911121,0.792057)
(-0.413615,-0.476898)
(-0.565871,0.61616)
(-0.290114,-0.783482)
(-0.287629,0.597495)
(0.047858,-0.265672)
(-0.20062,0.0105394)
(0.00246494,0.146866)
(0.667193,0.10621)
(-0.34926,-0.115336)
(0.151948,0.599718)
(-0.554867,-0.649553)
(-0.52809,-0.0531081)
(-0.52519,1.07493)
(-0.177455,-0.0195877)
(0.554471,-0.180075)
(-0.140927,-0.0306245)
(0.0623544,-0.209303)
(0.044465,-0.0164301)
(0.0140781,-0.393223)
(-0.0312225,0.110048)
(0.387322,0.595933)
(-0.0336247,0.685844)
(0.500307,-1.13578)
(0.896336,-0.501022)
(-1.01405,0.547051)
(-0.113627,0.934166)
(-0.412387,-0.501887)
(0.474376,-0.571522)
(-0.423631,-0.623373)
(0.676282,-0.230305)
(1.18146,-0.281312)
(-0.908149,-0.568929)
(0.334197,-0.586404)
(-0.338697,0.463959)
(-0.148985,-0.585132)
(0.958335,0.186173)
(0.362669,0.778571)
(0.305682,0.0924453)
(0.471976,-0.658905)
(0.262013,0.449436)
(-0.696823,0.0647147)
(-0.657304,0.57587)
(0.9319,-0.444352)
(-0.178709,0.931809)
(1.0729,-0.762569)
(0.635001,-0.237132)
(-1.07834,-0.610543)
(0.789882,-0.29989)
(0.548625,0.259656)
(1.24521,-0.262084)
(0.639382,0.369326)
(0.0362456,0.321472)
(0.62817,-0.391881)
(0.0695641,0.607555)
(0.423662,0.0841397)
(-0.195969,1.12834)
(0.918175,-0.696564)
(-0.45698,-0.0371057)
(0.762374,0.0270051)
(0.69303,-0.255036)
(-0.495007,-0.40953)
(-0.185906,0.192635)
(-0.556614,-0.431141)
(-0.638618,0.234908)
(0.209938,-0.0106943)
(-0.285183,-0.178338)
(0.793465,-1.39743)
(-0.016761,0.331195)
(-0.298601,0.439122)
(0.173598,-0.179329)
(-0.377603,-0.18646)
(-1.00889,0.0989722)
(1.01371,-0.6503)
(-1.18842,-0.429358)
(-0.203247,0.489329)
(-0.0136915,0.248853)
(-0.7801,-0.317918)
(-0.456322,0.268216)
(-0.648485,0.500803)
(0.995241,0.642569)
(-1.00829,-0.723678)
(1.07028,-1.2019)
(-0.0697838,0.628895)
(-0.460863,1.05055)
(-0.374745,-0.481236)
(-0.844647,-0.602527)
(0.602432,0.101642)
(0.073481,0.373791)
(0.425765,0.116711)
(-0.203866,-0.298642)
(0.388987,-0.000555086)
(0.612198,-0.336512)
(-0.551868,-0.381495)
(0.59355,-0.480122)
(0.521898,-0.837401)
(-0.606626,-0.2313)
(-0.0948914,0.164046)
(0.684321,-0.302268)
(-0.110625,0.602047)
(-0.922229,0.349004)
(-0.00792712,-0.39137)
(0.326176,-0.0662754)
(0.753776,0.291629)
(-0.117959,0.0924979)
(0.280623,0.483299)
(-0.31003,-1.29077)
(-0.178694,0.979881)
(0.162795,0.34824)
(0.300395,1.41725)
(0.0429568,-1.75628)
(-0.0582519,-0.906334)
(0.0198813,0.45119)
(-0.544899,-0.391161)
(-0.0342585,0.41366)
(0.850096,0.905124)
(-0.0112443,-0.630217)
(0.651638,-0.189212)
(-0.581987,-0.300521)
(-0.388562,1.00697)
(0.672062,-0.728527)
(-1.0032,0.215041)
(0.256828,-0.30571)
(0.491889,0.0992795)
(0.431711,-0.601098)
(0.0739839,-0.368894)
(0.327513,-0.310539)
(-0.452208,0.506839)
(0.382294,0.107537)
(-0.542819,-1.19385)
(-0.216316,-0.542589)
(-0.116828,0.808072)
(0.415981,0.173222)
(-0.0992901,-0.145287)
(0.404983,0.417103)
(-0.256543,0.376281)
(-0.234131,-0.227361)
(-0.111612,0.575851)
(-0.147148,-1.73395)
(-0.62582,0.533088)
(0.132909,-0.186272)
(0.550145,-0.0107445)
(-0.249761,1.60863)
(1.36475,-0.14678)
(-0.299597,-0.263241)
(0.272821,-0.731284)
(-0.138485,-0.0733499)
(0.744509,-0.969864)
(0.434304,-0.180414)
(0.203561,0.620382)
(0.613506,0.532572)
(0.256549,-0.847655)
(0.298456,0.141923)
(0.532645,-1.05711)
(0.767399,-0.0116478)
(-0.142089,0.105962)
(-0.031178,-0.0989499)
(0.00230789,-0.732479)
(-0.179715,0.0773825)
(-0.154461,0.399745)
(-0.534182,0.071823)
(-0.0686917,0.441387)
(-0.556698,1.50074)
(0.70401,-0.718718)
(-0.179912,1.17342)
(-0.878022,0.00318275)
(0.83351,0.218981)
(-0.999575,-0.550381)
(-0.426046,-0.629499)
(0.802603,-0.128302)
(-0.720708,-0.269281)
(-1.0474,-0.429521)
(0.210169,0.915532)
(0.210954,-0.819392)
(-0.187689,-0.479115)
(-0.20316,-1.31555)
(0.671832,0.380406)
(0.172461,0.650102)
(0.58697,-0.0813945)
(-1.52581,0.0712462)
(0.123373,0.149979)
(0.431012,0.421723)
(-0.651413,-0.0379411)
(-0.760926,-0.282118)
(-0.0570275,0.316347)
(-0.0556134,-0.364581)
(-0.160671,0.965366)
(0.872545,-1.09205)
(-0.97159,0.907036)
(-0.864009,-0.403641)
(-0.667889,-0.45157)
(0.133658,-0.561654)
(-0.17374,0.670403)
(-1.25453,-0.126247)
(0.191188,-0.0626807)
(0.64509,0.343787)
(0.345512,1.02436)
(-0.0405119,-0.736892)
(0.339004,0.0832803)
(0.404176,0.551609)
(1.07384,0.152845)
(0.720919,-0.284425)
(0.174528,0.380492)
(1.04337,0.0647931)
(-0.320261,0.0645428)
(0.568108,-0.350462)
(-0.311891,0.452767)
(0.293828,0.106247)
(0.100373,0.926362)
(-0.939546,-1.17987)
(1.13124,-0.870642)
(-0.441351,-0.664918)
(0.0875718,0.660681)
(0.196529,0.87605)
(-1.03187,-0.231512)
(1.27127,0.977893)
(0.109496,0.639304)
(0.0263623,-0.291586)
(0.170769,-0.456771)
(0.243285,-1.17615)
(-0.00809374,0.358023)
(-1.03747,-0.315011)
(-0.358743,-0.0683626)
(-0.5735,0.719902)
(0.373504,-0.159038)
(-0.907033,-0.620622)
(-0.610485,-0.44047)
(0.906634,-0.617103)
(-0.161849,0.162016)
(-0.280165,0.155298)
(-0.426911,1.11898)
(0.545634,-0.349511)
(0.0056971,0.1271)
(-1.63984,-0.144986)
(-0.123021,-1.14664)
(-0.127721,0.602318)
(-1.54085,-0.220875)
(0.212469,-0.597285)
(-0.305158,-0.211401)
(0.276098,0.393071)
(0.799201,-0.477823)
(-0.491694,-1.0579)
(-1.29368,-0.0215172)
(0.389219,0.120178)
(0.242177,-0.0670376)
(-0.394113,-0.515997)
(-0.402663,0.00268162)
(0.10128,0.464229)
(-0.867679,-0.713181)
(0.0375928,0.0872102)
(-0.201883,0.0936533)
(-0.186702,-0.940649)
(0.39611,0.378757)
(0.236385,0.143683)
(0.121306,-0.414136)
(-0.304965,-0.169663)
(-0.736464,-0.529863)
(-0.66039,0.470957)
(0.0271465,0.947505)
(1.40153,0.236751)
(0.0661489,-0.00998049)
(0.706639,-0.569941)
(-0.838564,-0.060013)
(-0.264785,0.542152)
(-0.297859,-1.11232)
(-0.862153,-0.375545)
(-0.0930331,0.206151)
(-0.216299,0.421564)
(-0.527492,0.208913)
(0.209151,-0.119966)
(0.534313,0.0754566)
(0.10634,0.720183)
(-0.153676,-0.365528)
(1.60573,-0.798827)
(-0.404363,0.123976)
(0.22842,0.550813)
(0.311691,-0.506401)
(-0.863047,0.420461)
(1.15915,-0.200067)
(-0.623881,0.394967)
(-0.716988,-0.349487)
(-0.829002,0.371839)
(-0.338714,-0.353733)
(-0.178031,0.254691)
(-0.259425,-0.455779)
(-1.11288,0.0590837)
(-0.763397,0.197211)
(0.141064,1.24254)
(-0.0706247,0.640785)
(1.49082,0.210009)
(0.145808,0.0779904)
(-0.858062,-0.0146121)
(0.456176,-0.0626714)
(-0.944784,0.332339)
(-0.529613,0.349581)
(0.565921,0.696808)
(-0.246988,1.19345)
(0.278839,-0.371207)
(0.638172,-0.353157)
(0.239615,-0.339716)
(-0.144158,-0.245162)
(0.25435,0.150988)
(0.228978,-0.156209)
(0.0373277,-0.410224)
(0.308996,0.188627)
(-0.379182,1.22228)
(-0.0802637,-0.253878)
(-0.741382,-0.179288)
(-1.35889,0.0617211)
(-0.140943,0.153645)
(0.22297,1.27664)
(0.474168,1.07095)
(-0.478097,0.0543785)
(-0.344878,0.141772)
(-0.801547,-0.654622)
(-0.407299,0.272176)
(0.173993,-0.413875)
(0.21922,0.0105748)
(-0.150149,-0.762767)
(0.768286,0.00967724)
(-0.802759,-0.134183)
(-0.927752,0.700577)
(0.744911,-0.713105)
(-0.139275,0.117605)
(0.301193,0.10042)
(-0.332628,-0.147458)
(-0.277989,0.413433)
(-0.316512,0.0267066)
(-0.391027,0.755753)
(-1.10474,0.531994)
(-0.0269872,-0.634234)
(0.951696,0.253188)
(-1.05313,-0.254104)
(0.146801,-0.202371)
(0.272269,-0.0113016)
(-0.391906,-0.623278)
(0.835583,0.384886)
(-0.0203967,-1.30361)
(-0.263417,-0.148037)
(-0.973271,0.879819)
(-0.255186,-0.406497)
(0.605551,-0.380931)
(-0.215592,0.576174)
(0.502901,0.107343)
(0.0695142,-0.250541)
(1.02681,-0.946183)
(-0.40633,1.07488)
(0.617509,-0.153041)
(0.434393,-0.0108748)
(-0.325798,0.522112)
(0.626595,0.161834)
(-0.278197,0.516168)
(-0.0327634,-0.562818)
(0.685106,0.35473)
(0.329561,0.83795)
(0.81243,0.484261)
(0.120846,0.642475)
(1.15967,-1.35702)
(-0.234708,1.35433)
(0.329136,-0.061369)
(-0.176427,0.0484165)
(-0.240918,0.263015)
(0.883513,0.179379)
(0.205803,0.483293)
(0.527366,0.91493)
(0.144548,-0.638523)
(0.274751,-0.58652)
(-0.281862,0.291113)
(0.093927,1.36008)
(0.210491,-0.14425)
(0.0328228,0.78502)
(0.589897,-0.523354)
(0.575584,0.0399035)
(0.488446,0.0612515)
(-0.500495,-0.579831)
(-0.0565863,-0.0134515)
(-0.193151,1.04723)
(-0.103371,-0.0421422)
(0.322085,-0.0467237)
---------------------------
f_d = 3000
---------------------------
(-0.840785,1.04993)
(-0.25881,0.0581645)
(0.0647583,0.847454)
(0.634577,-0.670805)
(-0.0794566,-0.029002)
(-1.14703,0.273655)
(0.526262,-0.154014)
(-0.916577,0.369751)
(-0.368077,-0.211411)
(-0.629633,-0.40083)
(-0.53124,0.58312)
(-0.712046,-0.267017)
(0.401229,-0.589727)
(-0.542596,0.943494)
(-0.41723,0.647968)
(0.408853,0.322476)
(-0.120473,0.396825)
(-0.323336,0.352119)
(-0.133106,-0.13311)
(0.932687,0.135152)
(-0.865507,-0.798494)
(0.535316,0.232515)
(-0.456551,0.202005)
(-0.715397,-0.184714)
(0.527399,-0.0185705)
(-0.666313,0.501397)
(0.399671,-0.186989)
(-1.65736,-0.123795)
(-0.547112,0.56564)
(-0.138305,-0.172334)
(0.503196,0.189989)
(0.875803,0.610196)
(-0.571416,0.738654)
(0.702695,-0.160782)
(0.564549,0.527483)
(-0.296302,-0.243625)
(0.625541,-0.781075)
(0.307542,0.0401005)
(-0.423097,-0.12477)
(0.122401,-0.87478)
(0.203367,-0.204052)
(-0.650141,-0.794645)
(0.961505,0.553722)
(0.38463,0.639171)
(-0.728638,0.0161246)
(-0.0933575,-0.623606)
(1.18078,-0.220513)
(-0.225627,-0.266165)
(-0.0863808,-0.318791)
(0.901482,0.0633274)
(-0.468678,-0.506351)
(1.14124,0.50263)
(-0.613611,1.61061)
(0.229332,-1.28998)
(-0.516666,-0.183861)
(-0.164936,-0.603203)
(0.167271,-0.264799)
(-0.703006,-0.143393)
(0.553941,0.138371)
(0.0241101,0.539134)
(0.388593,-0.312537)
(0.573499,-0.758772)
(-0.170758,-0.243825)
(0.265684,0.427892)
(-0.794663,-0.863252)
(0.602149,0.627502)
(-0.40451,-0.418587)
(-0.198862,0.205796)
(0.544233,-0.545988)
(-0.236229,0.181325)
(-0.360025,-0.313333)
(0.353224,1.77641)
(-1.02166,0.0324955)
(0.428694,-0.499652)
(0.160623,0.19972)
(-0.613493,-0.3328)
(-0.292044,0.217819)
(0.894851,-0.352617)
(0.416013,0.373003)
(-0.42875,-0.206332)
(-0.26515,-0.351319)
(-0.0722302,0.851929)
(-1.28177,-0.771234)
(0.611082,0.857797)
(-0.941355,0.0404497)
(0.517714,0.134844)
(-0.353612,0.767916)
(0.0199877,0.631815)
(0.434731,0.00601336)
(0.312259,0.485018)
(1.18985,-0.248003)
(-0.00492399,0.355632)
(-0.338195,-0.186132)
(0.169624,0.88219)
(-0.659706,0.98551)
(1.22928,0.6626)
(-0.474812,-0.553649)
(0.0220192,-0.123464)
(0.399575,0.165575)
(-0.356263,-0.00779066)
(-1.05691,-0.217046)
(-0.69089,0.135634)
(-0.587141,-0.306207)
(0.876975,0.260869)
(-0.148537,-0.113678)
(0.453611,0.450475)
(0.7019,0.0490653)
(-0.248568,-1.09603)
(0.0535968,0.215287)
(-0.998375,0.162345)
(0.003198,0.55512)
(-0.727429,-0.223003)
(1.06373,0.212966)
(-0.804254,0.588725)
(-0.558555,-0.698426)
(-0.147684,0.384476)
(-1.35244,0.583975)
(0.748512,-0.783763)
(-0.848488,-0.259163)
(-0.949406,-1.36824)
(0.913091,0.447783)
(-1.04436,-0.67416)
(0.636103,0.431566)
(0.572429,0.517044)
(0.424774,-0.0445704)
(-0.195099,0.558243)
(-0.0469033,-1.03962)
(0.236248,-0.62608)
(-0.383212,0.0109323)
(0.591968,-0.135246)
(0.841603,0.438631)
(-0.393104,-0.514451)
(0.389387,-0.727518)
(-0.82049,-0.629914)
(-0.00737985,-0.341231)
(-0.288326,-0.0936098)
(0.151772,-0.506797)
(-0.56802,-0.639029)
(0.203021,0.132705)
(0.750599,-0.604684)
(0.180021,0.383955)
(0.0542266,-0.704097)
(1.44751,0.0240343)
(-1.00712,0.495958)
(0.211331,-0.6307)
(-0.473734,0.608536)
(0.34728,0.0590334)
(-0.316102,-0.523307)
(0.975394,-0.585451)
(0.1811,0.0806196)
(-0.627029,0.861237)
(0.590436,-0.28861)
(0.521812,0.922905)
(-1.92051,-0.690574)
(1.22969,0.0184338)
(0.321338,0.162241)
(0.887113,-0.90211)
(-0.0677087,-0.892292)
(-0.319172,0.173044)
(-0.660495,0.73518)
(-0.673886,-0.631)
(1.08174,-1.19603)
(0.4876,0.375368)
(0.523663,-0.754143)
(0.0670532,0.120066)
(-0.937492,0.120839)
(-0.275566,-0.174636)
(-0.172503,1.44063)
(-0.00315205,0.49566)
(0.473711,0.484653)
(-0.231501,-0.398154)
(-0.474251,-0.686435)
(-0.350549,1.08431)
(-0.668504,0.133503)
(-0.205209,0.553992)
(-0.254874,0.445162)
(0.257756,0.0838311)
(0.0388879,-0.0640195)
(0.475656,0.606884)
(-0.412771,0.348057)
(0.268664,0.619717)
(0.0313164,0.603493)
(0.266515,0.70264)
(0.208841,-0.750928)
(0.285476,-0.431714)
(0.414088,-1.28319)
(-0.228614,0.347985)
(0.224284,0.0816012)
(0.481605,-0.248985)
(-0.555389,0.498647)
(-0.468682,0.454156)
(0.69807,-0.560672)
(0.170564,-0.271951)
(-0.982243,-0.119456)
(-0.523469,1.7615)
(1.14287,0.287484)
(-0.196262,0.406652)
(-0.378143,-0.597515)
(1.25132,0.44971)
(-1.015,-0.150476)
(0.311889,0.240176)
(0.546724,0.391045)
(-0.159183,-0.193444)
(-0.622037,-0.626599)
(-0.223527,0.402588)
(0.459431,0.0480598)
(-0.162683,-0.487102)
(-0.317943,0.279617)
(-0.816981,0.325508)
(-0.114947,0.476087)
(0.764929,-0.42426)
(-0.701966,-0.227377)
(0.746955,-0.0583763)
(0.42426,0.804132)
(0.782559,-1.00043)
(0.383135,-0.608242)
(0.262997,0.0436306)
(-0.334392,0.855745)
(0.490018,0.405015)
(-0.441995,0.0804018)
(0.33873,0.193201)
(-0.5614,-0.047312)
(0.427759,-0.00128734)
(-0.443767,0.0831227)
(-0.282408,0.635114)
(0.921046,0.1144)
(0.356808,0.0240033)
(0.0570991,-0.653395)
(-0.316856,-0.239779)
(0.167585,-0.520997)
(-0.0306454,0.14446)
(-0.707349,-0.103432)
(0.84993,0.299331)
(0.198646,-0.240141)
(0.584501,0.950338)
(0.695491,-1.08876)
(0.404577,-0.773681)
(-0.351802,-0.306892)
(0.765173,0.431185)
(-0.0947911,-0.061486)
(0.155322,0.0937137)
(-0.171013,-0.421866)
(0.756069,-0.361426)
(0.459882,-0.525623)
(0.886641,-0.0930731)
(-0.441026,0.125917)
(-1.13193,0.272684)
(0.085828,-0.443236)
(0.571759,0.181956)
(-0.227615,-0.300023)
(-0.13681,-0.905057)
(-0.19722,0.0427064)
(0.302573,0.432625)
(-0.333781,0.161033)
(-0.623474,-0.0284153)
(0.306231,-0.555409)
(0.677239,-0.828535)
(0.622643,-1.17423)
(-0.00580149,-0.533487)
(0.541679,0.0642347)
(-0.592213,-0.349695)
(-1.06484,-0.108906)
(0.418514,1.03874)
(0.37501,-0.0812514)
(-0.817055,0.356792)
(-0.478398,0.789058)
(0.103175,-0.828293)
(0.552818,-0.0431544)
(-0.104814,0.804613)
(-0.142413,-0.120339)
(-0.661393,0.119375)
(0.974856,0.431614)
(0.389481,-0.435317)
(-0.246178,0.740354)
(-0.357881,-1.16819)
(0.602814,0.426209)
(0.249091,-0.00828884)
(1.62512,0.0726081)
(-0.0637396,0.169351)
(-0.691094,-0.68616)
(0.329109,-0.207263)
(-0.28264,0.492428)
(0.145324,-0.65755)
(-0.0523399,0.654615)
(0.833604,0.0359013)
(-0.258171,-0.497697)
(-0.254771,-0.594277)
(0.899642,0.849302)
(-0.467269,-0.222649)
(-0.212152,0.34784)
(-0.158782,-0.0512102)
(1.58551,0.326593)
(-0.224991,0.306451)
(-0.068,0.235493)
(-0.138291,-1.55106)
(0.674184,0.269212)
(0.11698,0.807362)
(-0.363901,-0.316942)
(0.304866,-0.0543296)
(0.854716,-0.695247)
(-0.734267,-0.0582556)
(0.465884,-0.290534)
(-0.681211,-1.0473)
(-0.105943,-0.21023)
(-0.598348,0.707243)
(0.0989834,1.07815)
(0.136031,-1.05351)
(0.758179,-0.589061)
(-0.648528,0.45665)
(0.4011,-1.33447)
(0.0157984,-0.345936)
(0.44812,0.222965)
(-0.94873,-0.32184)
(-0.132893,-0.137419)
(-0.252762,-0.384869)
(0.852522,-0.0401855)
(0.651841,0.343813)
(-0.702172,0.629344)
(-0.0283642,-0.628406)
(-0.350605,0.0927875)
(-0.247718,0.809817)
(1.00563,-0.0797158)
(-0.0368085,-0.123512)
(-0.493678,0.402028)
(0.0658654,-0.179739)
(0.128837,-0.130954)
(0.111806,0.977613)
(-0.229146,-0.483978)
(0.0234518,0.370267)
(-0.591035,-1.08163)
(-0.00729334,-0.373461)
(-0.0297458,-0.147449)
(-0.110331,-0.275684)
(0.714855,0.110956)
(0.0802592,0.129556)
(0.233747,0.178986)
(0.284202,0.164944)
(-0.487949,-0.779071)
(-0.222823,-0.829603)
(-0.120323,0.653013)
(0.37188,-0.517219)
(0.0363133,-1.02987)
(0.940231,1.05419)
(-0.876233,-0.291833)
(-0.270985,0.0333545)
(0.0692219,0.590387)
(-0.407119,0.174454)
(-1.55817,-0.0100399)
(1.01093,0.14039)
(-0.415211,-0.202141)
(-0.248714,0.509968)
(-1.40243,-0.11332)
(-0.190064,0.14346)
(0.0740398,-0.0331848)
(-0.658642,-0.235184)
(-0.0462776,0.275791)
(-0.274148,-0.789508)
(-0.841185,-0.998166)
(0.551529,0.735292)
(0.251383,0.405335)
(-0.016554,-1.1472)
(0.0281111,-0.550676)
(0.905669,0.00829524)
(-0.693891,-0.0194572)
(-0.0987525,-0.427762)
(-0.498004,-0.573201)
(-0.475139,-0.0566805)
(0.0579957,-0.688765)
(0.213309,0.885978)
(-0.471237,0.0440301)
(-0.154699,0.264001)
(0.918603,-0.206262)
(-0.869944,0.727818)
(-0.846494,-0.0228721)
(0.441642,-0.190639)
(0.645812,0.449274)
(0.389264,0.389174)
(-0.218641,-0.267378)
(0.162082,0.193937)
(0.216496,1.17929)
(-0.282939,0.696599)
(-0.368647,-0.178976)
(0.032866,-0.674014)
(-0.25112,-0.224716)
(0.262251,0.665111)
(0.111328,-0.219064)
(0.0333643,1.19905)
(0.0945567,0.858771)
(0.844478,0.404949)
(-0.914688,-0.011608)
(0.233486,-1.03115)
(0.626987,-0.214657)
(0.193982,0.259438)
(-0.39255,-0.20609)
(0.657073,0.788197)
(-0.463138,-0.36735)
(0.802514,-0.436139)
(-0.308037,1.42683)
(0.681822,0.565257)
(-0.148874,0.882199)
---------------------------
f_d = 4000
---------------------------
(-0.655697,-0.342089)
(0.702225,0.838534)
(-0.118114,-0.573089)
(0.656863,-0.502335)
(-1.09351,1.13906)
(-0.554723,-0.595891)
(0.335221,-0.376077)
(-0.494445,-0.0315075)
(0.368587,0.391968)
(-0.337369,-0.142715)
(-0.557159,0.23657)
(0.0190616,0.616502)
(-0.175127,-0.230826)
(0.490238,0.324088)
(0.000254692,0.196736)
(0.844064,0.00649959)
(0.847509,0.425637)
(-1.50265,-0.593711)
(0.0017876,0.6669)
(0.125765,0.321151)
(-0.016938,-0.549203)
(-0.122578,0.0403117)
(0.138355,-0.302638)
(0.206395,0.345096)
(-0.456495,-0.13334)
(-0.0190779,-1.13816)
(0.661996,1.64182)
(-0.920223,-0.57567)
(1.69122,0.541322)
(-0.605967,0.69987)
(1.18316,-0.565144)
(-0.679623,0.473438)
(-0.456739,0.151489)
(1.61819,0.666369)
(-0.925514,-0.0598646)
(0.640887,-0.0481519)
(-0.462755,-0.235051)
(0.850611,-0.787968)
(0.268163,0.440368)
(-0.636665,-0.0455027)
(-0.278854,0.456685)
(-0.0301913,-0.566074)
(-0.270232,0.0102553)
(0.45802,-0.469803)
(-0.0908711,0.609397)
(-0.734578,-0.699884)
(-1.06731,-0.436749)
(1.37481,0.629274)
(-0.18694,0.323785)
(-0.14934,-0.262754)
(-0.395635,-0.66029)
(0.723204,-0.0518394)
(-0.173048,-0.261776)
(1.31187,0.951762)
(-0.83329,-0.37749)
(1.46551,-0.365418)
(-0.752229,0.541676)
(-0.113281,0.703755)
(-0.318578,-0.468437)
(-0.741565,-1.09006)
(-0.14673,1.05971)
(0.0312665,-0.566387)
(-0.402006,0.762727)
(0.0587511,-0.165338)
(-0.00860841,-0.583505)
(1.15254,0.165656)
(-1.07797,0.299687)
(0.909006,-0.420782)
(-0.342125,0.466351)
(-0.511693,-0.638415)
(-0.475976,1.18047)
(0.811054,-0.444059)
(0.802381,1.24717)
(0.274985,-0.591094)
(-0.262945,-0.945936)
(-0.515512,-0.238892)
(-0.40055,0.520563)
(0.341752,0.768546)
(-1.0609,0.252074)
(0.784982,0.0759951)
(-0.132705,0.142286)
(0.780886,-0.0985682)
(-0.141604,0.247926)
(-0.614261,-0.341276)
(-0.946853,0.241437)
(0.864294,0.0111559)
(0.0887074,-0.0670652)
(0.406225,-0.523339)
(0.599502,0.111603)
(0.257395,0.180837)
(0.866339,0.218655)
(0.484711,0.0157962)
(0.505789,0.690439)
(0.22573,0.0967634)
(-0.323261,0.227612)
(0.0244523,0.352365)
(-0.74305,-0.538004)
(0.251889,0.79944)
(0.232326,-0.107169)
(-0.121986,-0.152869)
(0.0687009,1.44231)
(-0.130901,-0.387195)
(0.596667,-0.388542)
(-0.130793,0.458242)
(0.0499704,0.661968)
(-0.396543,-0.710958)
(-0.352048,-0.0149439)
(-0.105758,0.30432)
(-0.155612,-0.425273)
(-0.0195548,0.189794)
(0.469922,-0.12436)
(-0.744579,-1.19119)
(-0.619716,1.37505)
(0.48547,-0.246668)
(0.182107,-0.663202)
(1.10178,-0.284696)
(-0.32532,-0.463242)
(-0.834328,0.807406)
(-0.173863,-0.280549)
(0.466546,-0.606529)
(-0.906393,0.377135)
(0.334803,0.614832)
(-0.186493,-0.306874)
(-0.225929,-0.259892)
(0.124651,0.326325)
(-0.465856,0.977788)
(-0.660586,0.141572)
(-1.15915,-0.55593)
(-0.197611,-0.512071)
(-0.0577899,0.987925)
(-0.658114,-0.393161)
(0.779571,1.0613)
(-0.347785,-0.273545)
(-0.230345,-0.536591)
(-0.634321,0.113803)
(-0.816311,0.389907)
(0.223135,0.122514)
(0.569707,-0.424478)
(-0.607087,-0.636006)
(-0.482508,-0.839745)
(0.772623,0.349338)
(-0.942585,0.665953)
(-0.0421083,-0.925793)
(0.658462,-0.706173)
(0.382468,0.15617)
(-0.40288,-0.876018)
(-0.270726,-0.213084)
(-0.436679,0.26777)
(0.465317,0.669149)
(0.666308,-0.214592)
(0.136169,-1.23315)
(-0.562964,0.582461)
(0.260622,-0.463745)
(0.0160404,-0.544866)
(-0.372626,0.580934)
(-0.783532,-0.313319)
(-0.410115,0.254962)
(-0.541658,-0.787279)
(0.978927,0.35929)
(-0.25565,1.07454)
(-0.164205,-1.23951)
(0.376707,0.686227)
(-0.0425173,0.486195)
(1.27184,0.796907)
(0.00471352,-0.133701)
(0.889096,-0.495985)
(-0.985951,-0.232578)
(0.927026,-0.586873)
(0.0374972,0.0621456)
(-0.963402,-1.21994)
(0.605426,-0.0935151)
(0.121219,-0.0322517)
(-0.0817761,-1.01973)
(0.927209,-0.715977)
(-0.279961,-0.0276929)
(0.415023,0.154336)
(0.762729,0.553766)
(0.534604,-0.50733)
(-0.668968,0.597065)
(-0.441876,0.473752)
(0.714665,-0.337695)
(0.876435,0.746089)
(-0.0504356,-0.179267)
(0.730754,0.259349)
(-0.387108,0.230313)
(-0.593486,-0.564201)
(-0.099366,0.161168)
(-0.0616219,-0.567856)
(0.346154,1.61611)
(0.689077,-0.229574)
(-0.259797,-0.0246058)
(0.0523305,0.497513)
(0.427336,-0.275388)
(0.48936,-0.129043)
(-1.25827,-0.480588)
(-0.00892599,-0.221134)
(-0.801818,-0.377799)
(0.322091,-0.985052)
(0.685194,0.151605)
(-0.408873,-0.62961)
(-0.400141,-0.25758)
(-0.772602,-0.41546)
(0.139511,-0.807102)
(0.00523746,0.16755)
(-1.02579,0.108712)
(0.455581,0.83102)
(-0.997095,0.562595)
(1.71471,0.169443)
(-0.874095,0.124731)
(0.26011,-0.713025)
(-0.366258,0.145503)
(0.182714,-0.635614)
(-0.437005,0.317283)
(-1.5526,0.156031)
(0.144792,-0.793442)
(0.169918,0.194594)
(-0.0434625,0.147189)
(0.301062,-0.381805)
(-0.121203,1.16845)
(-0.360543,-0.26091)
(-0.288222,0.506818)
(-0.605764,-0.0983857)
(0.497349,-0.247556)
(-0.0858088,-0.101515)
(-0.260608,-0.463026)
(0.420466,0.0775811)
(-0.42353,-1.05429)
(0.936549,0.641505)
(-0.658314,0.530145)
(-0.601183,-1.24108)
(-0.911165,-0.892965)
(0.413381,-0.828127)
(1.33114,1.21918)
(-0.871357,-0.388284)
(0.797337,-0.56049)
(-0.00263654,0.777269)
(0.413821,1.12479)
(0.603952,0.888374)
(-1.29531,-0.260867)
(0.536024,-0.655637)
(-0.505829,0.810926)
(0.716899,0.101134)
(-0.122104,-0.28832)
(-1.11319,-0.438078)
(0.171444,0.464054)
(-0.267295,-0.351688)
(-0.309232,-0.838573)
(0.699765,0.940289)
(-1.47552,0.767304)
(0.876271,0.0865868)
(-1.05031,0.34232)
(1.92308,-0.895214)
(-0.187053,0.154694)
(-0.291097,-0.575162)
(0.880868,0.929047)
(0.589733,-0.988111)
(0.124862,-0.109203)
(-0.497847,0.708335)
(-0.0748872,-0.0905307)
(1.14243,0.673565)
(0.367712,0.0565593)
(0.659483,-0.945515)
(-0.0111331,1.02907)
(-0.491701,0.0102395)
(-0.134061,0.449852)
(0.10732,0.777839)
(-0.349541,-0.656892)
(-0.110446,-0.585719)
(-0.322089,0.441187)
(1.28181,-0.616743)
(0.60161,0.688917)
(0.389159,-0.270052)
(0.0484916,0.516597)
(-0.494155,-0.138099)
(0.852951,-0.554993)
(-1.33817,0.187287)
(0.659614,0.411819)
(0.294312,0.20332)
(0.479504,0.289203)
(0.335868,0.730318)
(0.297162,-0.278949)
(0.572043,1.3488)
(-0.224844,-0.339496)
(0.579573,-0.699823)
(0.22506,0.567228)
(-0.052262,-0.198937)
(0.793734,0.0100283)
(-0.470496,0.441263)
(0.0539308,0.229655)
(0.751873,-0.362114)
(-1.17547,-1.13542)
(-0.324577,0.600383)
(0.241394,0.583695)
(0.382122,-0.111161)
(0.549282,0.142948)
(-0.365565,-0.825054)
(0.451845,0.169102)
(-0.600014,-0.425673)
(1.02245,0.135054)
(0.351815,0.0678118)
(0.121185,0.728182)
(-0.726154,0.202827)
(-1.40788,-0.689879)
(-0.29714,-0.295213)
(-0.258461,0.12669)
(-1.10689,0.284683)
(0.0715251,-0.108072)
(-0.632878,0.00422698)
(0.21058,0.417827)
(-0.605389,0.528134)
(-0.34107,-0.368144)
(0.306022,0.151342)
(0.559808,1.34941)
(-0.166535,-0.201241)
(-0.151941,0.749263)
(0.202396,0.219338)
(0.0571759,0.484166)
(0.278548,-0.543965)
(-0.5488,0.110983)
(0.46419,0.734629)
(-0.47673,-0.163371)
(-0.664981,0.479429)
(-0.761981,0.577872)
(0.973441,0.173159)
(-0.464573,-0.942512)
(-0.285588,0.218303)
(-0.0458778,-0.088901)
(0.541937,0.331639)
(0.631569,0.283834)
(-0.687445,-0.314457)
(-0.61247,0.241991)
(1.40831,0.606491)
(-0.230345,0.144925)
(-0.108986,0.275837)
(-0.148992,-0.369143)
(0.627586,0.129853)
(0.1099,-0.0147163)
(1.2124,0.165317)
(-0.749165,-0.200861)
(-0.407739,0.578544)
(-0.726454,-0.253711)
(-0.0858088,-0.956548)
(1.69896,0.332949)
(0.141185,0.240068)
(1.21282,0.482245)
(-0.42963,-0.471636)
(-0.0168731,-0.874778)
(0.230715,0.095209)
(-1.63191,-0.576131)
(-0.566862,-0.0152281)
(0.140424,-0.385312)
(0.711978,-0.0205135)
(0.056549,-0.153733)
(-0.0396293,-0.560409)
(0.389961,0.630288)
(-0.505026,-0.389185)
(0.00564232,0.44665)
(0.192481,-0.106271)
(0.210585,-0.137047)
(-0.344885,-0.933565)
(-1.67088,-0.044351)
(0.208937,-0.793619)
(0.219817,0.867726)
(0.154031,-0.822997)
(-0.621011,-0.186658)
(0.0947292,0.00974147)
(-0.388654,-0.374435)
(-1.05204,0.277893)
(-0.391407,0.301207)
(0.85071,0.07727)
(0.401192,0.139474)
(1.08078,0.576987)
(-0.21897,-0.425311)
(-0.553995,-0.311177)
(-0.366903,0.395981)
(-0.174571,-0.141536)
(0.286303,0.723921)
(0.466829,-0.17488)
(0.359737,-0.923242)
(0.312667,-0.234612)
(-0.647434,-0.70579)
(0.454323,-0.56484)
(-0.63324,0.735341)
(0.19151,0.246221)
(0.868922,0.858631)
(0.0427328,-0.78608)
(0.851098,-0.629338)
(-1.52628,-0.192825)
(0.242615,0.31242)
(-0.0606348,0.120589)
(-0.409675,-1.42761)
(-0.958827,-0.0607528)
(-0.339283,0.184681)
(0.199988,-1.50384)
(0.060025,0.206509)
(0.327758,-0.0420531)
(0.153187,0.491107)
(-0.0220316,0.476563)
(-0.325521,0.1359)
(0.137545,-0.0688356)
---------------------------
f_d = 5000
---------------------------
(0.197955,0.261898)
(-0.609005,-0.283413)
(0.247028,0.584237)
(-0.310718,-0.384614)
(0.772849,-0.0318467)
(-0.387509,0.493775)
(0.907967,-0.187077)
(-0.113076,0.675574)
(-0.390201,-0.512847)
(-0.650624,-0.0874197)
(0.900277,0.0193114)
(-0.873691,-0.310177)
(0.486244,-0.550405)
(0.282247,-0.115663)
(0.573804,-0.330225)
(-0.698671,0.635745)
(0.398758,-0.526139)
(-0.850768,0.625079)
(-0.36436,0.166409)
(-0.106928,0.516208)
(0.565853,0.586902)
(0.4241,-0.0120253)
(0.420559,-0.639961)
(0.0168564,0.0857172)
(-0.114705,-0.208496)
(-0.537742,-1.04653)
(0.710741,-0.30375)
(-1.15664,0.878782)
(0.945441,-0.245113)
(0.211951,0.279536)
(-0.386848,0.0181273)
(0.336663,-0.252949)
(0.711844,-0.0834539)
(0.50667,-0.0309653)
(0.0503234,0.514817)
(0.451301,1.02397)
(-0.620139,-0.146124)
(0.585217,-0.947696)
(0.593284,-0.15523)
(-0.675542,0.828292)
(0.208253,-0.997865)
(-0.556915,0.126448)
(0.600214,-0.477965)
(-0.807618,0.04749)
(-0.841961,1.09572)
(0.171165,-0.187498)
(-0.420998,-0.456389)
(-1.29701,0.473798)
(0.405628,0.444805)
(0.657894,-0.0955629)
(0.469871,-0.0902936)
(0.651248,0.403877)
(0.034113,-0.1825)
(-0.0924007,-0.274722)
(-0.171591,0.858268)
(0.345936,-0.112282)
(0.506223,0.0571522)
(-0.36794,0.0932275)
(0.67143,0.366666)
(-0.377207,1.21446)
(0.671051,0.159015)
(-0.493021,0.563586)
(-0.0999379,0.998554)
(0.46901,-0.0648947)
(0.299036,0.350699)
(-0.193581,-0.587846)
(-0.0994465,0.482883)
(1.14498,0.325676)
(0.343088,-0.619276)
(0.0263299,-0.206195)
(-0.10386,0.0202869)
(-0.152518,0.673338)
(-0.0257628,1.34685)
(0.446621,-0.604374)
(0.223381,0.271767)
(-0.103942,0.699513)
(1.19937,0.221382)
(-1.19255,-0.190394)
(0.404208,0.383947)
(0.808232,-0.0989804)
(-0.428504,-0.106019)
(0.218838,-0.387015)
(-0.410386,0.325631)
(0.110185,-0.122888)
(-0.17504,-0.821501)
(0.190136,0.70398)
(0.123893,-0.362102)
(-0.800472,-0.496458)
(0.0543779,1.26432)
(0.273879,0.868555)
(0.264045,0.0239838)
(-0.420706,0.00695861)
(-0.39617,-0.0426509)
(-0.211633,-0.231641)
(0.623172,0.505763)
(-0.236536,-0.665157)
(-0.37729,-0.139167)
(0.337221,0.126823)
(-0.63342,-0.0674938)
(0.156701,-0.0172397)
(-0.274819,0.00906153)
(-0.327188,-0.678244)
(0.344371,0.562861)
(0.359322,-0.16785)
(-0.680854,0.132697)
(-1.41803,0.216809)
(0.896997,0.151825)
(-0.241481,0.259067)
(0.981831,-0.730801)
(-0.393819,0.47699)
(0.10361,0.287214)
(0.0288798,-0.216519)
(-0.151598,0.613167)
(-0.311743,0.386415)
(-0.719297,-0.398752)
(0.0339381,0.136001)
(0.227536,-0.23334)
(-0.499329,0.947788)
(-1.06035,0.0142097)
(-0.337356,-0.184871)
(-0.99789,0.025059)
(-0.356259,-0.176996)
(-0.295145,-0.472208)
(0.463233,0.742843)
(1.24893,0.653587)
(-0.263243,0.248069)
(1.00391,0.144883)
(0.256279,-0.126616)
(0.708609,-0.420878)
(1.07675,0.793265)
(0.131479,0.32712)
(-0.340043,-0.310305)
(-0.539151,-0.624517)
(0.124088,-0.319004)
(-0.145656,0.168012)
(-0.815284,0.455017)
(-0.255804,-0.370946)
(-0.423741,1.16024)
(-0.278429,-0.46972)
(-0.54682,-0.0408035)
(0.134952,-0.547585)
(0.238589,-0.272744)
(0.0080695,0.0352787)
(-0.409275,0.193111)
(0.0806433,0.325919)
(-0.0666911,0.124873)
(0.411723,1.15463)
(0.407023,0.57304)
(-1.2528,-0.054863)
(0.582922,0.320963)
(1.06288,-0.549873)
(-0.603186,-0.0636216)
(-0.882619,-0.6815)
(0.0278026,0.516027)
(0.5611,0.678769)
(-0.214643,0.0945292)
(0.631125,-0.00438105)
(0.00144274,0.575595)
(0.386675,-1.12245)
(-1.38885,0.216139)
(-0.0288236,-1.11859)
(0.190332,-0.191785)
(-0.488856,0.18033)
(0.168539,0.35637)
(-1.1414,0.246505)
(-0.917609,-0.190631)
(0.270955,-0.173954)
(0.479681,1.15537)
(0.798611,-0.415)
(-0.785449,-0.178773)
(-0.566556,-0.671845)
(-0.14756,1.19993)
(0.317226,1.23072)
(-0.773958,0.378378)
(0.142878,0.532878)
(0.245557,-0.00394075)
(0.316228,-0.419475)
(-0.0307774,0.59496)
(-0.229513,-0.387831)
(-0.201581,-0.531434)
(0.318375,0.856415)
(0.403882,0.17371)
(-0.320662,-0.51776)
(0.901978,-0.189617)
(0.728412,0.229116)
(-0.929512,0.102876)
(0.869664,0.146295)
(-0.588503,0.359966)
(0.082612,0.0939107)
(-0.226502,-0.495475)
(0.0529304,0.288657)
(0.0356481,-0.23647)
(-0.775199,-1.47361)
(0.482659,-0.0576079)
(0.0620443,0.803648)
(0.335863,-0.0517359)
(0.0479001,-0.215337)
(0.357199,-0.392811)
(-0.403096,0.0869199)
(0.971039,0.317485)
(1.01765,0.126254)
(-0.147175,0.133444)
(0.456791,0.149907)
(-0.697987,-0.735864)
(-0.438287,0.108424)
(-0.215868,0.230923)
(1.13298,-0.163848)
(-0.840515,-0.0455431)
(-0.0435571,0.108908)
(0.106266,-0.991284)
(0.013487,0.281615)
(-0.628592,0.0643346)
(0.904897,-0.0633227)
(0.135962,-0.256668)
(0.746625,0.292824)
(-0.475918,0.258711)
(0.578797,-1.06909)
(-1.00669,1.40383)
(0.999992,-0.765437)
(0.0629597,0.0748446)
(0.610096,0.102153)
(-0.530109,0.85713)
(0.166732,-0.37055)
(0.299894,0.0492382)
(-0.0134574,0.505748)
(-0.227631,0.535648)
(0.899586,-0.082126)
(0.729331,-0.221129)
(0.180455,-0.411373)
(0.496354,0.764412)
(-0.585997,-0.225118)
(-0.522102,0.445719)
(0.404115,1.24309)
(-0.358539,0.677024)
(0.90082,-1.16092)
(-0.62969,0.0947382)
(0.409631,-0.692141)
(-0.851482,1.11838)
(-0.125255,-0.698987)
(-0.164617,0.807092)
(-0.942325,-0.328963)
(0.386941,-0.164226)
(-1.31034,0.170736)
(0.596996,-1.08514)
(0.192951,0.194557)
(-0.335111,-0.0758106)
(-0.14641,-1.55818)
(-0.904913,0.0549693)
(0.279805,1.03683)
(-0.169069,0.0708512)
(-0.417629,0.0640826)
(-0.349157,0.383804)
(0.231402,0.0207286)
(0.579283,0.28462)
(0.350335,0.589794)
(-1.22965,1.29639)
(1.4008,0.0683288)
(-0.615557,-0.239453)
(-0.0696903,-0.0416549)
(0.103053,0.927132)
(-1.48183,0.305985)
(-0.23251,-0.527055)
(0.155671,0.103133)
(-0.0829892,-0.0758928)
(-1.50138,0.554273)
(-0.373776,0.151453)
(-0.375369,-0.397538)
(-0.416827,-0.0452407)
(-0.148702,-0.0679127)
(-0.036272,0.555045)
(0.747975,-0.741895)
(0.250082,-0.328673)
(-0.638319,0.571882)
(1.34176,-0.582672)
(0.0578673,0.133931)
(0.599767,-0.356899)
(0.503339,0.705175)
(-0.474119,-0.768726)
(1.05357,-0.720943)
(0.123788,0.73278)
(-0.645777,-1.0004)
(0.304887,0.980846)
(-0.147442,0.923611)
(0.268703,0.0279118)
(-0.271191,-0.16568)
(-0.570311,-2.06144)
(0.562465,-0.300833)
(0.330717,-0.552036)
(0.0732004,0.227898)
(-0.821399,0.168365)
(0.569444,-0.290629)
(-0.020796,0.446371)
(-1.13596,0.329885)
(0.567821,-1.27273)
(-0.44131,0.837462)
(0.241258,-0.164392)
(1.09517,0.259692)
(-0.661637,-0.77302)
(0.630445,-0.179195)
(-1.80738,0.860997)
(0.583826,-0.974961)
(-0.212327,-0.716042)
(-0.139484,-0.304071)
(0.557762,0.567166)
(-1.32849,0.802396)
(0.702126,-2.17928)
(0.463526,0.611352)
(0.0326603,-0.377533)
(0.212057,0.207179)
(-0.131584,0.102414)
(-0.0770247,-0.182167)
(-0.007434,0.767897)
(0.285938,-0.537528)
(0.25231,0.402806)
(-0.574033,-1.27012)
(0.583033,-0.841075)
(0.189101,1.30295)
(0.241935,0.0963235)
(0.182281,0.866878)
(-0.917148,-0.886862)
(0.659462,-0.161998)
(-0.357954,1.25221)
(-0.2541,-1.08757)
(0.687516,-0.155553)
(-1.51812,0.522622)
(0.28467,-0.768084)
(-0.417252,1.19683)
(-0.229802,-0.124952)
(0.358278,0.086724)
(-1.45222,-0.489004)
(1.12445,-0.697707)
(-1.20626,-0.0349978)
(0.647953,-0.334369)
(-0.454527,1.20461)
(-0.100594,-1.1648)
(0.883466,-1.13491)
(-0.421943,0.42497)
(-0.680751,-0.179555)
(-0.442155,-0.0915761)
(-0.406684,-0.705619)
(0.696548,-0.739706)
(-0.525301,0.766911)
(-0.914835,-0.642216)
(-0.656215,0.838771)
(-0.295518,-0.201189)
(0.166523,-0.0859734)
(-0.309821,0.0944777)
(1.03185,-0.120864)
(-0.0189928,0.3855)
(-0.437906,-0.607277)
(0.435895,-0.713017)
(-0.827653,1.15721)
(-0.0168428,-0.54127)
(-0.456335,-0.109338)
(-0.211904,-0.848564)
(-0.336968,0.239233)
(-1.05248,-0.0588408)
(-0.479343,0.238098)
(-0.29336,-0.18713)
(-0.868566,-0.67088)
(0.719763,0.221818)
(0.0433484,-0.0255381)
(0.384276,-1.64634)
(-0.361156,0.112408)
(0.839711,-0.661346)
(-0.914909,0.865213)
(0.160336,-0.539482)
(0.697148,0.327176)
(-0.0444954,-0.270096)
(-0.884563,-0.772341)
(0.643504,-0.356139)
(-0.198412,0.152903)
(0.584253,-0.432865)
(0.767035,-0.137943)
(0.485197,0.53919)
(-0.120192,0.549299)
(1.01665,0.543797)
(0.875666,0.00103278)
(-0.103404,0.400888)
(0.918479,-0.469765)
(1.06458,0.137829)
(-0.233512,-0.623739)
(1.54913,-0.957431)
(-0.3274,-0.00473221)
(-0.803654,-0.895413)
(-0.0393841,0.774044)
(0.185091,-0.229556)
(0.441617,-0.672231)
(-0.597474,-0.00728261)
(0.0896593,-1.06761)
(-0.534114,0.348619)
(0.772502,-0.512648)
(0.102826,-0.654708)
(-0.189144,-0.593094)
(1.13813,0.418043)
(-0.217781,-0.588271)
(-0.0178043,-0.967357)
(0.114987,-0.878524)
(0.467418,0.0234769)
(0.496532,0.149064)
