---------------------------
f_d = -5000
---------------------------
(0.47188,0.91435)
(0.779423,0.33866)
(1.05967,-0.295723)
(-0.177089,-0.538006)
(-0.801093,0.883324)
(0.226528,-0.708194)
(1.21549,0.179833)
(-0.328702,0.633266)
(0.0698554,-0.0858367)
(-0.500836,0.125505)
(-0.273763,-0.00858271)
(1.12151,0.360831)
(0.766935,1.2923)
(1.05463,0.56402)
(0.123318,-0.797237)
(0.517038,1.02248)
(0.371737,-0.208181)
(0.18025,0.0992679)
(0.00522875,0.244295)
(0.204184,0.0545727)
(0.0915184,0.29762)
(-0.0234847,-0.322633)
(0.633845,-0.222248)
(-0.626172,-0.883774)
(0.834393,-0.743197)
(-0.24354,0.200891)
(-0.863988,0.0980799)
(0.647552,-0.684601)
(-0.173714,-0.372699)
(1.05015,0.0652571)
(0.580518,0.551088)
(0.648839,-0.0183516)
(1.42141,0.282206)
(0.114002,-0.636759)
(0.313591,-0.60194)
(-0.208416,0.132086)
(0.444303,-0.270627)
(0.100135,0.448431)
(-0.255972,0.7994)
(0.234945,-0.581195)
(-0.300862,-0.230034)
(-0.303564,0.233008)
(-0.469351,-0.456729)
(0.186967,0.0456859)
(0.472515,-0.0568209)
(0.40822,-0.0982485)
(0.206859,0.469674)
(-0.26665,0.571496)
(-0.112193,0.306591)
(0.698299,-0.222208)
(0.253716,-0.574395)
(0.150262,-0.43027)
(1.37466,1.12901)
(0.402672,-1.05476)
(0.432326,-0.467596)
(-0.151259,-0.564988)
(-0.88721,-0.334932)
(0.551422,0.954583)
(0.522873,-0.227528)
(-0.104733,0.241322)
(-0.24178,-0.354406)
(0.0213024,-0.868907)
(-0.489283,-0.167315)
(0.298312,0.636196)
(0.0157732,-0.847668)
(0.0976089,0.18297)
(-0.257055,-0.0583534)
(0.0586542,-0.00956857)
(-0.726668,0.79802)
(-0.261457,0.17941)
(-0.210105,-0.813985)
(-0.329492,0.772881)
(-0.360626,-0.70494)
(-0.339895,-0.0952193)
(-0.169422,-0.322826)
(0.0172769,0.275817)
(-0.535662,0.928312)
(0.48155,0.302595)
(0.506888,0.431699)
(-0.0796448,-0.326109)
(-0.236034,-0.00438213)
(-0.950475,0.702575)
(0.155248,-0.0493857)
(-0.264316,-0.117461)
(-0.125527,-1.40421)
(-0.0628229,-0.700514)
(0.0250063,-0.316291)
(0.123114,-0.309656)
(-1.17016,0.266045)
(-1.32567,-0.0405712)
(-0.572113,0.171601)
(-1.1099,-0.0988269)
(1.21567,0.729925)
(-1.03761,0.546589)
(0.0911859,-0.145784)
(0.48484,0.14767)
(0.7399,-0.577398)
(0.783791,0.0229089)
(0.605573,-0.258041)
(0.118123,-0.101843)
(-0.301627,0.0716119)
(-0.311839,0.179365)
(-0.651895,-0.862651)
(-0.687723,-0.654823)
(-0.866656,-0.158607)
(0.367212,-0.517541)
(-0.292695,-0.289878)
(-0.836543,1.02258)
(-0.37822,-0.773932)
(-1.27625,-0.731234)
(0.00475365,-0.909413)
(-0.566826,-0.796798)
(0.14439,0.294667)
(0.73969,-0.331507)
(-0.59479,-0.574753)
(-0.174351,0.623824)
(-0.244218,0.128968)
(-0.154397,-0.842062)
(0.843543,0.351034)
(0.351147,-0.339324)
(0.136151,-0.290659)
(0.15071,0.32726)
(0.0363952,-0.10795)
(0.0946474,0.0551012)
(-0.538684,-0.0946364)
(-0.298109,-0.163274)
(-0.686328,-0.544145)
(0.319301,0.0118845)
(0.379792,0.834774)
(-0.419813,0.266622)
(-0.516488,-1.01193)
(0.54797,0.154406)
(0.930435,0.738413)
(-0.241776,0.265989)
(0.148102,0.767895)
(-0.0198857,-0.409795)
(-0.601407,0.70705)
(1.20179,0.598677)
(0.283716,-0.911753)
(-0.379988,-0.351287)
(-0.973833,-0.246358)
(-0.840408,0.692914)
(0.383674,0.404117)
(-0.227584,0.54269)
(-0.425468,-1.07569)
(0.504912,0.197177)
(0.919888,0.557566)
(-0.686187,1.04637)
(-0.465528,0.0574007)
(-0.0773357,0.192295)
(0.176317,-0.211438)
(-0.376575,-0.36412)
(0.00162883,0.137242)
(-1.25191,1.1475)
(0.481131,0.70862)
(-0.236386,-0.0532851)
(0.683381,0.323885)
(0.260065,-0.0709755)
(0.246382,0.438438)
(0.117162,-0.555215)
(0.512882,-0.680637)
(-0.0255788,-0.636239)
(0.0348496,0.0554133)
(0.84082,0.69866)
(0.176112,-0.26016)
(0.456271,-0.257152)
(-0.680433,0.324906)
(-0.656647,-0.386802)
(0.0829956,0.168231)
(0.0298133,-0.77085)
(1.06766,-2.02742)
(0.178957,2.563)
(-3.38293,-2.11582)
(-2.86779,0.185302)
(-0.748402,0.658717)
(0.207663,-0.161094)
(-0.937788,-1.03791)
(-0.255296,-0.726599)
(0.30295,0.481475)
(-0.957027,-0.716645)
(0.225493,-0.175514)
(0.575473,1.1379)
(-0.0626661,-0.00495577)
(-0.909368,-0.767053)
(-0.372001,-0.692143)
(-1.13899,-0.763625)
(0.319798,-0.357563)
(-0.272453,0.0630872)
(-0.800759,0.058307)
(-0.0484179,0.279952)
(1.22651,0.383148)
(0.247415,-0.854426)
(-0.125969,-0.533263)
(0.286406,0.590014)
(-1.20846,-0.578662)
(1.00896,-0.154895)
(1.04377,-0.468979)
(0.452186,0.301094)
(-0.0111691,-0.457854)
(-1.27341,0.0373207)
(0.643543,0.410134)
(-0.35937,-0.587918)
(-0.570489,1.11109)
(-0.403486,-0.774405)
(-1.02697,-0.245286)
(0.778032,0.649448)
(0.0237455,1.52592)
(0.343898,-0.652685)
(0.517305,0.367398)
(-1.15179,0.897452)
(1.41578,-0.608382)
(0.620409,-0.416454)
(-0.637366,-0.938364)
(-0.0525301,-0.313228)
(-0.149691,0.67555)
(-0.629655,1.05065)
(0.34207,0.556004)
(0.688166,0.158097)
(-0.493869,0.0459148)
(-1.07558,-1.12146)
(0.882772,-0.440572)
(-0.340793,-0.189125)
(-0.153341,-0.190911)
(0.0598357,0.504546)
(0.23331,-0.324834)
(-0.240052,0.428617)
(0.049619,0.102545)
(1.14089,-0.280809)
(-0.0601387,0.0424559)
(0.141016,0.0344483)
(-0.394755,-0.212879)
(-0.311961,0.190831)
(-0.260087,0.560085)
(-0.756271,0.0617087)
(-0.779662,-0.708903)
(-0.517748,1.47518)
(0.0162251,0.207057)
(0.697998,-0.0576294)
(0.477923,-0.368868)
(-0.754851,-0.96861)
(-0.710088,1.02365)
(-0.463912,-0.873042)
(-0.919531,0.270101)
(-0.759149,0.428785)
(0.232119,-0.186092)
(-0.596564,-0.961453)
(-0.535276,-0.647204)
(0.0863439,0.872081)
(0.657472,0.777169)
(-0.327105,-0.0389813)
(0.645184,0.0415498)
(0.302848,-0.208867)
(0.289674,0.148569)
(0.0896141,0.548927)
(-0.231832,0.494691)
(-0.566718,-0.500335)
(0.218107,-0.681012)
(-0.887856,-0.644537)
(-0.693031,-0.0928532)
(0.829243,0.142063)
(-0.356589,-0.487262)
(-0.320788,-0.411171)
(-0.161904,0.900421)
(-0.117904,1.00666)
(1.07775,-0.643232)
(0.490297,0.410878)
(-0.396559,0.159854)
(0.16318,-0.412584)
(1.1398,0.0961808)
(0.366543,-0.45713)
(0.31197,0.679508)
(0.00594298,-0.467009)
(0.0876718,0.0789218)
(-0.516112,0.40915)
(0.225931,0.092809)
(-0.197613,-0.236322)
(0.465569,0.10095)
(-0.445358,-1.04431)
(-0.793814,0.666389)
(0.269756,-0.992594)
(0.363853,-0.227568)
(-0.887704,-0.043803)
(-0.104496,-0.0357112)
(0.871164,-0.456176)
(0.502129,0.58899)
(-0.417374,-0.318697)
(-0.266363,-0.237726)
(-0.597973,-0.768385)
(0.744306,0.0208223)
(0.566869,-0.0361385)
(0.131655,0.480833)
(-0.220577,-0.0660492)
(0.61623,1.26947)
(-0.920071,-0.352617)
(0.27953,-0.498852)
(0.412743,0.271594)
(-0.392942,0.735062)
(0.312294,0.193548)
(-0.0574858,-0.0287365)
(0.523431,-0.344383)
(-0.118335,1.01889)
(-0.904911,-0.188073)
(0.12857,-0.3119)
(-0.221842,-0.405922)
(-0.737413,-0.813589)
(0.130377,0.358467)
(-0.155704,-1.06446)
(0.224484,-0.472497)
(-0.444926,0.204329)
(0.594522,-0.760882)
(-0.00752614,-0.0876472)
(0.526548,0.602599)
(0.591127,-0.268893)
(0.53384,0.152408)
(-0.257137,0.172031)
(0.114295,-0.0562933)
(0.195086,-0.335663)
(-1.07757,1.02937)
(-0.0371711,-0.283055)
(0.631919,1.19833)
(0.0184523,-0.0375993)
(-0.593458,-0.0832618)
(-0.942335,0.545186)
(-0.498593,-0.105463)
(1.0957,0.69287)
(-0.518176,-0.193398)
(1.10796,-0.173965)
(-0.0467606,0.383428)
(-0.20199,0.820042)
(-0.0650545,-1.10758)
(-0.148617,0.016085)
(-0.0550833,-0.376282)
(-0.408248,0.121579)
(-0.411587,-0.112007)
(0.575915,-0.426731)
(-0.324208,-0.784598)
(0.136113,0.158973)
(0.0687179,-0.807576)
(1.11665,1.13591)
(0.00922242,0.0811145)
(-0.253107,1.00754)
(-0.514411,0.59461)
(-0.752417,-0.309456)
(-0.646645,0.192398)
(-0.0409586,0.0179197)
(0.243816,-0.618699)
(-0.662389,-0.610566)
(0.525228,-1.07105)
(-0.556756,0.217452)
(-0.256899,-0.462564)
(-0.199714,0.913128)
(-0.912775,-0.594569)
(0.957864,0.233193)
(-1.10032,0.568515)
(0.314646,0.207199)
(-0.0482032,0.429141)
(0.0693768,0.189248)
(-0.209813,0.174088)
(1.20606,-0.21936)
(-0.328221,-0.539007)
(0.276261,0.469598)
(-0.0781389,0.667895)
(-1.0351,0.420184)
(-1.12099,-0.168411)
(0.573203,0.689663)
(0.263415,0.855448)
(-0.0722258,-0.60343)
(-0.0427041,-0.217273)
(-0.260567,1.08817)
(1.16948,-0.597914)
(-0.729948,0.183197)
(0.541685,-0.0382341)
(-0.235419,0.703762)
(-0.0560321,-0.237383)
(-0.506422,0.38895)
(-0.0328413,0.0219808)
(-0.20586,0.122334)
(-0.354294,0.0941593)
(-0.430789,0.347585)
(-0.632765,0.727548)
(0.30898,0.0602487)
(-0.641629,-0.0915776)
(-0.479129,0.733632)
(-0.241663,-0.82667)
(-0.322852,-0.673267)
(-0.653148,0.730739)
(1.27578,0.257655)
(0.196908,0.0882993)
(0.73997,0.62383)
(0.361038,0.101616)
(0.613526,0.0332187)
(0.163148,0.584815)
(-0.232347,-0.507223)
(0.487781,0.269415)
(-0.604383,-0.939622)
(0.224391,0.445924)
(-0.759035,-0.237333)
(-0.254326,0.359041)
(-0.199002,0.103524)
(0.749191,-0.331011)
---------------------------
f_d = -4000
---------------------------
(0.779416,0.338688)
(1.05966,-0.295689)
(-0.177122,-0.537988)
(-0.801097,0.88329)
(0.226592,-0.708178)
(1.21548,0.179917)
(-0.328754,0.633278)
(0.0698467,-0.0858537)
(-0.500821,0.125489)
(-0.273703,-0.00856331)
(1.12153,0.360919)
(0.766874,1.29237)
(1.05458,0.56402)
(0.123301,-0.797223)
(0.516993,1.0225)
(0.371701,-0.20819)
(0.18022,0.0992632)
(0.00520035,0.244275)
(0.204162,0.0545513)
(0.0914976,0.297579)
(-0.0234715,-0.32267)
(0.633861,-0.222277)
(-0.626119,-0.88381)
(0.834437,-0.743155)
(-0.243566,0.200897)
(-0.863955,0.098037)
(0.647625,-0.684594)
(-0.173646,-0.372648)
(1.05018,0.0653436)
(0.580499,0.551146)
(0.648825,-0.0183025)
(1.42137,0.282267)
(0.113976,-0.636741)
(0.31358,-0.601909)
(-0.208444,0.132117)
(0.444276,-0.270584)
(0.100057,0.448467)
(-0.256035,0.799369)
(0.234928,-0.581231)
(-0.300875,-0.230047)
(-0.303577,0.232972)
(-0.469326,-0.456752)
(0.187001,0.0457037)
(0.472528,-0.0567859)
(0.408199,-0.0981997)
(0.206799,0.469703)
(-0.266706,0.571462)
(-0.112196,0.306547)
(0.698318,-0.222214)
(0.253746,-0.574385)
(0.15028,-0.430209)
(1.37463,1.12904)
(0.402648,-1.05476)
(0.432308,-0.467563)
(-0.151289,-0.564975)
(-0.88722,-0.334925)
(0.55138,0.954614)
(0.52282,-0.22752)
(-0.104789,0.241296)
(-0.241791,-0.354445)
(0.0213107,-0.868917)
(-0.489291,-0.1673)
(0.29829,0.636195)
(0.0157641,-0.847668)
(0.0975741,0.182993)
(-0.257096,-0.0583423)
(0.0585897,-0.00956205)
(-0.726766,0.797992)
(-0.261473,0.179351)
(-0.210101,-0.814014)
(-0.329521,0.772841)
(-0.360625,-0.704987)
(-0.339884,-0.0952247)
(-0.169412,-0.322807)
(0.0172434,0.275841)
(-0.535724,0.928301)
(0.481524,0.302594)
(0.506835,0.431688)
(-0.0796963,-0.326117)
(-0.236088,-0.00442315)
(-0.950531,0.70249)
(0.155238,-0.0494515)
(-0.26429,-0.117554)
(-0.125496,-1.40424)
(-0.0627806,-0.700503)
(0.0250034,-0.316257)
(0.123071,-0.30963)
(-1.17022,0.265994)
(-1.32568,-0.0406518)
(-0.572096,0.171536)
(-1.10984,-0.0988498)
(1.21565,0.729948)
(-1.03763,0.546533)
(0.0912356,-0.145823)
(0.484894,0.147681)
(0.739941,-0.577359)
(0.783784,0.0229666)
(0.605541,-0.258003)
(0.118063,-0.101833)
(-0.301698,0.0715798)
(-0.31188,0.179296)
(-0.651884,-0.862752)
(-0.687708,-0.654858)
(-0.866612,-0.158651)
(0.367249,-0.517538)
(-0.292718,-0.289877)
(-0.836582,1.02249)
(-0.378192,-0.774039)
(-1.27617,-0.73132)
(0.00487653,-0.909428)
(-0.566748,-0.796785)
(0.144452,0.294719)
(0.739715,-0.331474)
(-0.594767,-0.574711)
(-0.174332,0.623844)
(-0.244204,0.128933)
(-0.154312,-0.842022)
(0.84357,0.351115)
(0.351166,-0.339267)
(0.136157,-0.290602)
(0.15068,0.32729)
(0.0363724,-0.107931)
(0.0946266,0.0551039)
(-0.53869,-0.0946518)
(-0.298093,-0.163284)
(-0.686288,-0.54414)
(0.319326,0.0119648)
(0.379737,0.834835)
(-0.419836,0.26658)
(-0.516431,-1.01193)
(0.547993,0.154441)
(0.930375,0.738494)
(-0.241834,0.266005)
(0.148069,0.767889)
(-0.0199139,-0.4098)
(-0.601446,0.707047)
(1.20176,0.598691)
(0.283688,-0.911741)
(-0.380007,-0.351297)
(-0.97385,-0.246371)
(-0.840418,0.692881)
(0.383644,0.404109)
(-0.227622,0.54264)
(-0.425424,-1.07571)
(0.50494,0.197279)
(0.919819,0.557625)
(-0.686296,1.04632)
(-0.465544,0.0573465)
(-0.0773069,0.192257)
(0.1763,-0.21146)
(-0.376562,-0.364129)
(0.00158342,0.137257)
(-1.25196,1.14747)
(0.481128,0.708573)
(-0.236366,-0.0533167)
(0.683377,0.323869)
(0.260069,-0.0709847)
(0.246372,0.438396)
(0.117173,-0.555243)
(0.512926,-0.680613)
(-0.0255648,-0.636223)
(0.0348339,0.0554807)
(0.840762,0.698689)
(0.176054,-0.260144)
(0.456221,-0.25714)
(-0.68053,0.324844)
(-0.656656,-0.386859)
(0.0830042,0.168205)
(0.0298672,-0.770873)
(1.06765,-2.0273)
(0.178709,2.56297)
(-3.38304,-2.11603)
(-2.86771,0.185127)
(-0.748333,0.658634)
(0.207739,-0.161172)
(-0.937692,-1.03797)
(-0.255182,-0.726576)
(0.302968,0.481475)
(-0.956975,-0.716656)
(0.225552,-0.175452)
(0.575418,1.13794)
(-0.0626615,-0.00502103)
(-0.909324,-0.767125)
(-0.371925,-0.692198)
(-1.13888,-0.763645)
(0.319873,-0.357541)
(-0.272427,0.0631173)
(-0.800739,0.0582839)
(-0.0483519,0.279971)
(1.22656,0.383201)
(0.247446,-0.854435)
(-0.125931,-0.533193)
(0.286395,0.590012)
(-1.20842,-0.578708)
(1.00906,-0.154843)
(1.04378,-0.468858)
(0.452108,0.301153)
(-0.0112148,-0.457842)
(-1.27341,0.0373091)
(0.643534,0.410144)
(-0.359407,-0.587914)
(-0.570526,1.11106)
(-0.403461,-0.774446)
(-1.02692,-0.245262)
(0.778025,0.649463)
(0.0236798,1.52591)
(0.343921,-0.652687)
(0.517285,0.367405)
(-1.15181,0.897396)
(1.41583,-0.608378)
(0.62041,-0.416445)
(-0.637343,-0.938363)
(-0.0525046,-0.31316)
(-0.149749,0.675573)
(-0.629733,1.05063)
(0.342056,0.555992)
(0.688098,0.158086)
(-0.493881,0.0458254)
(-1.07553,-1.12151)
(0.882816,-0.440519)
(-0.340773,-0.1891)
(-0.15329,-0.190876)
(0.0598676,0.504536)
(0.233314,-0.324819)
(-0.240091,0.428628)
(0.0496215,0.102554)
(1.14089,-0.280716)
(-0.0601665,0.0424562)
(0.140968,0.0344582)
(-0.394775,-0.212883)
(-0.312029,0.190834)
(-0.260131,0.560088)
(-0.756278,0.0616153)
(-0.779663,-0.70891)
(-0.517765,1.47512)
(0.0162224,0.207012)
(0.698008,-0.0576242)
(0.477917,-0.368885)
(-0.75487,-0.968635)
(-0.710134,1.0236)
(-0.463892,-0.873093)
(-0.919495,0.270053)
(-0.759152,0.428767)
(0.232167,-0.186194)
(-0.59646,-0.961493)
(-0.535207,-0.647162)
(0.086403,0.872175)
(0.657485,0.777159)
(-0.327076,-0.0390106)
(0.645192,0.041531)
(0.30284,-0.208826)
(0.289615,0.148604)
(0.0895538,0.54894)
(-0.231875,0.494641)
(-0.566635,-0.500451)
(0.218134,-0.681097)
(-0.887829,-0.644561)
(-0.692951,-0.0928575)
(0.829296,0.142078)
(-0.356556,-0.487251)
(-0.320785,-0.411135)
(-0.16191,0.900433)
(-0.11792,1.00666)
(1.07776,-0.643183)
(0.490274,0.410944)
(-0.396593,0.159839)
(0.16323,-0.412577)
(1.13984,0.0962374)
(0.36658,-0.457085)
(0.311951,0.67952)
(0.00591606,-0.46707)
(0.0876482,0.0789356)
(-0.516133,0.409114)
(0.225938,0.0927563)
(-0.19762,-0.236337)
(0.465592,0.100932)
(-0.445347,-1.04434)
(-0.793824,0.666325)
(0.269814,-0.992602)
(0.363909,-0.227539)
(-0.887723,-0.0438612)
(-0.104428,-0.0356851)
(0.871228,-0.456099)
(0.502096,0.589044)
(-0.417369,-0.318719)
(-0.266337,-0.237764)
(-0.597894,-0.768401)
(0.744348,0.0209002)
(0.566828,-0.0360317)
(0.131629,0.480852)
(-0.220648,-0.0659939)
(0.616156,1.26946)
(-0.920051,-0.352662)
(0.279549,-0.498842)
(0.412699,0.271649)
(-0.393002,0.735061)
(0.312266,0.193549)
(-0.0575004,-0.0287192)
(0.52343,-0.344363)
(-0.118442,1.01884)
(-0.904941,-0.18816)
(0.128619,-0.311962)
(-0.221781,-0.405991)
(-0.737386,-0.813628)
(0.130428,0.358472)
(-0.155613,-1.06447)
(0.22457,-0.472468)
(-0.444878,0.204366)
(0.594588,-0.760824)
(-0.00750463,-0.0875944)
(0.526518,0.602687)
(0.591143,-0.268846)
(0.533793,0.152473)
(-0.257187,0.172035)
(0.114268,-0.0562839)
(0.195018,-0.335637)
(-1.07763,1.02939)
(-0.0371769,-0.283013)
(0.631873,1.19837)
(0.0183854,-0.0376354)
(-0.593493,-0.0833433)
(-0.942379,0.5451)
(-0.498548,-0.105465)
(1.09569,0.692877)
(-0.518172,-0.193377)
(1.10799,-0.173927)
(-0.0468332,0.383414)
(-0.202038,0.819976)
(-0.0650322,-1.10761)
(-0.148572,0.0160885)
(-0.0550658,-0.376306)
(-0.408263,0.121575)
(-0.411549,-0.112031)
(0.575945,-0.426714)
(-0.324156,-0.784577)
(0.136168,0.158943)
(0.0687409,-0.807494)
(1.11655,1.13601)
(0.00909871,0.0811667)
(-0.253154,1.00755)
(-0.514483,0.594519)
(-0.75239,-0.309572)
(-0.646637,0.192333)
(-0.0408894,0.0178864)
(0.243834,-0.618744)
(-0.662283,-0.610561)
(0.525232,-1.071)
(-0.556764,0.217468)
(-0.256927,-0.462511)
(-0.1997,0.913152)
(-0.912734,-0.594569)
(0.957908,0.233244)
(-1.10036,0.568535)
(0.314647,0.207225)
(-0.048191,0.429187)
(0.0693994,0.189239)
(-0.209799,0.174081)
(1.20609,-0.219334)
(-0.328243,-0.538958)
(0.276256,0.469656)
(-0.078246,0.667868)
(-1.03514,0.42013)
(-1.12091,-0.168456)
(0.573217,0.689664)
(0.26337,0.855421)
(-0.0722329,-0.603461)
(-0.0427194,-0.217172)
(-0.260632,1.08815)
(1.16948,-0.59786)
(-0.729968,0.183182)
(0.541677,-0.0382036)
(-0.23551,0.703761)
(-0.0561064,-0.237406)
(-0.506475,0.38906)
(-0.0328296,0.0219211)
(-0.205849,0.12235)
(-0.354293,0.0940778)
(-0.430793,0.347554)
(-0.632796,0.727464)
(0.308964,0.0602449)
(-0.641614,-0.0916151)
(-0.479165,0.733585)
(-0.241547,-0.826712)
(-0.322754,-0.673234)
(-0.653089,0.730771)
(1.27582,0.257717)
(0.196948,0.0883479)
(0.739933,0.623856)
(0.36101,0.101664)
(0.613541,0.0332397)
(0.163107,0.584782)
(-0.232337,-0.507298)
(0.48769,0.269379)
(-0.604321,-0.939549)
(0.224428,0.445877)
(-0.758999,-0.237355)
(-0.254282,0.358977)
(-0.19897,0.103525)
(0.749228,-0.330963)
(0.471883,0.914408)
---------------------------
f_d = -3000
---------------------------
(1.05966,-0.295698)
(-0.177122,-0.537996)
(-0.801095,0.883285)
(0.226592,-0.708183)
(1.21549,0.179912)
(-0.328755,0.633273)
(0.0698461,-0.0858589)
(-0.500821,0.125482)
(-0.273704,-0.00857231)
(1.12153,0.360911)
(0.766881,1.29236)
(1.05459,0.564013)
(0.123307,-0.797229)
(0.517002,1.0225)
(0.37171,-0.208192)
(0.180229,0.0992669)
(0.0052091,0.244281)
(0.204168,0.0545592)
(0.0914995,0.297586)
(-0.0234725,-0.322664)
(0.633857,-0.222272)
(-0.626124,-0.883803)
(0.834429,-0.743156)
(-0.243576,0.200896)
(-0.863967,0.0980365)
(0.647613,-0.684603)
(-0.173654,-0.372662)
(1.05017,0.0653311)
(0.580499,0.551134)
(0.648827,-0.0183174)
(1.42138,0.282245)
(0.11398,-0.636752)
(0.313588,-0.601924)
(-0.208436,0.132109)
(0.444288,-0.270589)
(0.100067,0.448462)
(-0.256028,0.799366)
(0.234937,-0.581223)
(-0.300872,-0.230047)
(-0.303573,0.232976)
(-0.469325,-0.456749)
(0.187,0.0456992)
(0.472525,-0.0567865)
(0.408207,-0.0982014)
(0.206807,0.469707)
(-0.266703,0.571463)
(-0.11219,0.306547)
(0.698324,-0.222218)
(0.25374,-0.574391)
(0.15028,-0.430215)
(1.37463,1.12904)
(0.402647,-1.05476)
(0.432319,-0.467567)
(-0.151283,-0.564978)
(-0.887213,-0.334926)
(0.551398,0.954613)
(0.522826,-0.227516)
(-0.10478,0.241305)
(-0.241783,-0.354439)
(0.0213175,-0.86891)
(-0.489287,-0.167299)
(0.298304,0.636196)
(0.015778,-0.847656)
(0.0975846,0.182988)
(-0.257079,-0.0583397)
(0.0586179,-0.00956989)
(-0.72675,0.797988)
(-0.261463,0.179344)
(-0.210106,-0.814001)
(-0.329516,0.772854)
(-0.360617,-0.704974)
(-0.33987,-0.0952226)
(-0.16941,-0.32281)
(0.017256,0.275842)
(-0.535708,0.928302)
(0.481535,0.302595)
(0.506846,0.431696)
(-0.0796838,-0.326116)
(-0.236086,-0.00440803)
(-0.950509,0.702511)
(0.155247,-0.0494516)
(-0.264298,-0.117536)
(-0.125492,-1.40423)
(-0.0628048,-0.700502)
(0.0250072,-0.316255)
(0.123056,-0.309628)
(-1.17022,0.266012)
(-1.32567,-0.0406496)
(-0.572095,0.17155)
(-1.10983,-0.0988403)
(1.21566,0.72995)
(-1.03764,0.546538)
(0.0912338,-0.145825)
(0.484893,0.147674)
(0.739938,-0.577371)
(0.783777,0.0229633)
(0.605539,-0.25801)
(0.118077,-0.101827)
(-0.301694,0.0715828)
(-0.311888,0.179295)
(-0.651884,-0.862726)
(-0.687695,-0.654849)
(-0.866635,-0.158627)
(0.367242,-0.517517)
(-0.292721,-0.289863)
(-0.836595,1.02251)
(-0.378192,-0.774032)
(-1.2762,-0.731301)
(0.00485159,-0.909425)
(-0.566752,-0.796769)
(0.144439,0.294714)
(0.739708,-0.331471)
(-0.594778,-0.574724)
(-0.174359,0.623837)
(-0.244204,0.128925)
(-0.15432,-0.842055)
(0.843569,0.351113)
(0.351147,-0.339277)
(0.136148,-0.290603)
(0.150683,0.327278)
(0.0363708,-0.107934)
(0.0946216,0.0551029)
(-0.538694,-0.0946617)
(-0.298098,-0.163296)
(-0.68628,-0.544142)
(0.319338,0.011947)
(0.379722,0.834825)
(-0.419843,0.266547)
(-0.516423,-1.01195)
(0.547991,0.154426)
(0.930432,0.73842)
(-0.241834,0.265987)
(0.148073,0.767888)
(-0.0199128,-0.40981)
(-0.601436,0.707046)
(1.20176,0.59867)
(0.283694,-0.911743)
(-0.38001,-0.3513)
(-0.973841,-0.246373)
(-0.840411,0.692898)
(0.383647,0.404115)
(-0.227599,0.542634)
(-0.425413,-1.07571)
(0.504952,0.197268)
(0.919826,0.557615)
(-0.686284,1.04635)
(-0.465536,0.0573498)
(-0.0773175,0.192262)
(0.176316,-0.211431)
(-0.37656,-0.364126)
(0.00158982,0.137271)
(-1.25196,1.14746)
(0.481126,0.708589)
(-0.236384,-0.053305)
(0.683396,0.323889)
(0.260067,-0.0710027)
(0.246353,0.438409)
(0.117161,-0.555236)
(0.51292,-0.680618)
(-0.0255649,-0.636231)
(0.0348419,0.0554735)
(0.840755,0.698701)
(0.176067,-0.260145)
(0.45622,-0.257124)
(-0.680503,0.324853)
(-0.656642,-0.386865)
(0.0830163,0.168223)
(0.0298556,-0.770848)
(1.06765,-2.02731)
(0.178723,2.563)
(-3.38302,-2.11602)
(-2.86772,0.185149)
(-0.748337,0.658661)
(0.207729,-0.161138)
(-0.937716,-1.03796)
(-0.255228,-0.726581)
(0.302967,0.481482)
(-0.956979,-0.716679)
(0.225544,-0.175458)
(0.575416,1.13796)
(-0.0626911,-0.00502681)
(-0.909331,-0.767113)
(-0.371948,-0.692184)
(-1.13888,-0.763654)
(0.319862,-0.357544)
(-0.272436,0.0630996)
(-0.800755,0.0582869)
(-0.0483587,0.279955)
(1.22655,0.383202)
(0.247412,-0.854433)
(-0.125952,-0.533221)
(0.286377,0.590033)
(-1.20843,-0.578703)
(1.00905,-0.154844)
(1.04379,-0.468875)
(0.452103,0.301164)
(-0.0112134,-0.457878)
(-1.27339,0.0373053)
(0.643546,0.410147)
(-0.359413,-0.587907)
(-0.570525,1.11104)
(-0.403456,-0.774454)
(-1.02692,-0.245265)
(0.778019,0.649479)
(0.0237662,1.52594)
(0.343942,-0.652723)
(0.517298,0.367385)
(-1.1518,0.897396)
(1.41582,-0.608381)
(0.620411,-0.416422)
(-0.637333,-0.938377)
(-0.0524805,-0.313177)
(-0.149739,0.675585)
(-0.62973,1.05064)
(0.342063,0.555977)
(0.68812,0.158103)
(-0.493892,0.045823)
(-1.07551,-1.12148)
(0.882822,-0.440538)
(-0.340795,-0.1891)
(-0.153292,-0.190874)
(0.0598505,0.504564)
(0.233316,-0.324825)
(-0.240085,0.428634)
(0.0496263,0.102557)
(1.14092,-0.280747)
(-0.060163,0.0424784)
(0.140996,0.0344459)
(-0.394778,-0.212886)
(-0.31199,0.190839)
(-0.260129,0.560072)
(-0.75629,0.0616581)
(-0.779641,-0.708905)
(-0.517774,1.47512)
(0.016261,0.207039)
(0.698017,-0.0576259)
(0.477929,-0.368871)
(-0.754863,-0.968638)
(-0.710129,1.02359)
(-0.463898,-0.873072)
(-0.919501,0.270109)
(-0.759147,0.428794)
(0.232123,-0.186158)
(-0.596461,-0.961502)
(-0.535218,-0.647154)
(0.0863433,0.872136)
(0.657456,0.777226)
(-0.327049,-0.038981)
(0.64521,0.0415349)
(0.302832,-0.208851)
(0.289612,0.148609)
(0.0895456,0.548919)
(-0.231878,0.494632)
(-0.566646,-0.500458)
(0.218172,-0.68107)
(-0.887821,-0.644578)
(-0.692995,-0.0928532)
(0.829277,0.142107)
(-0.356574,-0.487226)
(-0.320805,-0.411166)
(-0.161895,0.900422)
(-0.117909,1.00661)
(1.07777,-0.643221)
(0.490275,0.410935)
(-0.396577,0.159821)
(0.163198,-0.412604)
(1.13985,0.096236)
(0.366543,-0.457085)
(0.311957,0.679558)
(0.00591457,-0.467018)
(0.0877289,0.0789032)
(-0.516122,0.409124)
(0.225962,0.0927785)
(-0.197626,-0.236335)
(0.4656,0.100944)
(-0.445337,-1.04431)
(-0.793811,0.666337)
(0.269808,-0.992624)
(0.363919,-0.227539)
(-0.887721,-0.0438531)
(-0.104403,-0.0356868)
(0.8712,-0.456106)
(0.502086,0.589045)
(-0.417385,-0.318741)
(-0.266361,-0.237769)
(-0.597934,-0.768397)
(0.744381,0.0208843)
(0.566837,-0.0360701)
(0.131613,0.480857)
(-0.220625,-0.0660006)
(0.616159,1.26944)
(-0.92003,-0.352667)
(0.279538,-0.498825)
(0.412701,0.271648)
(-0.393002,0.735068)
(0.312301,0.193548)
(-0.0574927,-0.0287492)
(0.523439,-0.34436)
(-0.118424,1.01884)
(-0.904925,-0.188139)
(0.128668,-0.311975)
(-0.221796,-0.405958)
(-0.737371,-0.813649)
(0.130414,0.358466)
(-0.155656,-1.06446)
(0.224536,-0.472424)
(-0.444906,0.204362)
(0.594568,-0.760832)
(-0.00750599,-0.0876041)
(0.526529,0.602656)
(0.591142,-0.268835)
(0.533818,0.152481)
(-0.257157,0.172032)
(0.114273,-0.0562833)
(0.195021,-0.335646)
(-1.07759,1.02936)
(-0.0371762,-0.283028)
(0.631894,1.19835)
(0.0184309,-0.0376043)
(-0.593481,-0.0833172)
(-0.942362,0.545127)
(-0.49855,-0.105489)
(1.09572,0.692892)
(-0.518145,-0.193419)
(1.10797,-0.17397)
(-0.0468291,0.38344)
(-0.202031,0.819962)
(-0.0650401,-1.10759)
(-0.148613,0.0160907)
(-0.0550996,-0.376228)
(-0.408239,0.121591)
(-0.411559,-0.112024)
(0.575939,-0.426722)
(-0.324165,-0.784593)
(0.136187,0.158952)
(0.0686496,-0.807568)
(1.11658,1.13602)
(0.00913397,0.0811529)
(-0.253188,1.00753)
(-0.514489,0.594552)
(-0.752391,-0.309552)
(-0.646604,0.192336)
(-0.0409578,0.0178718)
(0.243802,-0.618705)
(-0.662325,-0.610593)
(0.525264,-1.07099)
(-0.556812,0.217415)
(-0.256906,-0.462524)
(-0.199715,0.913175)
(-0.912694,-0.594588)
(0.957876,0.233238)
(-1.10035,0.56852)
(0.314609,0.207175)
(-0.0482095,0.429178)
(0.0693833,0.189213)
(-0.209771,0.174082)
(1.2061,-0.219369)
(-0.328212,-0.538958)
(0.276241,0.469646)
(-0.0782459,0.66787)
(-1.03512,0.420084)
(-1.12095,-0.168419)
(0.573187,0.689687)
(0.263393,0.855422)
(-0.07222,-0.603472)
(-0.0427047,-0.21722)
(-0.260621,1.08815)
(1.16948,-0.597907)
(-0.72998,0.183182)
(0.541708,-0.0382572)
(-0.235473,0.703789)
(-0.0561747,-0.237409)
(-0.506438,0.388991)
(-0.0328885,0.0219606)
(-0.20582,0.122347)
(-0.35433,0.0941271)
(-0.430786,0.347553)
(-0.632808,0.727526)
(0.30899,0.0602129)
(-0.641645,-0.0916293)
(-0.479139,0.73356)
(-0.241588,-0.826758)
(-0.32274,-0.673208)
(-0.65311,0.730793)
(1.27583,0.257684)
(0.19696,0.0883162)
(0.739958,0.623858)
(0.360982,0.101633)
(0.613553,0.0332198)
(0.163128,0.584806)
(-0.232337,-0.507271)
(0.487753,0.269405)
(-0.604398,-0.939571)
(0.224399,0.445961)
(-0.758969,-0.237384)
(-0.254267,0.359021)
(-0.198939,0.103462)
(0.749188,-0.330969)
(0.471845,0.91439)
(0.7794,0.338637)
---------------------------
f_d = -2000
---------------------------
(-0.177122,-0.537988)
(-0.801095,0.883293)
(0.22659,-0.708178)
(1.21549,0.179914)
(-0.328753,0.633278)
(0.069847,-0.0858533)
(-0.500821,0.125491)
(-0.273706,-0.00856341)
(1.12153,0.360916)
(0.766876,1.29236)
(1.05458,0.56402)
(0.123297,-0.797222)
(0.516995,1.0225)
(0.3717,-0.208192)
(0.180221,0.0992631)
(0.00520031,0.244276)
(0.204164,0.0545545)
(0.0914992,0.297579)
(-0.0234711,-0.322672)
(0.633861,-0.222277)
(-0.626122,-0.883802)
(0.834436,-0.743158)
(-0.243566,0.200894)
(-0.863957,0.0980376)
(0.647621,-0.684597)
(-0.173651,-0.372649)
(1.05017,0.0653429)
(0.580499,0.551148)
(0.648827,-0.0183011)
(1.42138,0.282258)
(0.113975,-0.636739)
(0.313578,-0.601912)
(-0.208438,0.132117)
(0.444276,-0.270585)
(0.100057,0.448467)
(-0.256033,0.799363)
(0.23493,-0.581229)
(-0.300879,-0.230047)
(-0.303576,0.232973)
(-0.469328,-0.456751)
(0.186998,0.0457027)
(0.472523,-0.0567905)
(0.408201,-0.0981986)
(0.206805,0.469708)
(-0.266713,0.571467)
(-0.112198,0.306548)
(0.698323,-0.222219)
(0.253745,-0.574387)
(0.15028,-0.430212)
(1.37463,1.12904)
(0.402635,-1.05476)
(0.432307,-0.467579)
(-0.151295,-0.564965)
(-0.887225,-0.334915)
(0.55138,0.954619)
(0.522814,-0.227514)
(-0.104789,0.241299)
(-0.241791,-0.354446)
(0.0213095,-0.868915)
(-0.489298,-0.167291)
(0.2983,0.636189)
(0.0157704,-0.84765)
(0.0975649,0.183003)
(-0.257089,-0.0583378)
(0.058597,-0.00956978)
(-0.726734,0.798006)
(-0.261465,0.179343)
(-0.210091,-0.814007)
(-0.32952,0.772838)
(-0.360622,-0.704991)
(-0.339882,-0.0952266)
(-0.169418,-0.322802)
(0.0172472,0.27584)
(-0.53572,0.928298)
(0.481528,0.302585)
(0.506831,0.431697)
(-0.0796948,-0.326119)
(-0.23609,-0.00441847)
(-0.950523,0.702493)
(0.155238,-0.0494597)
(-0.264293,-0.11755)
(-0.125493,-1.40424)
(-0.0627895,-0.700503)
(0.0250088,-0.316274)
(0.123063,-0.309625)
(-1.17022,0.265988)
(-1.3257,-0.0406575)
(-0.572081,0.171546)
(-1.10984,-0.0988598)
(1.21567,0.729943)
(-1.03763,0.546525)
(0.0912336,-0.145827)
(0.484897,0.147682)
(0.739939,-0.577358)
(0.783785,0.0229682)
(0.605533,-0.25801)
(0.11807,-0.101829)
(-0.301702,0.0715746)
(-0.311892,0.17929)
(-0.651883,-0.862742)
(-0.687701,-0.654863)
(-0.866621,-0.15864)
(0.367236,-0.517548)
(-0.292723,-0.289869)
(-0.836593,1.0225)
(-0.378193,-0.774039)
(-1.27617,-0.731314)
(0.00486574,-0.909449)
(-0.566737,-0.796777)
(0.144457,0.294721)
(0.739722,-0.331465)
(-0.594774,-0.574705)
(-0.174337,0.62384)
(-0.244197,0.128935)
(-0.154305,-0.842031)
(0.843576,0.351119)
(0.351153,-0.339264)
(0.136157,-0.290598)
(0.150684,0.327286)
(0.03637,-0.107937)
(0.0946312,0.0550963)
(-0.538687,-0.0946499)
(-0.298083,-0.163284)
(-0.686264,-0.544145)
(0.319328,0.0119525)
(0.379724,0.83483)
(-0.419843,0.266561)
(-0.516384,-1.01194)
(0.547989,0.154441)
(0.930425,0.738415)
(-0.241815,0.266006)
(0.148065,0.767876)
(-0.0199076,-0.409798)
(-0.601436,0.707059)
(1.20175,0.598669)
(0.283691,-0.911762)
(-0.380021,-0.351292)
(-0.973832,-0.246382)
(-0.840409,0.692905)
(0.383642,0.404119)
(-0.227613,0.542632)
(-0.425409,-1.07569)
(0.504952,0.197269)
(0.919809,0.557641)
(-0.686302,1.04635)
(-0.465561,0.0573451)
(-0.0773144,0.19226)
(0.176313,-0.211461)
(-0.376573,-0.364124)
(0.00158578,0.137253)
(-1.25195,1.14746)
(0.481126,0.708574)
(-0.236387,-0.0533183)
(0.683404,0.323861)
(0.26007,-0.0709978)
(0.246378,0.438394)
(0.117186,-0.555251)
(0.512932,-0.680629)
(-0.025569,-0.63623)
(0.034847,0.0554747)
(0.84075,0.698693)
(0.176036,-0.260138)
(0.456223,-0.257155)
(-0.680521,0.324845)
(-0.656654,-0.38687)
(0.0830047,0.168225)
(0.0298324,-0.770855)
(1.06759,-2.0274)
(0.178716,2.56298)
(-3.38304,-2.11604)
(-2.86773,0.18513)
(-0.748325,0.658635)
(0.20774,-0.161152)
(-0.937704,-1.03796)
(-0.25519,-0.726594)
(0.302983,0.481474)
(-0.956959,-0.716647)
(0.22556,-0.175458)
(0.575411,1.13795)
(-0.0626947,-0.00502072)
(-0.909319,-0.767124)
(-0.371934,-0.692195)
(-1.13886,-0.763644)
(0.319882,-0.357529)
(-0.272428,0.0631177)
(-0.800736,0.0582941)
(-0.0483385,0.279969)
(1.22656,0.383187)
(0.247446,-0.854419)
(-0.125928,-0.533216)
(0.286404,0.590011)
(-1.20842,-0.578703)
(1.00906,-0.154859)
(1.04379,-0.468875)
(0.452129,0.301186)
(-0.0112483,-0.457855)
(-1.27339,0.0372921)
(0.643548,0.410169)
(-0.359406,-0.587926)
(-0.570555,1.11105)
(-0.403436,-0.774445)
(-1.02691,-0.245262)
(0.778025,0.649469)
(0.023741,1.52593)
(0.343877,-0.652695)
(0.517317,0.367382)
(-1.15179,0.897394)
(1.41583,-0.608361)
(0.6204,-0.41644)
(-0.637355,-0.938365)
(-0.0524769,-0.313172)
(-0.149742,0.675597)
(-0.629719,1.05064)
(0.342042,0.555966)
(0.688126,0.158088)
(-0.493906,0.0458257)
(-1.0755,-1.12152)
(0.882809,-0.440526)
(-0.340791,-0.189083)
(-0.153302,-0.19088)
(0.0598432,0.504566)
(0.233297,-0.324811)
(-0.240085,0.428631)
(0.0496112,0.102542)
(1.14089,-0.280706)
(-0.0601437,0.0425017)
(0.140972,0.0344602)
(-0.394753,-0.212906)
(-0.31201,0.190838)
(-0.260115,0.56008)
(-0.756274,0.0616205)
(-0.779662,-0.708912)
(-0.517776,1.47513)
(0.0162464,0.207015)
(0.697999,-0.0576221)
(0.477924,-0.368886)
(-0.754864,-0.968616)
(-0.710113,1.02359)
(-0.463906,-0.873104)
(-0.919508,0.270057)
(-0.759153,0.42878)
(0.232126,-0.186165)
(-0.596542,-0.961473)
(-0.535192,-0.647148)
(0.0863757,0.872169)
(0.657473,0.777175)
(-0.327106,-0.0389947)
(0.645203,0.0415349)
(0.302845,-0.208847)
(0.289621,0.148587)
(0.0895388,0.548924)
(-0.231875,0.494639)
(-0.566613,-0.500477)
(0.218197,-0.681071)
(-0.887788,-0.644594)
(-0.692975,-0.0928477)
(0.829291,0.14209)
(-0.356557,-0.487234)
(-0.320808,-0.411145)
(-0.161865,0.900412)
(-0.117871,1.00666)
(1.07783,-0.643197)
(0.490282,0.410922)
(-0.396579,0.159821)
(0.163218,-0.412599)
(1.13985,0.0962186)
(0.366544,-0.45706)
(0.311956,0.679545)
(0.00586651,-0.467019)
(0.0876598,0.0788958)
(-0.516109,0.409157)
(0.225941,0.0927865)
(-0.197621,-0.236319)
(0.465593,0.100926)
(-0.445342,-1.04432)
(-0.793816,0.666353)
(0.269823,-0.992594)
(0.363949,-0.227554)
(-0.887703,-0.0438277)
(-0.104393,-0.0356851)
(0.87119,-0.456103)
(0.502086,0.589054)
(-0.41737,-0.318748)
(-0.266348,-0.237759)
(-0.597903,-0.768416)
(0.744387,0.0208516)
(0.566836,-0.0360313)
(0.13163,0.480837)
(-0.220657,-0.0659925)
(0.616142,1.26944)
(-0.920052,-0.3527)
(0.279542,-0.498833)
(0.412717,0.271634)
(-0.39304,0.735057)
(0.312277,0.193536)
(-0.0574937,-0.028699)
(0.523416,-0.344368)
(-0.118432,1.01887)
(-0.904904,-0.18814)
(0.128624,-0.311988)
(-0.221764,-0.405944)
(-0.737374,-0.813665)
(0.130437,0.358473)
(-0.155619,-1.06448)
(0.224551,-0.472443)
(-0.444925,0.204343)
(0.594612,-0.760818)
(-0.00748649,-0.0876106)
(0.526557,0.602662)
(0.591137,-0.268847)
(0.533801,0.152486)
(-0.257188,0.172048)
(0.114255,-0.0562594)
(0.195037,-0.33565)
(-1.07763,1.02937)
(-0.037196,-0.283009)
(0.631843,1.19837)
(0.0183967,-0.0376068)
(-0.593513,-0.083324)
(-0.942362,0.545118)
(-0.498562,-0.105478)
(1.09569,0.692881)
(-0.51818,-0.19339)
(1.10798,-0.173923)
(-0.0467839,0.383431)
(-0.202056,0.819945)
(-0.0650363,-1.10762)
(-0.148637,0.0161127)
(-0.0550834,-0.376275)
(-0.408283,0.121557)
(-0.411563,-0.112042)
(0.575928,-0.426715)
(-0.324171,-0.784578)
(0.13619,0.158981)
(0.0686289,-0.807553)
(1.1167,1.13585)
(0.00910006,0.0811751)
(-0.253196,1.0075)
(-0.514495,0.594529)
(-0.752396,-0.309522)
(-0.646608,0.192317)
(-0.0408804,0.0178734)
(0.243879,-0.618772)
(-0.662315,-0.610611)
(0.525273,-1.07102)
(-0.556808,0.217425)
(-0.256908,-0.462526)
(-0.199717,0.913177)
(-0.912733,-0.59459)
(0.957901,0.233271)
(-1.10035,0.568497)
(0.314667,0.207213)
(-0.0481845,0.42916)
(0.0693975,0.189248)
(-0.209755,0.174058)
(1.2061,-0.21933)
(-0.32826,-0.538973)
(0.27625,0.46967)
(-0.0782496,0.667888)
(-1.03509,0.42011)
(-1.12091,-0.168457)
(0.573198,0.689684)
(0.263398,0.855437)
(-0.0722282,-0.60343)
(-0.0426809,-0.217221)
(-0.260613,1.08816)
(1.1695,-0.597891)
(-0.729948,0.183181)
(0.541684,-0.0382509)
(-0.23549,0.703773)
(-0.0561568,-0.237348)
(-0.506455,0.388938)
(-0.0328332,0.0219595)
(-0.205863,0.122355)
(-0.354279,0.0940829)
(-0.430782,0.347531)
(-0.632764,0.727475)
(0.308958,0.0602152)
(-0.641629,-0.0916369)
(-0.479135,0.733565)
(-0.241555,-0.826704)
(-0.322771,-0.673245)
(-0.653094,0.730793)
(1.2758,0.257731)
(0.196992,0.0883193)
(0.739949,0.623888)
(0.360997,0.101663)
(0.613517,0.0332649)
(0.163128,0.58481)
(-0.232329,-0.507276)
(0.487721,0.26938)
(-0.604357,-0.939566)
(0.224375,0.445902)
(-0.759009,-0.237364)
(-0.254223,0.358982)
(-0.198957,0.103497)
(0.749257,-0.330969)
(0.471881,0.914349)
(0.779412,0.338606)
(1.05966,-0.295737)
---------------------------
f_d = -1000
---------------------------
(-0.801095,0.883292)
(0.226589,-0.708179)
(1.21548,0.179913)
(-0.328753,0.633279)
(0.0698462,-0.0858534)
(-0.500821,0.125491)
(-0.273707,-0.00856286)
(1.12153,0.360915)
(0.766879,1.29236)
(1.05458,0.564019)
(0.123297,-0.797223)
(0.516995,1.0225)
(0.371701,-0.208191)
(0.180221,0.0992647)
(0.00520189,0.244276)
(0.204164,0.054552)
(0.0914998,0.297582)
(-0.0234708,-0.32267)
(0.633861,-0.222279)
(-0.626124,-0.8838)
(0.834434,-0.743163)
(-0.243565,0.200895)
(-0.863956,0.0980362)
(0.647623,-0.684597)
(-0.173651,-0.372649)
(1.05017,0.0653375)
(0.580501,0.551147)
(0.648831,-0.0183032)
(1.42137,0.282261)
(0.113975,-0.636741)
(0.313576,-0.601915)
(-0.208444,0.132116)
(0.444275,-0.270592)
(0.100058,0.448463)
(-0.256036,0.799366)
(0.234929,-0.581224)
(-0.300876,-0.230047)
(-0.303578,0.232973)
(-0.469323,-0.45675)
(0.187001,0.0456984)
(0.472523,-0.0567905)
(0.408205,-0.0982026)
(0.206802,0.469706)
(-0.266707,0.57147)
(-0.112195,0.306546)
(0.698317,-0.222218)
(0.253742,-0.574387)
(0.150285,-0.43021)
(1.37463,1.12904)
(0.402641,-1.05475)
(0.43231,-0.467574)
(-0.151284,-0.564974)
(-0.887228,-0.334919)
(0.551381,0.954614)
(0.522814,-0.227519)
(-0.104793,0.241296)
(-0.241793,-0.354444)
(0.0213097,-0.868917)
(-0.489293,-0.167297)
(0.298298,0.63619)
(0.0157612,-0.847658)
(0.0975641,0.183002)
(-0.257102,-0.0583394)
(0.0585984,-0.00956332)
(-0.726731,0.798003)
(-0.261467,0.179351)
(-0.210104,-0.814001)
(-0.329525,0.772855)
(-0.360619,-0.704989)
(-0.339869,-0.0952288)
(-0.169413,-0.32281)
(0.0172362,0.275839)
(-0.535713,0.928302)
(0.481525,0.302592)
(0.50684,0.431698)
(-0.0797059,-0.326127)
(-0.236099,-0.00441957)
(-0.950522,0.702494)
(0.15525,-0.0494585)
(-0.264286,-0.117552)
(-0.125488,-1.40425)
(-0.0627995,-0.700511)
(0.0250109,-0.316268)
(0.123064,-0.309643)
(-1.17022,0.265983)
(-1.32567,-0.0406496)
(-0.57208,0.171536)
(-1.10983,-0.0988496)
(1.21566,0.729947)
(-1.03763,0.546532)
(0.0912455,-0.145838)
(0.484891,0.147675)
(0.739941,-0.57736)
(0.783774,0.0229677)
(0.60553,-0.258008)
(0.118065,-0.101836)
(-0.301707,0.0715786)
(-0.31188,0.179297)
(-0.651896,-0.862751)
(-0.687699,-0.654871)
(-0.866627,-0.158633)
(0.367244,-0.517546)
(-0.292709,-0.289887)
(-0.836612,1.0225)
(-0.378191,-0.774048)
(-1.27617,-0.731318)
(0.00487281,-0.909433)
(-0.566741,-0.796785)
(0.144455,0.294731)
(0.739714,-0.33146)
(-0.594767,-0.574706)
(-0.174346,0.623846)
(-0.244191,0.128939)
(-0.154313,-0.842048)
(0.843579,0.351115)
(0.351157,-0.339277)
(0.136144,-0.290604)
(0.150676,0.327289)
(0.0363795,-0.107929)
(0.0946366,0.055093)
(-0.538692,-0.0946405)
(-0.298088,-0.163289)
(-0.686277,-0.544146)
(0.319331,0.0119624)
(0.379726,0.834833)
(-0.419843,0.266561)
(-0.516386,-1.01195)
(0.548009,0.154477)
(0.930424,0.738435)
(-0.241813,0.266005)
(0.148101,0.767879)
(-0.0199073,-0.409803)
(-0.601439,0.707047)
(1.20175,0.598679)
(0.283687,-0.911765)
(-0.380007,-0.351295)
(-0.97385,-0.24637)
(-0.840422,0.692903)
(0.383644,0.40412)
(-0.227622,0.542651)
(-0.425403,-1.07572)
(0.504935,0.197271)
(0.919798,0.557638)
(-0.686319,1.04634)
(-0.46555,0.0573547)
(-0.0773182,0.192257)
(0.176311,-0.211453)
(-0.376552,-0.364123)
(0.00158711,0.13726)
(-1.25196,1.14745)
(0.481125,0.708572)
(-0.236374,-0.0533088)
(0.68339,0.323874)
(0.260069,-0.0709772)
(0.246377,0.438409)
(0.117183,-0.555246)
(0.512934,-0.680614)
(-0.025555,-0.636221)
(0.0348371,0.0554624)
(0.840747,0.698699)
(0.17604,-0.260155)
(0.456206,-0.257149)
(-0.680522,0.324864)
(-0.656666,-0.386863)
(0.0830076,0.168217)
(0.0298283,-0.770856)
(1.0676,-2.0274)
(0.178944,2.56295)
(-3.38304,-2.11605)
(-2.86772,0.18512)
(-0.748354,0.658629)
(0.207727,-0.161169)
(-0.937698,-1.03798)
(-0.255205,-0.726584)
(0.302979,0.481487)
(-0.956961,-0.716653)
(0.225538,-0.175449)
(0.575424,1.13795)
(-0.062695,-0.0050246)
(-0.909326,-0.767132)
(-0.371936,-0.692201)
(-1.13887,-0.763672)
(0.319872,-0.357524)
(-0.272422,0.0631221)
(-0.800742,0.0582978)
(-0.048337,0.27996)
(1.22654,0.38321)
(0.247453,-0.854423)
(-0.125937,-0.533208)
(0.286403,0.590019)
(-1.20842,-0.578697)
(1.00905,-0.154834)
(1.04379,-0.46888)
(0.452131,0.301176)
(-0.0112402,-0.457845)
(-1.27341,0.0372853)
(0.64355,0.410171)
(-0.359417,-0.587894)
(-0.570512,1.11106)
(-0.40344,-0.774476)
(-1.02691,-0.245251)
(0.778026,0.649477)
(0.0237504,1.52593)
(0.343896,-0.652699)
(0.517338,0.367364)
(-1.15177,0.897387)
(1.41585,-0.60838)
(0.620383,-0.416449)
(-0.637339,-0.938375)
(-0.0524774,-0.31317)
(-0.149735,0.675589)
(-0.629732,1.05065)
(0.342053,0.556005)
(0.688107,0.158068)
(-0.493884,0.0458195)
(-1.07553,-1.12153)
(0.882812,-0.440522)
(-0.340806,-0.189081)
(-0.153294,-0.190881)
(0.0598523,0.504551)
(0.233331,-0.324835)
(-0.240082,0.428619)
(0.049621,0.102539)
(1.14091,-0.280726)
(-0.0601921,0.0424967)
(0.140966,0.0344824)
(-0.39479,-0.212895)
(-0.311992,0.190853)
(-0.260156,0.560075)
(-0.756274,0.0616614)
(-0.779605,-0.70891)
(-0.517779,1.47514)
(0.0162339,0.207013)
(0.698026,-0.0576288)
(0.477934,-0.36888)
(-0.754858,-0.968626)
(-0.710113,1.02361)
(-0.463889,-0.873064)
(-0.919492,0.27005)
(-0.759153,0.428762)
(0.23213,-0.186154)
(-0.596531,-0.961482)
(-0.535264,-0.64716)
(0.0863687,0.87216)
(0.657461,0.777193)
(-0.327063,-0.0390257)
(0.645203,0.0415353)
(0.302863,-0.208837)
(0.289618,0.148619)
(0.0895442,0.548921)
(-0.231888,0.494655)
(-0.566632,-0.500488)
(0.218187,-0.681055)
(-0.887793,-0.644605)
(-0.692928,-0.0928816)
(0.829251,0.142071)
(-0.356591,-0.487218)
(-0.320821,-0.411132)
(-0.161862,0.900416)
(-0.117849,1.00669)
(1.07771,-0.643261)
(0.490292,0.410924)
(-0.396578,0.159854)
(0.163238,-0.412594)
(1.13986,0.0962343)
(0.366546,-0.457093)
(0.31193,0.679539)
(0.00592208,-0.467015)
(0.0876674,0.0789015)
(-0.516137,0.409113)
(0.225942,0.0927756)
(-0.197641,-0.236324)
(0.465583,0.100932)
(-0.445353,-1.04432)
(-0.793818,0.666344)
(0.269794,-0.992586)
(0.363926,-0.227543)
(-0.887709,-0.0438086)
(-0.10442,-0.0356752)
(0.871207,-0.456084)
(0.502108,0.589016)
(-0.417394,-0.31875)
(-0.266334,-0.237743)
(-0.597891,-0.768395)
(0.7444,0.0209183)
(0.566872,-0.0360445)
(0.131616,0.480839)
(-0.220625,-0.066006)
(0.616108,1.26943)
(-0.920068,-0.352671)
(0.279562,-0.498821)
(0.412723,0.271645)
(-0.393025,0.735077)
(0.312274,0.193507)
(-0.0574971,-0.0287193)
(0.523395,-0.344337)
(-0.118432,1.01884)
(-0.904933,-0.188151)
(0.128642,-0.311968)
(-0.221748,-0.405975)
(-0.737386,-0.813655)
(0.130434,0.358446)
(-0.155632,-1.06444)
(0.224548,-0.472428)
(-0.4449,0.204346)
(0.594629,-0.760822)
(-0.00751831,-0.0875743)
(0.526536,0.602724)
(0.591123,-0.268819)
(0.533791,0.15249)
(-0.257165,0.172053)
(0.114267,-0.0562866)
(0.195013,-0.335646)
(-1.07765,1.02937)
(-0.0371749,-0.283033)
(0.631874,1.19836)
(0.0184062,-0.0376256)
(-0.593495,-0.0833184)
(-0.942372,0.545113)
(-0.49854,-0.105483)
(1.09567,0.692863)
(-0.51815,-0.19341)
(1.10796,-0.173943)
(-0.046798,0.383446)
(-0.202043,0.819989)
(-0.0650099,-1.1076)
(-0.14863,0.0160906)
(-0.0550946,-0.376303)
(-0.408254,0.121568)
(-0.411546,-0.112063)
(0.575962,-0.426715)
(-0.324155,-0.78457)
(0.136181,0.15897)
(0.0685927,-0.807549)
(1.11672,1.13585)
(0.00918272,0.0811564)
(-0.253241,1.00752)
(-0.514456,0.594548)
(-0.752422,-0.309528)
(-0.646617,0.192323)
(-0.0408689,0.0178694)
(0.243858,-0.618742)
(-0.662311,-0.610579)
(0.525291,-1.07101)
(-0.556817,0.21741)
(-0.256893,-0.462523)
(-0.199759,0.913138)
(-0.912726,-0.59458)
(0.957915,0.23329)
(-1.1003,0.56853)
(0.314651,0.207196)
(-0.0481864,0.429167)
(0.0694113,0.189238)
(-0.209787,0.174084)
(1.20611,-0.219323)
(-0.328271,-0.538977)
(0.276249,0.469638)
(-0.0782422,0.667897)
(-1.03512,0.420103)
(-1.12094,-0.168443)
(0.573238,0.689671)
(0.263377,0.855437)
(-0.0722427,-0.603448)
(-0.0427424,-0.21724)
(-0.2606,1.08814)
(1.16947,-0.59788)
(-0.729992,0.183197)
(0.541673,-0.0382333)
(-0.235465,0.703773)
(-0.0561297,-0.237361)
(-0.506483,0.38897)
(-0.0328393,0.0219542)
(-0.205839,0.122361)
(-0.354362,0.0941197)
(-0.430773,0.347572)
(-0.632796,0.727501)
(0.309001,0.0602207)
(-0.641659,-0.0916211)
(-0.479102,0.733562)
(-0.241604,-0.826746)
(-0.322747,-0.673223)
(-0.6531,0.730739)
(1.27584,0.25774)
(0.196942,0.0883386)
(0.739976,0.623899)
(0.361011,0.101658)
(0.613523,0.033274)
(0.163085,0.584774)
(-0.23231,-0.507281)
(0.487723,0.269373)
(-0.604379,-0.939571)
(0.224399,0.445923)
(-0.75901,-0.237419)
(-0.254288,0.359041)
(-0.198909,0.103509)
(0.749238,-0.330982)
(0.471929,0.914374)
(0.779411,0.338674)
(1.05971,-0.295745)
(-0.177117,-0.538012)
---------------------------
f_d = 0
---------------------------
(0.226588,-0.708178)
(1.21549,0.179912)
(-0.328752,0.633279)
(0.0698466,-0.0858533)
(-0.500821,0.125491)
(-0.273707,-0.00856342)
(1.12153,0.360914)
(0.766879,1.29236)
(1.05458,0.564017)
(0.123298,-0.797223)
(0.516999,1.0225)
(0.371698,-0.20819)
(0.180221,0.0992642)
(0.0051999,0.244276)
(0.204165,0.054553)
(0.0915011,0.297581)
(-0.0234731,-0.322666)
(0.63386,-0.222276)
(-0.626121,-0.883801)
(0.834432,-0.743164)
(-0.243565,0.200897)
(-0.863956,0.0980373)
(0.647624,-0.684598)
(-0.17365,-0.372647)
(1.05017,0.0653353)
(0.580503,0.551146)
(0.648827,-0.018304)
(1.42137,0.282263)
(0.113974,-0.636739)
(0.313575,-0.601915)
(-0.208439,0.132115)
(0.444276,-0.270588)
(0.10007,0.448462)
(-0.256037,0.799365)
(0.234928,-0.581224)
(-0.300874,-0.230046)
(-0.303575,0.232975)
(-0.469325,-0.456751)
(0.186998,0.0457048)
(0.472525,-0.0567878)
(0.408204,-0.0982046)
(0.20681,0.469702)
(-0.266708,0.571469)
(-0.112195,0.306548)
(0.698319,-0.222221)
(0.253743,-0.574393)
(0.150286,-0.430213)
(1.37463,1.12905)
(0.402648,-1.05476)
(0.432313,-0.467574)
(-0.151284,-0.564977)
(-0.887222,-0.33492)
(0.551381,0.954617)
(0.522813,-0.227517)
(-0.10479,0.241293)
(-0.241792,-0.35445)
(0.0213092,-0.868917)
(-0.489285,-0.167294)
(0.298306,0.636192)
(0.0157617,-0.847657)
(0.0975794,0.182986)
(-0.257099,-0.0583383)
(0.0585942,-0.00956875)
(-0.726738,0.797996)
(-0.261463,0.179361)
(-0.210114,-0.814008)
(-0.329525,0.772846)
(-0.360621,-0.704988)
(-0.339879,-0.0952276)
(-0.169411,-0.322804)
(0.0172416,0.27585)
(-0.535718,0.928295)
(0.481523,0.302593)
(0.506832,0.431694)
(-0.079704,-0.326115)
(-0.23609,-0.00442172)
(-0.950523,0.702491)
(0.155245,-0.0494566)
(-0.264299,-0.117544)
(-0.125493,-1.40424)
(-0.0627846,-0.700505)
(0.0250157,-0.316276)
(0.123066,-0.309641)
(-1.1702,0.266007)
(-1.32567,-0.0406519)
(-0.572091,0.171545)
(-1.10984,-0.0988562)
(1.21566,0.72995)
(-1.03763,0.546524)
(0.0912457,-0.145825)
(0.484905,0.147676)
(0.739937,-0.577362)
(0.78378,0.0229711)
(0.605524,-0.258009)
(0.118068,-0.101835)
(-0.301698,0.071572)
(-0.311886,0.179287)
(-0.651889,-0.86275)
(-0.687703,-0.654875)
(-0.866627,-0.158636)
(0.367237,-0.517547)
(-0.292708,-0.289869)
(-0.836562,1.02253)
(-0.378191,-0.774052)
(-1.27617,-0.731313)
(0.0048665,-0.909439)
(-0.566738,-0.796776)
(0.144467,0.294719)
(0.739708,-0.331466)
(-0.594765,-0.574704)
(-0.174352,0.623851)
(-0.244193,0.128933)
(-0.154303,-0.842032)
(0.843583,0.351117)
(0.351153,-0.339257)
(0.136156,-0.290607)
(0.150682,0.327291)
(0.0363668,-0.107937)
(0.0946307,0.0551088)
(-0.53868,-0.0946413)
(-0.298099,-0.163284)
(-0.686289,-0.544135)
(0.319333,0.0119556)
(0.379721,0.834828)
(-0.419846,0.266563)
(-0.516386,-1.01195)
(0.547993,0.15447)
(0.930399,0.738473)
(-0.241826,0.266013)
(0.148113,0.767878)
(-0.0199194,-0.409815)
(-0.601442,0.707038)
(1.20175,0.598691)
(0.283684,-0.911769)
(-0.380001,-0.351306)
(-0.973854,-0.246369)
(-0.840422,0.692887)
(0.383644,0.404113)
(-0.227623,0.542642)
(-0.42542,-1.07572)
(0.504932,0.197277)
(0.919801,0.557637)
(-0.686297,1.04633)
(-0.465552,0.0573382)
(-0.0773378,0.192266)
(0.17631,-0.211448)
(-0.376561,-0.364126)
(0.00158789,0.137259)
(-1.25196,1.14747)
(0.481134,0.708564)
(-0.236377,-0.0533158)
(0.683382,0.323867)
(0.260069,-0.0709976)
(0.246354,0.43839)
(0.117181,-0.555236)
(0.512938,-0.680603)
(-0.0255708,-0.63622)
(0.0348255,0.0554789)
(0.84075,0.698687)
(0.176047,-0.26015)
(0.456222,-0.257142)
(-0.680525,0.324847)
(-0.656665,-0.386864)
(0.0829866,0.168219)
(0.029842,-0.770856)
(1.0676,-2.0274)
(0.178943,2.56296)
(-3.38306,-2.11587)
(-2.86771,0.185111)
(-0.748329,0.658641)
(0.20774,-0.161179)
(-0.937687,-1.03796)
(-0.255199,-0.726575)
(0.302965,0.481483)
(-0.956972,-0.71668)
(0.225537,-0.175442)
(0.575408,1.13794)
(-0.0626794,-0.00502718)
(-0.909335,-0.767125)
(-0.371936,-0.69219)
(-1.13888,-0.763663)
(0.319889,-0.35753)
(-0.272432,0.0631141)
(-0.800742,0.0582877)
(-0.048348,0.279974)
(1.22656,0.383211)
(0.247436,-0.854431)
(-0.125934,-0.533215)
(0.286399,0.590032)
(-1.20843,-0.578691)
(1.00908,-0.154855)
(1.04378,-0.468869)
(0.452148,0.301165)
(-0.0112209,-0.457847)
(-1.27341,0.0373116)
(0.643554,0.410136)
(-0.359414,-0.587899)
(-0.570533,1.11106)
(-0.403468,-0.774437)
(-1.02691,-0.245261)
(0.778033,0.649462)
(0.0237376,1.52594)
(0.343884,-0.652701)
(0.517289,0.367356)
(-1.15176,0.897484)
(1.41587,-0.608376)
(0.620415,-0.416425)
(-0.637344,-0.938349)
(-0.0524796,-0.31317)
(-0.149749,0.675608)
(-0.629721,1.05065)
(0.342063,0.555985)
(0.688079,0.15811)
(-0.493884,0.0458208)
(-1.07549,-1.12148)
(0.882843,-0.440565)
(-0.340794,-0.189087)
(-0.15331,-0.190892)
(0.0598647,0.504588)
(0.233328,-0.324829)
(-0.24008,0.428659)
(0.0496298,0.102538)
(1.1409,-0.2807)
(-0.0601503,0.0425)
(0.14096,0.0344639)
(-0.394784,-0.21289)
(-0.31203,0.190834)
(-0.260124,0.560091)
(-0.756296,0.061634)
(-0.779642,-0.708893)
(-0.517751,1.47519)
(0.0162297,0.207009)
(0.697997,-0.057638)
(0.477937,-0.368879)
(-0.75487,-0.968626)
(-0.710124,1.02362)
(-0.463924,-0.873076)
(-0.919514,0.270064)
(-0.759127,0.428748)
(0.232136,-0.18618)
(-0.596526,-0.961478)
(-0.535267,-0.647173)
(0.0863514,0.872115)
(0.657478,0.777169)
(-0.327091,-0.0389985)
(0.64524,0.041533)
(0.302848,-0.208823)
(0.289623,0.1486)
(0.0895302,0.548906)
(-0.23187,0.494642)
(-0.566641,-0.500491)
(0.218181,-0.68107)
(-0.8878,-0.644619)
(-0.692937,-0.0928954)
(0.829275,0.142149)
(-0.356558,-0.487264)
(-0.320811,-0.411164)
(-0.161863,0.900405)
(-0.117875,1.00669)
(1.0777,-0.64326)
(0.49032,0.410911)
(-0.396552,0.159865)
(0.163222,-0.412606)
(1.13985,0.096253)
(0.366574,-0.45707)
(0.311969,0.679523)
(0.00589102,-0.467034)
(0.0876451,0.0789157)
(-0.516134,0.409121)
(0.225944,0.0927496)
(-0.197584,-0.236323)
(0.465574,0.100904)
(-0.445343,-1.04434)
(-0.793836,0.666335)
(0.269823,-0.992581)
(0.363889,-0.227541)
(-0.887702,-0.0438204)
(-0.104422,-0.03569)
(0.871207,-0.456082)
(0.502085,0.589037)
(-0.417355,-0.318709)
(-0.266327,-0.237764)
(-0.597909,-0.76839)
(0.74436,0.0208942)
(0.566843,-0.0360263)
(0.131627,0.480876)
(-0.220628,-0.0659919)
(0.616162,1.26944)
(-0.920049,-0.352699)
(0.279575,-0.498846)
(0.412705,0.271665)
(-0.393008,0.735094)
(0.312261,0.193506)
(-0.0574847,-0.0287383)
(0.523423,-0.344349)
(-0.118431,1.01885)
(-0.904907,-0.188142)
(0.128629,-0.311964)
(-0.2218,-0.405976)
(-0.737375,-0.813644)
(0.130453,0.358459)
(-0.155625,-1.06443)
(0.224557,-0.47245)
(-0.444921,0.204372)
(0.594613,-0.760837)
(-0.00752594,-0.0875508)
(0.526514,0.602683)
(0.591085,-0.268847)
(0.533802,0.152474)
(-0.257164,0.172036)
(0.114243,-0.0562733)
(0.195007,-0.335649)
(-1.07763,1.02934)
(-0.0371869,-0.283023)
(0.631849,1.19837)
(0.0184001,-0.0376305)
(-0.593522,-0.0833075)
(-0.942379,0.545095)
(-0.498534,-0.105493)
(1.09568,0.692896)
(-0.51817,-0.193426)
(1.10793,-0.173929)
(-0.0467972,0.383425)
(-0.202045,0.819982)
(-0.0650434,-1.1076)
(-0.148642,0.0161004)
(-0.0550896,-0.376303)
(-0.408247,0.121572)
(-0.411571,-0.112051)
(0.575956,-0.426713)
(-0.324163,-0.784585)
(0.136159,0.158978)
(0.068604,-0.807575)
(1.11672,1.13585)
(0.00918116,0.0811518)
(-0.253063,1.00756)
(-0.514464,0.594532)
(-0.752425,-0.309539)
(-0.646611,0.192301)
(-0.0408872,0.0178767)
(0.243867,-0.61874)
(-0.662268,-0.610591)
(0.525286,-1.07103)
(-0.556814,0.217443)
(-0.256903,-0.462546)
(-0.199704,0.913156)
(-0.912731,-0.594597)
(0.95792,0.233304)
(-1.10035,0.568556)
(0.314638,0.207226)
(-0.0481946,0.429144)
(0.0694296,0.189232)
(-0.209807,0.174056)
(1.20609,-0.219335)
(-0.328245,-0.538955)
(0.276266,0.469656)
(-0.0782361,0.667889)
(-1.03511,0.420124)
(-1.12092,-0.168435)
(0.573227,0.68967)
(0.263412,0.855433)
(-0.0722405,-0.603452)
(-0.0426945,-0.217226)
(-0.260624,1.08815)
(1.16953,-0.59788)
(-0.729974,0.18318)
(0.541694,-0.0382071)
(-0.235485,0.703761)
(-0.0561326,-0.237406)
(-0.506484,0.388955)
(-0.0328825,0.0219641)
(-0.205856,0.122284)
(-0.354311,0.0941174)
(-0.430821,0.347494)
(-0.632766,0.727498)
(0.308983,0.0601944)
(-0.641589,-0.0916395)
(-0.479169,0.733519)
(-0.241551,-0.826723)
(-0.32278,-0.673256)
(-0.653102,0.730786)
(1.27583,0.257691)
(0.196927,0.0883648)
(0.73994,0.623884)
(0.361027,0.101681)
(0.613545,0.0332591)
(0.163073,0.584766)
(-0.232331,-0.5073)
(0.487752,0.269402)
(-0.604355,-0.939593)
(0.22439,0.44588)
(-0.759,-0.237359)
(-0.254237,0.358998)
(-0.198957,0.103486)
(0.749237,-0.330907)
(0.471899,0.91439)
(0.779458,0.33869)
(1.05965,-0.295745)
(-0.177085,-0.537977)
(-0.801046,0.883333)
---------------------------
f_d = 1000
---------------------------
(1.21549,0.17991)
(-0.328751,0.633279)
(0.0698463,-0.0858534)
(-0.500821,0.125492)
(-0.273708,-0.00856308)
(1.12153,0.360912)
(0.766879,1.29236)
(1.05458,0.564018)
(0.123296,-0.797223)
(0.516998,1.0225)
(0.371698,-0.208192)
(0.180221,0.0992635)
(0.00520163,0.244276)
(0.204164,0.0545521)
(0.0915024,0.297582)
(-0.0234723,-0.322665)
(0.63386,-0.22228)
(-0.626122,-0.883803)
(0.834432,-0.743163)
(-0.243563,0.200895)
(-0.863958,0.098042)
(0.647624,-0.684599)
(-0.173649,-0.372649)
(1.05017,0.0653367)
(0.580501,0.551146)
(0.648827,-0.0183045)
(1.42137,0.282258)
(0.113974,-0.636739)
(0.313576,-0.601915)
(-0.208438,0.132113)
(0.444276,-0.270591)
(0.100064,0.448461)
(-0.256023,0.799373)
(0.234931,-0.581227)
(-0.300879,-0.230049)
(-0.303578,0.232973)
(-0.469328,-0.45675)
(0.186998,0.0457004)
(0.472519,-0.0567921)
(0.408202,-0.0982046)
(0.206811,0.469705)
(-0.266699,0.571476)
(-0.112198,0.306548)
(0.698319,-0.222216)
(0.253743,-0.574387)
(0.150283,-0.43021)
(1.37463,1.12905)
(0.402643,-1.05476)
(0.432314,-0.467571)
(-0.151288,-0.564974)
(-0.887219,-0.334916)
(0.551396,0.954612)
(0.522814,-0.227516)
(-0.10479,0.241295)
(-0.241794,-0.354447)
(0.0213131,-0.868916)
(-0.489293,-0.167295)
(0.298303,0.636194)
(0.01576,-0.847656)
(0.097569,0.18299)
(-0.25709,-0.0583407)
(0.0585982,-0.00956381)
(-0.726743,0.797988)
(-0.261469,0.179358)
(-0.21012,-0.814002)
(-0.329498,0.772858)
(-0.360617,-0.704985)
(-0.339871,-0.0952246)
(-0.169415,-0.32281)
(0.017246,0.275844)
(-0.535728,0.928295)
(0.481522,0.302585)
(0.506833,0.431689)
(-0.0797007,-0.326133)
(-0.236098,-0.00442781)
(-0.950528,0.702496)
(0.15524,-0.0494552)
(-0.264295,-0.117544)
(-0.125491,-1.40425)
(-0.0627916,-0.700511)
(0.0250151,-0.316268)
(0.123068,-0.309638)
(-1.1702,0.266005)
(-1.32568,-0.0406235)
(-0.572091,0.171547)
(-1.10984,-0.0988515)
(1.21567,0.729942)
(-1.03763,0.546532)
(0.0912363,-0.145834)
(0.484904,0.147677)
(0.739953,-0.577361)
(0.78378,0.0229623)
(0.605532,-0.258006)
(0.118058,-0.101833)
(-0.3017,0.0715734)
(-0.311878,0.179297)
(-0.651896,-0.862747)
(-0.687701,-0.654871)
(-0.866616,-0.158644)
(0.367242,-0.517553)
(-0.292722,-0.289881)
(-0.836574,1.02253)
(-0.378209,-0.774017)
(-1.27617,-0.731332)
(0.00486252,-0.90944)
(-0.566732,-0.796783)
(0.144462,0.294717)
(0.739722,-0.331459)
(-0.594762,-0.574708)
(-0.174347,0.623847)
(-0.244202,0.128934)
(-0.154313,-0.842037)
(0.843576,0.351126)
(0.351154,-0.339263)
(0.136153,-0.290608)
(0.150689,0.327295)
(0.03637,-0.107933)
(0.0946286,0.0550977)
(-0.538693,-0.0946386)
(-0.298094,-0.163281)
(-0.686306,-0.544138)
(0.319335,0.0119484)
(0.379733,0.834835)
(-0.419833,0.266556)
(-0.516388,-1.01195)
(0.548004,0.154476)
(0.930406,0.738448)
(-0.241834,0.266007)
(0.148096,0.767872)
(-0.0199184,-0.409801)
(-0.6014,0.707067)
(1.20175,0.598679)
(0.283683,-0.911755)
(-0.380002,-0.351294)
(-0.973844,-0.246371)
(-0.84042,0.692882)
(0.383642,0.404114)
(-0.227617,0.542637)
(-0.425418,-1.0757)
(0.504949,0.197269)
(0.919817,0.557624)
(-0.686305,1.04632)
(-0.465552,0.0573444)
(-0.0773336,0.19225)
(0.176303,-0.211462)
(-0.376565,-0.364131)
(0.00159033,0.137259)
(-1.25194,1.14747)
(0.481125,0.708569)
(-0.236362,-0.0533115)
(0.683403,0.323875)
(0.260073,-0.0709832)
(0.246367,0.438403)
(0.117209,-0.555253)
(0.512931,-0.680606)
(-0.0255726,-0.636225)
(0.0348376,0.055472)
(0.840755,0.698687)
(0.176066,-0.260157)
(0.456216,-0.257134)
(-0.680521,0.324834)
(-0.656673,-0.386879)
(0.0830053,0.168202)
(0.029845,-0.77086)
(1.06759,-2.02739)
(0.178935,2.56296)
(-3.38306,-2.11586)
(-2.86773,0.18523)
(-0.748336,0.658637)
(0.207734,-0.161167)
(-0.937683,-1.03798)
(-0.255209,-0.726585)
(0.302987,0.481474)
(-0.956964,-0.716664)
(0.225562,-0.175457)
(0.575402,1.13795)
(-0.0626924,-0.00501236)
(-0.909319,-0.767129)
(-0.371932,-0.692193)
(-1.13888,-0.763658)
(0.319879,-0.357521)
(-0.272423,0.0630923)
(-0.800752,0.0583085)
(-0.0483362,0.279968)
(1.22655,0.383199)
(0.247446,-0.854422)
(-0.125941,-0.533226)
(0.286408,0.590015)
(-1.20843,-0.578697)
(1.00906,-0.154853)
(1.04377,-0.46887)
(0.452139,0.301167)
(-0.0112089,-0.457835)
(-1.27341,0.0373158)
(0.643543,0.410141)
(-0.359404,-0.587908)
(-0.570548,1.11105)
(-0.403458,-0.774444)
(-1.02691,-0.245272)
(0.778017,0.64945)
(0.0237646,1.52595)
(0.343886,-0.652695)
(0.517316,0.367377)
(-1.15176,0.897447)
(1.41577,-0.608403)
(0.620433,-0.416393)
(-0.637337,-0.938359)
(-0.0525167,-0.313173)
(-0.149755,0.675608)
(-0.629742,1.05064)
(0.342054,0.556013)
(0.688108,0.158089)
(-0.493908,0.0458002)
(-1.07551,-1.12152)
(0.882787,-0.44052)
(-0.340768,-0.18909)
(-0.153303,-0.190884)
(0.0598749,0.504571)
(0.233296,-0.324804)
(-0.240083,0.428636)
(0.0496154,0.102536)
(1.14091,-0.280725)
(-0.060173,0.0424693)
(0.140965,0.034475)
(-0.394799,-0.21289)
(-0.312009,0.190836)
(-0.260127,0.560054)
(-0.756279,0.0616477)
(-0.779628,-0.708929)
(-0.517788,1.47516)
(0.0162209,0.207053)
(0.698002,-0.0576149)
(0.477926,-0.368895)
(-0.754875,-0.968627)
(-0.710127,1.02359)
(-0.463922,-0.873097)
(-0.919511,0.270052)
(-0.759161,0.428762)
(0.232182,-0.186171)
(-0.59652,-0.961459)
(-0.535277,-0.647157)
(0.0863718,0.872115)
(0.657486,0.777143)
(-0.327059,-0.0389765)
(0.645226,0.0415318)
(0.302848,-0.208839)
(0.289598,0.1486)
(0.0895388,0.548939)
(-0.23185,0.494627)
(-0.566635,-0.500486)
(0.218184,-0.681099)
(-0.887778,-0.644616)
(-0.69292,-0.0928665)
(0.829283,0.142115)
(-0.356551,-0.487262)
(-0.32082,-0.41115)
(-0.161873,0.900403)
(-0.117854,1.00671)
(1.07768,-0.643268)
(0.49033,0.410905)
(-0.396583,0.159902)
(0.163214,-0.412577)
(1.13986,0.0962497)
(0.366552,-0.457086)
(0.311969,0.67955)
(0.00591226,-0.467009)
(0.087645,0.0789125)
(-0.516123,0.409099)
(0.225926,0.0927587)
(-0.197568,-0.236347)
(0.465597,0.100973)
(-0.44534,-1.04433)
(-0.793823,0.666329)
(0.269837,-0.992617)
(0.363891,-0.227537)
(-0.887714,-0.043857)
(-0.104428,-0.0356692)
(0.871232,-0.456107)
(0.502078,0.589045)
(-0.417374,-0.318739)
(-0.266334,-0.237761)
(-0.59791,-0.768394)
(0.744377,0.0208978)
(0.56685,-0.0360658)
(0.131609,0.480845)
(-0.220613,-0.0659805)
(0.616158,1.26946)
(-0.920056,-0.35266)
(0.279564,-0.49884)
(0.412694,0.271663)
(-0.393021,0.735047)
(0.312241,0.19352)
(-0.0574615,-0.0287176)
(0.523422,-0.344345)
(-0.118448,1.01885)
(-0.904948,-0.188128)
(0.128628,-0.31195)
(-0.221801,-0.405953)
(-0.73737,-0.813638)
(0.130437,0.35846)
(-0.155615,-1.06444)
(0.224541,-0.47245)
(-0.444898,0.204364)
(0.594592,-0.760844)
(-0.00749107,-0.0875857)
(0.526511,0.602665)
(0.591142,-0.268852)
(0.533786,0.152464)
(-0.257154,0.172066)
(0.114275,-0.0562624)
(0.195027,-0.335639)
(-1.0776,1.02935)
(-0.0371766,-0.283051)
(0.631878,1.19835)
(0.0183888,-0.0376326)
(-0.593495,-0.0833191)
(-0.942377,0.545091)
(-0.49852,-0.105513)
(1.09571,0.692876)
(-0.518188,-0.193425)
(1.108,-0.173944)
(-0.0468075,0.383409)
(-0.202069,0.819974)
(-0.0650537,-1.10758)
(-0.148626,0.016105)
(-0.0550822,-0.376309)
(-0.408246,0.121577)
(-0.411581,-0.112038)
(0.575956,-0.426724)
(-0.32419,-0.78455)
(0.136192,0.158974)
(0.0686217,-0.807562)
(1.11672,1.13584)
(0.00915845,0.0811471)
(-0.253044,1.00755)
(-0.514411,0.594636)
(-0.752407,-0.309545)
(-0.646614,0.192293)
(-0.040882,0.0178447)
(0.243858,-0.618717)
(-0.662301,-0.610593)
(0.525278,-1.071)
(-0.556803,0.217437)
(-0.256905,-0.462501)
(-0.199704,0.91314)
(-0.912721,-0.594559)
(0.957892,0.233244)
(-1.10036,0.56855)
(0.314633,0.207243)
(-0.0481775,0.429197)
(0.0694038,0.189233)
(-0.20976,0.174089)
(1.20609,-0.219353)
(-0.328233,-0.53895)
(0.276251,0.469663)
(-0.0782334,0.667909)
(-1.03512,0.420094)
(-1.12096,-0.168434)
(0.573221,0.689683)
(0.263375,0.855449)
(-0.0722048,-0.603438)
(-0.0427396,-0.217218)
(-0.260632,1.08817)
(1.16948,-0.597916)
(-0.729963,0.183203)
(0.541662,-0.0382228)
(-0.235491,0.703762)
(-0.0561275,-0.237428)
(-0.506429,0.38899)
(-0.0328626,0.021944)
(-0.205877,0.12235)
(-0.354286,0.0940861)
(-0.430785,0.347572)
(-0.63276,0.727456)
(0.308992,0.0602347)
(-0.64161,-0.0916151)
(-0.479093,0.733602)
(-0.241581,-0.826779)
(-0.322783,-0.67322)
(-0.653078,0.730745)
(1.2758,0.257723)
(0.196975,0.0883103)
(0.739947,0.62389)
(0.361003,0.101648)
(0.613551,0.033268)
(0.163125,0.584844)
(-0.232321,-0.50732)
(0.487727,0.269384)
(-0.604363,-0.93956)
(0.224413,0.445912)
(-0.758955,-0.237373)
(-0.254299,0.359007)
(-0.198937,0.103518)
(0.749257,-0.330976)
(0.471896,0.914381)
(0.779434,0.338693)
(1.0597,-0.295712)
(-0.177111,-0.53798)
(-0.801069,0.883285)
(0.226512,-0.708179)
---------------------------
f_d = 2000
---------------------------
(-0.32875,0.633279)
(0.0698463,-0.0858534)
(-0.500821,0.125492)
(-0.273709,-0.00856294)
(1.12153,0.36091)
(0.766882,1.29236)
(1.05458,0.564018)
(0.123296,-0.797223)
(0.517002,1.0225)
(0.3717,-0.208191)
(0.180223,0.0992635)
(0.00520101,0.244277)
(0.204163,0.0545536)
(0.0915007,0.297581)
(-0.0234731,-0.322665)
(0.633859,-0.222279)
(-0.626125,-0.883795)
(0.834433,-0.743162)
(-0.243564,0.200894)
(-0.863955,0.0980436)
(0.647618,-0.684601)
(-0.17365,-0.372646)
(1.05017,0.0653363)
(0.580502,0.551147)
(0.648828,-0.0183061)
(1.42138,0.282253)
(0.11398,-0.636743)
(0.313577,-0.601915)
(-0.20844,0.132114)
(0.444279,-0.270591)
(0.100066,0.448459)
(-0.256031,0.799369)
(0.234927,-0.581222)
(-0.300878,-0.230047)
(-0.303579,0.232973)
(-0.469325,-0.456752)
(0.186997,0.0457009)
(0.472523,-0.0567917)
(0.408205,-0.0982065)
(0.206812,0.469703)
(-0.266702,0.571477)
(-0.112197,0.306554)
(0.698319,-0.222219)
(0.253743,-0.574386)
(0.150282,-0.430215)
(1.37463,1.12904)
(0.402643,-1.05476)
(0.432316,-0.46757)
(-0.151286,-0.564974)
(-0.887224,-0.33492)
(0.551393,0.954613)
(0.522822,-0.227519)
(-0.104791,0.241296)
(-0.241794,-0.354444)
(0.0213144,-0.868923)
(-0.48929,-0.167291)
(0.298301,0.636189)
(0.0157638,-0.84765)
(0.0975779,0.182993)
(-0.257092,-0.0583466)
(0.0586079,-0.00957259)
(-0.726753,0.797996)
(-0.261468,0.179353)
(-0.210109,-0.814006)
(-0.329504,0.772855)
(-0.360634,-0.704982)
(-0.339882,-0.0952231)
(-0.169412,-0.322795)
(0.0172464,0.275838)
(-0.535713,0.928299)
(0.481525,0.302584)
(0.506838,0.431693)
(-0.0796965,-0.326114)
(-0.236086,-0.00441999)
(-0.950516,0.702492)
(0.155244,-0.0494686)
(-0.264294,-0.117558)
(-0.125494,-1.40425)
(-0.0627849,-0.700502)
(0.0250101,-0.316268)
(0.123066,-0.309634)
(-1.1702,0.266007)
(-1.32568,-0.0406266)
(-0.572088,0.171547)
(-1.10984,-0.0988617)
(1.21566,0.729948)
(-1.03763,0.546529)
(0.0912443,-0.145835)
(0.484896,0.147675)
(0.739948,-0.577351)
(0.783784,0.0229703)
(0.605528,-0.258013)
(0.118067,-0.101832)
(-0.301705,0.0715627)
(-0.311883,0.179302)
(-0.651892,-0.86274)
(-0.687702,-0.654874)
(-0.866618,-0.158642)
(0.367242,-0.517546)
(-0.29271,-0.289885)
(-0.836562,1.02252)
(-0.378211,-0.774026)
(-1.2762,-0.731287)
(0.00487572,-0.909438)
(-0.566734,-0.796793)
(0.144457,0.294719)
(0.739721,-0.331459)
(-0.594777,-0.574709)
(-0.174343,0.623849)
(-0.2442,0.128947)
(-0.154319,-0.842037)
(0.843578,0.351118)
(0.351166,-0.339256)
(0.136146,-0.290601)
(0.15069,0.32729)
(0.0363751,-0.107932)
(0.0946313,0.0550972)
(-0.538695,-0.094654)
(-0.2981,-0.16329)
(-0.686295,-0.544145)
(0.319318,0.0119227)
(0.379744,0.834831)
(-0.419841,0.266563)
(-0.516378,-1.01194)
(0.548002,0.154485)
(0.930406,0.738464)
(-0.241833,0.266005)
(0.148081,0.767872)
(-0.0199105,-0.409813)
(-0.60141,0.707072)
(1.20179,0.598655)
(0.283689,-0.911757)
(-0.380013,-0.351302)
(-0.973864,-0.246361)
(-0.840417,0.692887)
(0.383655,0.404121)
(-0.227612,0.542633)
(-0.425402,-1.0757)
(0.504933,0.197271)
(0.919808,0.557655)
(-0.686306,1.04634)
(-0.465539,0.0573438)
(-0.0773259,0.192255)
(0.176323,-0.211465)
(-0.376561,-0.364121)
(0.00158853,0.137255)
(-1.25196,1.14747)
(0.481123,0.708579)
(-0.236382,-0.0533144)
(0.683388,0.323888)
(0.260051,-0.070982)
(0.246358,0.438398)
(0.117176,-0.555247)
(0.512934,-0.680595)
(-0.0255803,-0.636216)
(0.0348315,0.0554625)
(0.840747,0.6987)
(0.17605,-0.26015)
(0.456207,-0.257138)
(-0.680532,0.324843)
(-0.65665,-0.386879)
(0.0830056,0.168192)
(0.029833,-0.770852)
(1.06758,-2.02739)
(0.178948,2.56297)
(-3.38307,-2.11587)
(-2.86773,0.185236)
(-0.748354,0.658667)
(0.207744,-0.161179)
(-0.937699,-1.03796)
(-0.255202,-0.72657)
(0.302996,0.481475)
(-0.956972,-0.716645)
(0.225537,-0.175441)
(0.575414,1.13796)
(-0.0626858,-0.00503133)
(-0.909334,-0.767126)
(-0.371925,-0.692189)
(-1.13889,-0.763669)
(0.319867,-0.357541)
(-0.272426,0.063113)
(-0.800718,0.0582775)
(-0.0483416,0.279969)
(1.22655,0.383213)
(0.247438,-0.854428)
(-0.125938,-0.533212)
(0.286398,0.590011)
(-1.2084,-0.578705)
(1.00905,-0.154842)
(1.04379,-0.468863)
(0.452135,0.301142)
(-0.0112292,-0.457839)
(-1.27339,0.0373132)
(0.643543,0.410139)
(-0.359406,-0.587916)
(-0.570528,1.11105)
(-0.403463,-0.774472)
(-1.02694,-0.245266)
(0.778031,0.649466)
(0.0237484,1.52591)
(0.343873,-0.652677)
(0.517299,0.367375)
(-1.15179,0.897472)
(1.4158,-0.60842)
(0.620415,-0.416446)
(-0.637345,-0.93836)
(-0.0524843,-0.313155)
(-0.149754,0.675573)
(-0.629734,1.05064)
(0.342039,0.555985)
(0.6881,0.158069)
(-0.493876,0.0458321)
(-1.07551,-1.12152)
(0.882816,-0.440523)
(-0.340812,-0.189098)
(-0.153262,-0.190871)
(0.0598612,0.504572)
(0.233294,-0.324799)
(-0.240089,0.428625)
(0.0496223,0.102541)
(1.14091,-0.280727)
(-0.0601639,0.0424906)
(0.140981,0.0344678)
(-0.39481,-0.212879)
(-0.312025,0.190838)
(-0.260131,0.560068)
(-0.756291,0.0616306)
(-0.779644,-0.708887)
(-0.517779,1.47516)
(0.0162469,0.20704)
(0.697984,-0.0576004)
(0.477915,-0.368909)
(-0.754854,-0.968644)
(-0.710131,1.02361)
(-0.463882,-0.873083)
(-0.919513,0.270049)
(-0.759157,0.428767)
(0.232144,-0.186176)
(-0.596513,-0.961436)
(-0.535271,-0.647175)
(0.0863587,0.872116)
(0.657495,0.777155)
(-0.327085,-0.0389981)
(0.645216,0.0415248)
(0.302852,-0.208839)
(0.28963,0.148611)
(0.0895375,0.54892)
(-0.231858,0.494635)
(-0.566642,-0.500466)
(0.218191,-0.68108)
(-0.887752,-0.644613)
(-0.692927,-0.092888)
(0.8293,0.142141)
(-0.356538,-0.487263)
(-0.32079,-0.411132)
(-0.161868,0.9004)
(-0.117874,1.00668)
(1.07766,-0.643255)
(0.49034,0.410879)
(-0.396569,0.159906)
(0.163123,-0.412601)
(1.13984,0.0962463)
(0.366537,-0.457066)
(0.311963,0.679542)
(0.00591199,-0.466997)
(0.0876619,0.0788908)
(-0.516146,0.409084)
(0.225954,0.0927799)
(-0.197587,-0.236347)
(0.465605,0.100989)
(-0.445357,-1.04431)
(-0.79381,0.666344)
(0.26983,-0.99258)
(0.363907,-0.227539)
(-0.887696,-0.0438437)
(-0.104418,-0.0356797)
(0.871223,-0.456087)
(0.502084,0.589056)
(-0.417373,-0.318751)
(-0.266337,-0.237764)
(-0.597887,-0.768383)
(0.744382,0.0208979)
(0.566859,-0.0360152)
(0.13164,0.480859)
(-0.220629,-0.0659834)
(0.61611,1.26948)
(-0.920076,-0.352661)
(0.279559,-0.498844)
(0.41269,0.271657)
(-0.393031,0.735044)
(0.312294,0.193544)
(-0.0574512,-0.0287313)
(0.523419,-0.344331)
(-0.118413,1.01885)
(-0.904936,-0.18814)
(0.128622,-0.31198)
(-0.221763,-0.405993)
(-0.737383,-0.813636)
(0.130458,0.358437)
(-0.155606,-1.06443)
(0.224561,-0.472447)
(-0.444895,0.20436)
(0.594583,-0.760806)
(-0.00749519,-0.0875933)
(0.526549,0.602684)
(0.591115,-0.268842)
(0.533775,0.15251)
(-0.257186,0.172035)
(0.114239,-0.0562852)
(0.195004,-0.335629)
(-1.07765,1.02937)
(-0.0371354,-0.283013)
(0.631901,1.19835)
(0.0184119,-0.0376427)
(-0.593492,-0.0833054)
(-0.94237,0.545116)
(-0.498529,-0.105494)
(1.09571,0.692916)
(-0.518175,-0.193392)
(1.10798,-0.173929)
(-0.0468172,0.383419)
(-0.202052,0.819958)
(-0.0650373,-1.1076)
(-0.14864,0.0160965)
(-0.0550722,-0.376272)
(-0.408253,0.121584)
(-0.4116,-0.112062)
(0.575954,-0.426724)
(-0.324158,-0.784583)
(0.136146,0.158961)
(0.0686135,-0.807558)
(1.11671,1.13585)
(0.00918734,0.0811511)
(-0.253047,1.00752)
(-0.514381,0.594636)
(-0.752425,-0.30948)
(-0.646619,0.192326)
(-0.0408891,0.0178731)
(0.243859,-0.618735)
(-0.662317,-0.610561)
(0.525309,-1.07102)
(-0.55677,0.21744)
(-0.256914,-0.46254)
(-0.199735,0.913159)
(-0.912723,-0.59459)
(0.957926,0.23328)
(-1.10037,0.56852)
(0.314624,0.207241)
(-0.0482332,0.429174)
(0.0693848,0.189263)
(-0.209771,0.17407)
(1.2061,-0.2193)
(-0.328215,-0.538983)
(0.276214,0.469658)
(-0.0782491,0.667897)
(-1.03515,0.420131)
(-1.12094,-0.168429)
(0.57321,0.689668)
(0.263373,0.85545)
(-0.0722028,-0.603456)
(-0.0426711,-0.217198)
(-0.260628,1.08813)
(1.16949,-0.59789)
(-0.729963,0.183169)
(0.541702,-0.0382031)
(-0.235479,0.703734)
(-0.0561168,-0.237398)
(-0.506414,0.388981)
(-0.0328478,0.0219436)
(-0.205868,0.122323)
(-0.354331,0.0940802)
(-0.430763,0.347566)
(-0.632782,0.727493)
(0.308998,0.0602019)
(-0.641637,-0.0916234)
(-0.479118,0.733577)
(-0.241592,-0.826714)
(-0.322724,-0.673286)
(-0.653079,0.730768)
(1.2758,0.257704)
(0.196952,0.0883286)
(0.73997,0.623873)
(0.360982,0.10167)
(0.613522,0.033305)
(0.163113,0.584837)
(-0.232352,-0.507234)
(0.487774,0.26939)
(-0.604365,-0.939573)
(0.224393,0.445926)
(-0.758983,-0.237397)
(-0.254286,0.359017)
(-0.19891,0.103475)
(0.749244,-0.330953)
(0.471897,0.914409)
(0.779452,0.338659)
(1.05967,-0.295714)
(-0.177109,-0.537976)
(-0.801059,0.883314)
(0.226611,-0.70816)
(1.21543,0.179822)
---------------------------
f_d = 3000
---------------------------
(0.0698473,-0.0858476)
(-0.50082,0.125499)
(-0.27371,-0.00855478)
(1.12152,0.360918)
(0.766878,1.29237)
(1.05458,0.564026)
(0.123286,-0.797216)
(0.516991,1.0225)
(0.37169,-0.20819)
(0.180213,0.0992614)
(0.0051959,0.244273)
(0.204158,0.0545472)
(0.0915014,0.297575)
(-0.0234712,-0.322673)
(0.633864,-0.222284)
(-0.626121,-0.883802)
(0.834435,-0.74317)
(-0.243555,0.200896)
(-0.863946,0.0980441)
(0.647626,-0.684592)
(-0.173646,-0.37264)
(1.05018,0.0653467)
(0.580505,0.551161)
(0.648824,-0.0182917)
(1.42137,0.282268)
(0.113971,-0.636726)
(0.313572,-0.601899)
(-0.20845,0.132124)
(0.444265,-0.270587)
(0.100055,0.448461)
(-0.256034,0.799367)
(0.23492,-0.58123)
(-0.30088,-0.230047)
(-0.30358,0.232969)
(-0.469325,-0.456751)
(0.187,0.0457054)
(0.472521,-0.0567899)
(0.408201,-0.0981982)
(0.206808,0.469707)
(-0.266708,0.571477)
(-0.112202,0.306555)
(0.698314,-0.222219)
(0.25374,-0.574384)
(0.150281,-0.430208)
(1.37463,1.12905)
(0.40264,-1.05475)
(0.432306,-0.467561)
(-0.151299,-0.564967)
(-0.887232,-0.334914)
(0.551386,0.954611)
(0.522808,-0.227513)
(-0.104791,0.241304)
(-0.241802,-0.35444)
(0.0213049,-0.868918)
(-0.489295,-0.167297)
(0.298292,0.63619)
(0.0157551,-0.84765)
(0.0975635,0.183001)
(-0.257104,-0.0583337)
(0.0585907,-0.00957386)
(-0.726741,0.798002)
(-0.261479,0.17934)
(-0.210115,-0.814014)
(-0.329513,0.772843)
(-0.360641,-0.704986)
(-0.339874,-0.0952229)
(-0.169419,-0.322804)
(0.0172323,0.275847)
(-0.53572,0.928296)
(0.481511,0.302593)
(0.506817,0.431685)
(-0.0797104,-0.326137)
(-0.236106,-0.00443331)
(-0.950532,0.702478)
(0.155241,-0.049469)
(-0.264293,-0.117555)
(-0.125486,-1.40426)
(-0.0627896,-0.700514)
(0.0250063,-0.316272)
(0.123065,-0.30965)
(-1.1702,0.266002)
(-1.32568,-0.040624)
(-0.572088,0.171546)
(-1.10986,-0.0988334)
(1.21567,0.729941)
(-1.03763,0.546521)
(0.0912563,-0.145832)
(0.484913,0.147681)
(0.73994,-0.577364)
(0.783774,0.0229756)
(0.605527,-0.258004)
(0.118061,-0.101839)
(-0.301713,0.0715726)
(-0.311878,0.17927)
(-0.651903,-0.862762)
(-0.687706,-0.654883)
(-0.866616,-0.158656)
(0.367248,-0.517556)
(-0.292704,-0.289889)
(-0.836547,1.02252)
(-0.378194,-0.774038)
(-1.27619,-0.731298)
(0.00485572,-0.909452)
(-0.566714,-0.79678)
(0.144483,0.29472)
(0.739735,-0.331449)
(-0.594756,-0.574695)
(-0.17434,0.62385)
(-0.244194,0.128962)
(-0.15431,-0.842038)
(0.843573,0.35112)
(0.35116,-0.339256)
(0.136142,-0.290593)
(0.150686,0.327296)
(0.0363708,-0.107919)
(0.0946363,0.0551106)
(-0.538697,-0.0946476)
(-0.298079,-0.163289)
(-0.686297,-0.544144)
(0.319338,0.0119432)
(0.379752,0.834811)
(-0.419841,0.26659)
(-0.516384,-1.01193)
(0.548001,0.154492)
(0.930393,0.738456)
(-0.241839,0.266024)
(0.148085,0.76787)
(-0.0199133,-0.409795)
(-0.601416,0.707086)
(1.20177,0.598638)
(0.283666,-0.911748)
(-0.38001,-0.35131)
(-0.973854,-0.246366)
(-0.840421,0.692868)
(0.383664,0.404119)
(-0.227629,0.542647)
(-0.42541,-1.07571)
(0.50492,0.197284)
(0.919804,0.557622)
(-0.686339,1.04634)
(-0.465568,0.0573381)
(-0.077327,0.192256)
(0.176304,-0.211468)
(-0.376556,-0.364123)
(0.0015768,0.137241)
(-1.25196,1.14746)
(0.481116,0.708566)
(-0.236388,-0.0533317)
(0.683397,0.323862)
(0.260059,-0.0710017)
(0.246365,0.438386)
(0.117182,-0.555254)
(0.512941,-0.680632)
(-0.0255614,-0.636221)
(0.0348326,0.0554637)
(0.840756,0.69869)
(0.176042,-0.26015)
(0.456196,-0.257138)
(-0.680525,0.324835)
(-0.656678,-0.386892)
(0.0829985,0.168217)
(0.0298311,-0.770854)
(1.06758,-2.02742)
(0.178923,2.56293)
(-3.38308,-2.11589)
(-2.86773,0.185201)
(-0.748341,0.658637)
(0.207727,-0.161183)
(-0.937665,-1.03799)
(-0.255177,-0.726596)
(0.302993,0.481466)
(-0.95697,-0.716646)
(0.225543,-0.175462)
(0.575407,1.13794)
(-0.0626949,-0.00504569)
(-0.909325,-0.767127)
(-0.371925,-0.692205)
(-1.13885,-0.763663)
(0.319905,-0.357532)
(-0.2724,0.0631056)
(-0.800725,0.0582879)
(-0.0483049,0.279983)
(1.22656,0.383219)
(0.247469,-0.854438)
(-0.125921,-0.533192)
(0.286407,0.590041)
(-1.20841,-0.5787)
(1.00907,-0.154819)
(1.04378,-0.468854)
(0.452126,0.301174)
(-0.0112098,-0.457821)
(-1.2734,0.0373159)
(0.64355,0.410187)
(-0.359397,-0.587894)
(-0.570531,1.11106)
(-0.403444,-0.774448)
(-1.02692,-0.245277)
(0.778048,0.649445)
(0.0237425,1.52593)
(0.343904,-0.652707)
(0.517303,0.367363)
(-1.15179,0.897454)
(1.41578,-0.608427)
(0.620421,-0.416451)
(-0.637381,-0.938333)
(-0.0524804,-0.313129)
(-0.149771,0.675606)
(-0.629735,1.05061)
(0.342045,0.555995)
(0.688108,0.158072)
(-0.493898,0.0458116)
(-1.0755,-1.12152)
(0.882837,-0.440542)
(-0.340798,-0.189112)
(-0.153302,-0.190912)
(0.0598527,0.504609)
(0.233326,-0.324818)
(-0.240093,0.42861)
(0.0496109,0.102555)
(1.14091,-0.280724)
(-0.0601628,0.0424894)
(0.140949,0.034469)
(-0.394793,-0.212874)
(-0.312024,0.190816)
(-0.260159,0.560075)
(-0.756291,0.0616393)
(-0.779639,-0.708913)
(-0.517778,1.47514)
(0.0162479,0.207023)
(0.698013,-0.0576294)
(0.477901,-0.368894)
(-0.75487,-0.968643)
(-0.710105,1.02359)
(-0.463898,-0.873106)
(-0.919488,0.270062)
(-0.75913,0.428768)
(0.232151,-0.186199)
(-0.596503,-0.961465)
(-0.535263,-0.64714)
(0.086393,0.872124)
(0.657494,0.77715)
(-0.327094,-0.0389747)
(0.645214,0.0415116)
(0.302838,-0.208829)
(0.289639,0.148614)
(0.0895388,0.548914)
(-0.231874,0.494641)
(-0.56663,-0.500455)
(0.2182,-0.681091)
(-0.887782,-0.644614)
(-0.692917,-0.0928504)
(0.82933,0.142142)
(-0.356528,-0.48724)
(-0.32073,-0.411132)
(-0.161881,0.900413)
(-0.11786,1.00666)
(1.07768,-0.643244)
(0.490313,0.410891)
(-0.396562,0.159919)
(0.163138,-0.412563)
(1.13982,0.0961401)
(0.366551,-0.45707)
(0.311936,0.679531)
(0.00591766,-0.467009)
(0.0876472,0.0789263)
(-0.516131,0.409115)
(0.225968,0.0927438)
(-0.197589,-0.236334)
(0.465598,0.100952)
(-0.445353,-1.04433)
(-0.793813,0.666344)
(0.269828,-0.992609)
(0.363904,-0.22754)
(-0.887709,-0.0438473)
(-0.104404,-0.0356582)
(0.871223,-0.456099)
(0.502068,0.589026)
(-0.41738,-0.318743)
(-0.266328,-0.237727)
(-0.597877,-0.768377)
(0.744351,0.0209162)
(0.566822,-0.0360364)
(0.13162,0.480872)
(-0.220641,-0.0659784)
(0.616147,1.26945)
(-0.920106,-0.352707)
(0.279542,-0.498857)
(0.41271,0.271659)
(-0.39303,0.735038)
(0.312281,0.193535)
(-0.0575021,-0.0287077)
(0.523383,-0.344314)
(-0.118435,1.01885)
(-0.904951,-0.188134)
(0.128626,-0.311974)
(-0.22176,-0.405987)
(-0.737354,-0.813631)
(0.130429,0.358445)
(-0.155589,-1.06444)
(0.224551,-0.472426)
(-0.444876,0.204412)
(0.594587,-0.760805)
(-0.00751081,-0.0875818)
(0.526526,0.602682)
(0.591135,-0.268811)
(0.533789,0.152477)
(-0.257194,0.172021)
(0.114272,-0.0562926)
(0.195021,-0.335642)
(-1.07766,1.02937)
(-0.0371987,-0.283047)
(0.631831,1.19838)
(0.0184214,-0.0376197)
(-0.59351,-0.0833024)
(-0.942381,0.54508)
(-0.498522,-0.105496)
(1.09568,0.692864)
(-0.518179,-0.193394)
(1.10796,-0.173927)
(-0.0468336,0.383409)
(-0.202052,0.819972)
(-0.0650171,-1.10761)
(-0.148611,0.0160767)
(-0.0550911,-0.376303)
(-0.408236,0.121555)
(-0.411552,-0.11205)
(0.575987,-0.42673)
(-0.324169,-0.784574)
(0.136181,0.158967)
(0.0686009,-0.807562)
(1.11671,1.13586)
(0.00914934,0.0811592)
(-0.253056,1.00753)
(-0.514387,0.594625)
(-0.752429,-0.309441)
(-0.64661,0.192408)
(-0.0408983,0.017883)
(0.243873,-0.618753)
(-0.662271,-0.610587)
(0.525286,-1.07102)
(-0.55678,0.217429)
(-0.256876,-0.462522)
(-0.199732,0.913166)
(-0.912723,-0.594592)
(0.957891,0.23325)
(-1.10037,0.568546)
(0.31463,0.207196)
(-0.048208,0.429191)
(0.0693782,0.189251)
(-0.209783,0.174072)
(1.20613,-0.219343)
(-0.328238,-0.538953)
(0.276245,0.469658)
(-0.0782581,0.667884)
(-1.03513,0.420076)
(-1.12099,-0.168469)
(0.573207,0.689659)
(0.263417,0.85545)
(-0.0722093,-0.603458)
(-0.0427154,-0.217228)
(-0.260638,1.08819)
(1.16947,-0.597896)
(-0.729993,0.183178)
(0.541701,-0.0382403)
(-0.235499,0.703782)
(-0.0561252,-0.237375)
(-0.506462,0.388999)
(-0.0328473,0.021975)
(-0.205843,0.122357)
(-0.354318,0.0940893)
(-0.430796,0.347533)
(-0.632773,0.727472)
(0.308992,0.0602147)
(-0.641583,-0.0916325)
(-0.479136,0.733547)
(-0.241581,-0.826736)
(-0.322739,-0.673234)
(-0.653061,0.730758)
(1.27583,0.257744)
(0.196951,0.0883021)
(0.739948,0.623899)
(0.361039,0.101664)
(0.613537,0.0332938)
(0.163077,0.584808)
(-0.232343,-0.507256)
(0.487667,0.269374)
(-0.604338,-0.939558)
(0.224402,0.44591)
(-0.758985,-0.237378)
(-0.25424,0.359028)
(-0.198911,0.103523)
(0.74925,-0.330937)
(0.471875,0.914403)
(0.779402,0.338686)
(1.05965,-0.295701)
(-0.17713,-0.537993)
(-0.801058,0.883351)
(0.226556,-0.708193)
(1.21549,0.179896)
(-0.328698,0.633247)
---------------------------
f_d = 4000
---------------------------
(-0.500821,0.125492)
(-0.27371,-0.00856281)
(1.12153,0.360908)
(0.766883,1.29236)
(1.05458,0.564017)
(0.123295,-0.797222)
(0.517002,1.0225)
(0.3717,-0.208191)
(0.180223,0.099264)
(0.00520236,0.244277)
(0.204164,0.0545529)
(0.091501,0.297582)
(-0.0234745,-0.322665)
(0.633859,-0.22228)
(-0.626125,-0.883797)
(0.834429,-0.743168)
(-0.243562,0.200896)
(-0.863957,0.0980404)
(0.647618,-0.6846)
(-0.173653,-0.372648)
(1.05017,0.0653314)
(0.580506,0.551145)
(0.648825,-0.018304)
(1.42138,0.282254)
(0.113974,-0.636739)
(0.313577,-0.601914)
(-0.20844,0.132118)
(0.444277,-0.270591)
(0.100067,0.44846)
(-0.256022,0.799368)
(0.23493,-0.581225)
(-0.300874,-0.230048)
(-0.303572,0.232979)
(-0.469322,-0.456753)
(0.186998,0.0457024)
(0.472522,-0.0567892)
(0.408206,-0.098206)
(0.206811,0.469701)
(-0.266705,0.571474)
(-0.112197,0.306549)
(0.698314,-0.222221)
(0.25374,-0.574386)
(0.150283,-0.430213)
(1.37463,1.12905)
(0.402644,-1.05476)
(0.432312,-0.467571)
(-0.15129,-0.564973)
(-0.887217,-0.334919)
(0.551393,0.954607)
(0.522822,-0.22752)
(-0.104785,0.241304)
(-0.24179,-0.354438)
(0.0213089,-0.868917)
(-0.489293,-0.167298)
(0.298305,0.63619)
(0.0157633,-0.847659)
(0.0975744,0.182988)
(-0.257098,-0.058335)
(0.0586031,-0.00957104)
(-0.726729,0.798002)
(-0.261465,0.179361)
(-0.210108,-0.814005)
(-0.329515,0.77285)
(-0.360625,-0.704979)
(-0.339881,-0.095225)
(-0.169423,-0.322806)
(0.0172388,0.275841)
(-0.535726,0.9283)
(0.481526,0.302592)
(0.506837,0.431696)
(-0.0796946,-0.326129)
(-0.236091,-0.00442244)
(-0.950527,0.702491)
(0.155243,-0.0494649)
(-0.264302,-0.117554)
(-0.125489,-1.40424)
(-0.0627829,-0.7005)
(0.025007,-0.316272)
(0.123074,-0.309643)
(-1.1702,0.266005)
(-1.32568,-0.0406296)
(-0.572106,0.171548)
(-1.10987,-0.0988322)
(1.21566,0.729915)
(-1.03764,0.546524)
(0.0912389,-0.14583)
(0.484896,0.147681)
(0.739941,-0.577356)
(0.783789,0.0229569)
(0.605525,-0.258002)
(0.118071,-0.101829)
(-0.301699,0.071573)
(-0.311891,0.179291)
(-0.651893,-0.862743)
(-0.687704,-0.65487)
(-0.866621,-0.158636)
(0.367247,-0.517561)
(-0.292711,-0.289874)
(-0.836571,1.02253)
(-0.378207,-0.774018)
(-1.2762,-0.731284)
(0.0048376,-0.909451)
(-0.566765,-0.796789)
(0.144453,0.294729)
(0.739729,-0.33146)
(-0.594773,-0.574707)
(-0.17434,0.623847)
(-0.244201,0.128931)
(-0.154314,-0.842033)
(0.843575,0.351115)
(0.351158,-0.339282)
(0.136159,-0.290599)
(0.150674,0.327298)
(0.0363805,-0.107945)
(0.0946313,0.0551019)
(-0.538689,-0.0946373)
(-0.298085,-0.163289)
(-0.686285,-0.544135)
(0.319342,0.0119417)
(0.379738,0.83482)
(-0.419819,0.266573)
(-0.51643,-1.01193)
(0.547992,0.154468)
(0.930403,0.738457)
(-0.241826,0.266018)
(0.148064,0.767892)
(-0.0198971,-0.409806)
(-0.601426,0.707066)
(1.20177,0.598655)
(0.283689,-0.911755)
(-0.379996,-0.351298)
(-0.973845,-0.24637)
(-0.840431,0.692868)
(0.383663,0.404123)
(-0.227622,0.542653)
(-0.425422,-1.07572)
(0.504932,0.197275)
(0.919814,0.557621)
(-0.686304,1.04634)
(-0.465561,0.0573342)
(-0.0773228,0.19225)
(0.176311,-0.211457)
(-0.376561,-0.36412)
(0.00157651,0.137259)
(-1.25195,1.14745)
(0.481125,0.70857)
(-0.23637,-0.0533159)
(0.683411,0.323883)
(0.260065,-0.0709821)
(0.246373,0.438399)
(0.117181,-0.55525)
(0.512935,-0.680609)
(-0.0255699,-0.636201)
(0.0348392,0.0554816)
(0.840758,0.698709)
(0.176062,-0.260135)
(0.456219,-0.257137)
(-0.68053,0.324829)
(-0.656661,-0.38686)
(0.0830124,0.168199)
(0.0298369,-0.770847)
(1.06758,-2.0274)
(0.178933,2.56296)
(-3.38306,-2.11587)
(-2.86774,0.185236)
(-0.748364,0.658674)
(0.207707,-0.161137)
(-0.937757,-1.03792)
(-0.255202,-0.726582)
(0.302971,0.481504)
(-0.956972,-0.716659)
(0.225546,-0.175464)
(0.575402,1.13795)
(-0.0626836,-0.0050259)
(-0.909329,-0.767123)
(-0.371936,-0.6922)
(-1.13889,-0.763652)
(0.319881,-0.357516)
(-0.272439,0.0631122)
(-0.80073,0.0582824)
(-0.0483408,0.279961)
(1.22656,0.383208)
(0.247437,-0.854422)
(-0.125935,-0.5332)
(0.286377,0.590014)
(-1.20843,-0.578708)
(1.00907,-0.154863)
(1.0438,-0.46885)
(0.452135,0.301177)
(-0.0112133,-0.457842)
(-1.27341,0.0373129)
(0.643541,0.410164)
(-0.359434,-0.587895)
(-0.570545,1.11105)
(-0.403458,-0.774453)
(-1.02692,-0.24527)
(0.778041,0.649436)
(0.0237518,1.52594)
(0.343904,-0.652715)
(0.51733,0.367355)
(-1.15176,0.897457)
(1.41579,-0.60843)
(0.620414,-0.416485)
(-0.63737,-0.938355)
(-0.0525016,-0.313206)
(-0.149768,0.675604)
(-0.629753,1.05063)
(0.342065,0.555983)
(0.688094,0.158079)
(-0.493885,0.04582)
(-1.0755,-1.12152)
(0.882817,-0.440514)
(-0.340778,-0.189079)
(-0.153283,-0.190901)
(0.0598764,0.504568)
(0.233299,-0.324814)
(-0.240087,0.428639)
(0.0496195,0.102552)
(1.1409,-0.280724)
(-0.0601686,0.0424887)
(0.140966,0.034476)
(-0.394796,-0.2129)
(-0.312023,0.190851)
(-0.260129,0.560084)
(-0.756314,0.0616184)
(-0.779642,-0.708907)
(-0.517787,1.47513)
(0.0162164,0.207032)
(0.697983,-0.0576123)
(0.477911,-0.368843)
(-0.754886,-0.968624)
(-0.710119,1.0236)
(-0.463905,-0.873096)
(-0.919507,0.270075)
(-0.759139,0.42877)
(0.232122,-0.186172)
(-0.59651,-0.961485)
(-0.535291,-0.647173)
(0.0863742,0.872124)
(0.657469,0.777145)
(-0.327073,-0.038971)
(0.6452,0.0414943)
(0.30283,-0.208849)
(0.289643,0.148586)
(0.0895379,0.548947)
(-0.231869,0.494623)
(-0.566662,-0.500478)
(0.218166,-0.681086)
(-0.88777,-0.644599)
(-0.69295,-0.0928845)
(0.829281,0.142131)
(-0.356526,-0.48724)
(-0.320775,-0.411135)
(-0.161887,0.900415)
(-0.117867,1.00665)
(1.0777,-0.643253)
(0.490332,0.410855)
(-0.396554,0.1599)
(0.163119,-0.412573)
(1.13983,0.0961484)
(0.366537,-0.457162)
(0.311976,0.67953)
(0.00592701,-0.467041)
(0.087649,0.0789317)
(-0.516169,0.409134)
(0.225955,0.0927699)
(-0.1976,-0.236316)
(0.465588,0.10096)
(-0.445354,-1.04432)
(-0.793812,0.666332)
(0.269821,-0.992581)
(0.363905,-0.227541)
(-0.887709,-0.0438589)
(-0.104399,-0.0357065)
(0.871211,-0.456093)
(0.502079,0.589021)
(-0.417362,-0.318732)
(-0.266329,-0.237764)
(-0.597906,-0.768393)
(0.744369,0.0208995)
(0.566857,-0.0360589)
(0.131645,0.480844)
(-0.220648,-0.0659847)
(0.616136,1.26944)
(-0.920075,-0.352669)
(0.279582,-0.49888)
(0.412704,0.271636)
(-0.39302,0.735077)
(0.312272,0.19354)
(-0.0574957,-0.0287481)
(0.52342,-0.344356)
(-0.118474,1.01883)
(-0.90492,-0.188134)
(0.128621,-0.311989)
(-0.221784,-0.40599)
(-0.737377,-0.813622)
(0.130433,0.358473)
(-0.155604,-1.06448)
(0.224547,-0.472429)
(-0.444901,0.204381)
(0.594569,-0.76081)
(-0.00751245,-0.0876096)
(0.526522,0.602659)
(0.591158,-0.268837)
(0.533796,0.152493)
(-0.257154,0.172027)
(0.11426,-0.0562818)
(0.195013,-0.335624)
(-1.07762,1.02938)
(-0.0371845,-0.283044)
(0.631899,1.19837)
(0.0183996,-0.0376248)
(-0.593493,-0.0833101)
(-0.942379,0.545088)
(-0.498517,-0.105499)
(1.09568,0.692896)
(-0.518162,-0.19339)
(1.10796,-0.173952)
(-0.0468319,0.383403)
(-0.202063,0.819942)
(-0.065037,-1.10762)
(-0.148643,0.0161064)
(-0.0550806,-0.376296)
(-0.408235,0.121543)
(-0.411566,-0.112009)
(0.575952,-0.426727)
(-0.324156,-0.784586)
(0.136178,0.15895)
(0.0686192,-0.807526)
(1.1167,1.13584)
(0.00917375,0.0811671)
(-0.253072,1.00755)
(-0.514374,0.594681)
(-0.75244,-0.309394)
(-0.646611,0.192404)
(-0.0409345,0.017901)
(0.243843,-0.618757)
(-0.662292,-0.610579)
(0.525286,-1.07101)
(-0.556793,0.217433)
(-0.256861,-0.462542)
(-0.199705,0.91317)
(-0.912739,-0.594593)
(0.957899,0.233276)
(-1.10034,0.568491)
(0.314649,0.20721)
(-0.0481841,0.429146)
(0.0693673,0.189243)
(-0.209799,0.174061)
(1.20609,-0.219327)
(-0.328248,-0.538947)
(0.276253,0.469687)
(-0.0782441,0.667873)
(-1.03516,0.42011)
(-1.12092,-0.168445)
(0.573225,0.689675)
(0.263404,0.855414)
(-0.0722281,-0.603419)
(-0.0426812,-0.217191)
(-0.2606,1.08817)
(1.16949,-0.597883)
(-0.729988,0.183173)
(0.5417,-0.038227)
(-0.23552,0.703746)
(-0.0561344,-0.237357)
(-0.50646,0.388939)
(-0.0328613,0.021971)
(-0.205872,0.122355)
(-0.354315,0.0941436)
(-0.430811,0.347495)
(-0.632789,0.72749)
(0.309004,0.0602373)
(-0.641634,-0.0916229)
(-0.479112,0.733565)
(-0.241562,-0.826756)
(-0.322746,-0.673253)
(-0.653132,0.730774)
(1.27585,0.257673)
(0.196945,0.088325)
(0.739963,0.623866)
(0.360996,0.101654)
(0.613572,0.0332752)
(0.163083,0.584814)
(-0.232363,-0.507267)
(0.487714,0.269383)
(-0.604402,-0.939605)
(0.22439,0.445937)
(-0.758985,-0.237395)
(-0.254272,0.358998)
(-0.198943,0.103468)
(0.749193,-0.330932)
(0.471872,0.914405)
(0.77942,0.338647)
(1.05967,-0.295756)
(-0.177075,-0.537972)
(-0.801079,0.883328)
(0.226571,-0.708149)
(1.21549,0.179874)
(-0.32872,0.633302)
(0.0698443,-0.0858802)
---------------------------
f_d = 5000
---------------------------
(-0.273651,-0.0085439)
(1.12155,0.360999)
(0.766823,1.29242)
(1.05453,0.564018)
(0.123276,-0.797207)
(0.51696,1.02252)
(0.371663,-0.2082)
(0.180193,0.0992578)
(0.0051741,0.244257)
(0.204142,0.0545312)
(0.0914845,0.297542)
(-0.0234603,-0.322707)
(0.633876,-0.222311)
(-0.62607,-0.883828)
(0.834474,-0.743125)
(-0.243588,0.200903)
(-0.863925,0.0979996)
(0.647696,-0.684592)
(-0.173583,-0.372598)
(1.0502,0.0654215)
(0.580484,0.551205)
(0.648819,-0.0182518)
(1.42134,0.282306)
(0.113943,-0.636723)
(0.313563,-0.601888)
(-0.208464,0.132148)
(0.444249,-0.270545)
(0.0999933,0.448494)
(-0.256091,0.799337)
(0.234917,-0.581255)
(-0.300891,-0.230053)
(-0.303588,0.232945)
(-0.469305,-0.456767)
(0.187034,0.0457246)
(0.472535,-0.0567514)
(0.408186,-0.0981549)
(0.206756,0.469733)
(-0.266753,0.57145)
(-0.112198,0.306512)
(0.698339,-0.22223)
(0.253765,-0.574378)
(0.150297,-0.430158)
(1.37459,1.12909)
(0.402617,-1.05475)
(0.432289,-0.467542)
(-0.151324,-0.564969)
(-0.887234,-0.334903)
(0.551358,0.954645)
(0.522767,-0.227507)
(-0.104838,0.241283)
(-0.241813,-0.354481)
(0.0213184,-0.868924)
(-0.489306,-0.167269)
(0.298272,0.636194)
(0.0157567,-0.847644)
(0.0975391,0.183016)
(-0.257138,-0.0583279)
(0.0585349,-0.00956039)
(-0.726816,0.797973)
(-0.261488,0.179292)
(-0.210122,-0.814023)
(-0.329543,0.772819)
(-0.360624,-0.705028)
(-0.339859,-0.0952316)
(-0.16941,-0.322792)
(0.0172146,0.275856)
(-0.535772,0.928288)
(0.481494,0.302588)
(0.506783,0.431684)
(-0.0797495,-0.32615)
(-0.236149,-0.00445014)
(-0.950567,0.702424)
(0.155235,-0.0495347)
(-0.264276,-0.117631)
(-0.125419,-1.4043)
(-0.0627515,-0.700495)
(0.0250148,-0.316241)
(0.12302,-0.309626)
(-1.17026,0.265962)
(-1.32568,-0.0407025)
(-0.572063,0.171491)
(-1.1098,-0.0988613)
(1.21567,0.729932)
(-1.03765,0.546506)
(0.0913029,-0.145873)
(0.48495,0.147681)
(0.739985,-0.577338)
(0.783789,0.023019)
(0.605492,-0.257974)
(0.118005,-0.101824)
(-0.301771,0.0715469)
(-0.311937,0.179215)
(-0.651883,-0.862832)
(-0.687668,-0.654925)
(-0.866584,-0.158684)
(0.367273,-0.517549)
(-0.292725,-0.289868)
(-0.836601,1.02245)
(-0.378182,-0.774132)
(-1.2761,-0.731357)
(0.00494859,-0.909471)
(-0.566673,-0.796761)
(0.144517,0.294758)
(0.739742,-0.331414)
(-0.59475,-0.57467)
(-0.174343,0.623857)
(-0.244168,0.128921)
(-0.154226,-0.842023)
(0.843593,0.351188)
(0.351169,-0.339216)
(0.136156,-0.290553)
(0.150655,0.327334)
(0.0363543,-0.107919)
(0.0946133,0.0551159)
(-0.538693,-0.0946662)
(-0.298078,-0.163304)
(-0.686235,-0.54413)
(0.319356,0.0120137)
(0.379695,0.834873)
(-0.419844,0.266525)
(-0.516344,-1.01194)
(0.548017,0.154537)
(0.930345,0.738547)
(-0.241896,0.266029)
(0.148024,0.767878)
(-0.0199589,-0.409827)
(-0.601441,0.707076)
(1.20174,0.598673)
(0.283637,-0.911761)
(-0.380018,-0.351293)
(-0.973871,-0.246359)
(-0.840431,0.692864)
(0.383646,0.404114)
(-0.227632,0.542607)
(-0.425365,-1.07573)
(0.504959,0.19735)
(0.919725,0.557714)
(-0.686411,1.04631)
(-0.465578,0.0572799)
(-0.07733,0.192219)
(0.176312,-0.211489)
(-0.37656,-0.364109)
(0.00154753,0.137277)
(-1.252,1.14743)
(0.481119,0.708538)
(-0.236372,-0.0533396)
(0.683408,0.323872)
(0.260043,-0.070982)
(0.246343,0.438365)
(0.117198,-0.555274)
(0.512975,-0.680617)
(-0.0255554,-0.636206)
(0.0348266,0.0554999)
(0.840692,0.698735)
(0.17599,-0.260157)
(0.456141,-0.257135)
(-0.680597,0.324799)
(-0.656666,-0.386941)
(0.0829923,0.168168)
(0.0299025,-0.770872)
(1.06756,-2.02729)
(0.17871,2.56292)
(-3.38315,-2.11612)
(-2.86766,0.185078)
(-0.74828,0.658569)
(0.207786,-0.161246)
(-0.937678,-1.03799)
(-0.255153,-0.726585)
(0.303004,0.48147)
(-0.956932,-0.716698)
(0.225592,-0.175411)
(0.575372,1.13799)
(-0.0627303,-0.00509392)
(-0.909294,-0.767208)
(-0.371852,-0.69226)
(-1.13879,-0.763672)
(0.319957,-0.357516)
(-0.272404,0.0631424)
(-0.800685,0.0582697)
(-0.0482549,0.279974)
(1.22659,0.383231)
(0.247509,-0.854417)
(-0.125911,-0.533163)
(0.2864,0.590027)
(-1.20835,-0.578734)
(1.00915,-0.154773)
(1.04382,-0.468758)
(0.452072,0.301237)
(-0.0112711,-0.457821)
(-1.27342,0.037304)
(0.64356,0.410179)
(-0.359446,-0.587885)
(-0.570562,1.11104)
(-0.403407,-0.774493)
(-1.02684,-0.245246)
(0.778035,0.649537)
(0.023732,1.52593)
(0.343914,-0.652693)
(0.517302,0.367388)
(-1.15176,0.897407)
(1.41584,-0.608412)
(0.620403,-0.416438)
(-0.637339,-0.938351)
(-0.0524918,-0.313144)
(-0.14977,0.675606)
(-0.629792,1.05063)
(0.342028,0.555966)
(0.688078,0.158063)
(-0.493921,0.0457214)
(-1.07542,-1.12159)
(0.882902,-0.440487)
(-0.340766,-0.189064)
(-0.153285,-0.190831)
(0.0598619,0.504592)
(0.233312,-0.324794)
(-0.240092,0.428636)
(0.0496274,0.102566)
(1.14091,-0.280672)
(-0.0602088,0.0425246)
(0.140915,0.0344778)
(-0.394829,-0.212881)
(-0.312043,0.190815)
(-0.260215,0.560049)
(-0.756302,0.0615643)
(-0.779621,-0.708967)
(-0.517789,1.47509)
(0.016246,0.206958)
(0.698013,-0.057636)
(0.477889,-0.368892)
(-0.754907,-0.968642)
(-0.710159,1.02354)
(-0.463888,-0.873146)
(-0.919476,0.270022)
(-0.759128,0.428691)
(0.232202,-0.186226)
(-0.596441,-0.961504)
(-0.53514,-0.647128)
(0.0864059,0.872191)
(0.657479,0.777179)
(-0.327076,-0.0389996)
(0.645221,0.0415408)
(0.302846,-0.208837)
(0.289642,0.148613)
(0.0894943,0.548947)
(-0.231924,0.494565)
(-0.566581,-0.500543)
(0.218232,-0.681119)
(-0.887736,-0.644651)
(-0.692883,-0.0928788)
(0.829336,0.142143)
(-0.356513,-0.487243)
(-0.320738,-0.411082)
(-0.161898,0.900471)
(-0.117838,1.00666)
(1.0778,-0.643183)
(0.490307,0.410922)
(-0.396566,0.159875)
(0.163197,-0.412565)
(1.13986,0.0961866)
(0.366485,-0.457062)
(0.312031,0.679512)
(0.0059033,-0.466986)
(0.087645,0.0789248)
(-0.516185,0.409095)
(0.225943,0.0926981)
(-0.197592,-0.236348)
(0.465584,0.100923)
(-0.445344,-1.04435)
(-0.793776,0.666307)
(0.269888,-0.992579)
(0.363914,-0.227485)
(-0.887705,-0.0438433)
(-0.104351,-0.0356733)
(0.871255,-0.456033)
(0.502052,0.589097)
(-0.417373,-0.318754)
(-0.266304,-0.237781)
(-0.597814,-0.768382)
(0.744436,0.0209894)
(0.566828,-0.0359579)
(0.13163,0.480921)
(-0.220661,-0.0659457)
(0.616053,1.26945)
(-0.920057,-0.352744)
(0.279586,-0.498811)
(0.412696,0.271716)
(-0.393054,0.73504)
(0.312232,0.193508)
(-0.0574997,-0.0287387)
(0.523412,-0.344325)
(-0.118501,1.01883)
(-0.904919,-0.188254)
(0.128655,-0.312021)
(-0.221733,-0.40603)
(-0.737332,-0.813662)
(0.13048,0.358459)
(-0.155554,-1.06444)
(0.224613,-0.47238)
(-0.444836,0.204407)
(0.594641,-0.760766)
(-0.00748922,-0.0875161)
(0.526528,0.602753)
(0.591128,-0.268782)
(0.53377,0.15257)
(-0.257208,0.172053)
(0.114246,-0.0562495)
(0.194983,-0.335597)
(-1.07768,1.02932)
(-0.0371871,-0.283038)
(0.631841,1.1984)
(0.0183355,-0.0376365)
(-0.593536,-0.0833523)
(-0.942369,0.545076)
(-0.498464,-0.10553)
(1.09568,0.692914)
(-0.518151,-0.193408)
(1.10796,-0.173915)
(-0.0468833,0.383456)
(-0.202102,0.819893)
(-0.0650038,-1.10764)
(-0.148601,0.0160802)
(-0.0550643,-0.376318)
(-0.408233,0.12155)
(-0.411538,-0.11204)
(0.575979,-0.426684)
(-0.324137,-0.784532)
(0.136224,0.158994)
(0.0686662,-0.807461)
(1.11664,1.13595)
(0.00906201,0.081167)
(-0.253186,1.00753)
(-0.514455,0.594563)
(-0.752455,-0.30952)
(-0.646623,0.192315)
(-0.0408757,0.0178755)
(0.243827,-0.618775)
(-0.662223,-0.610629)
(0.525308,-1.071)
(-0.556769,0.21746)
(-0.256909,-0.462494)
(-0.19971,0.913162)
(-0.912685,-0.594567)
(0.957909,0.233319)
(-1.10039,0.568544)
(0.314685,0.207209)
(-0.0482087,0.429213)
(0.0693991,0.189218)
(-0.209736,0.174062)
(1.20611,-0.219296)
(-0.328247,-0.538929)
(0.276187,0.469715)
(-0.078372,0.667905)
(-1.03516,0.420038)
(-1.12088,-0.168512)
(0.57323,0.689703)
(0.263337,0.85541)
(-0.0721865,-0.603465)
(-0.0426805,-0.217193)
(-0.260614,1.08817)
(1.16947,-0.597862)
(-0.729993,0.183236)
(0.541657,-0.0382054)
(-0.235549,0.703773)
(-0.0561201,-0.237457)
(-0.506506,0.388981)
(-0.0328366,0.0219401)
(-0.205867,0.122318)
(-0.354314,0.0940546)
(-0.430835,0.347513)
(-0.632762,0.727415)
(0.308995,0.0601981)
(-0.64166,-0.091659)
(-0.479113,0.733506)
(-0.241484,-0.826765)
(-0.322648,-0.673231)
(-0.653057,0.730806)
(1.27588,0.257736)
(0.19703,0.0883861)
(0.739961,0.62394)
(0.361022,0.101659)
(0.613508,0.033312)
(0.16307,0.584822)
(-0.232341,-0.50729)
(0.487687,0.269359)
(-0.604356,-0.939597)
(0.224405,0.445885)
(-0.758998,-0.237382)
(-0.254276,0.359004)
(-0.198861,0.103468)
(0.749304,-0.330902)
(0.471877,0.914438)
(0.779427,0.338713)
(1.05969,-0.2957)
(-0.177106,-0.537958)
(-0.801086,0.883313)
(0.226621,-0.708169)
(1.21545,0.179975)
(-0.328766,0.633327)
(0.0698347,-0.0858738)
(-0.500766,0.125429)
