---------------------------
f_d = -5000
---------------------------
(0.612585,-0.521057)
(0.502263,-0.195622)
(1.29072,0.115252)
(0.0300361,-0.0370515)
(-0.279151,0.755848)
(0.589083,-0.909395)
(-0.466758,-0.0770542)
(-0.440039,0.113745)
(-0.860726,-0.562426)
(-0.467624,0.986008)
(-0.749139,0.422484)
(0.132731,0.26327)
(0.349757,-0.0950296)
(0.141975,0.0191902)
(0.912792,0.55605)
(0.451918,0.270842)
(-0.00143612,-0.158456)
(0.580231,-0.0473042)
(0.470519,0.474033)
(0.217841,-0.297383)
(-1.1388,-0.0428678)
(0.322649,0.968157)
(-1.71911,0.979805)
(0.389619,0.304059)
(-0.313891,-0.183176)
(-0.115014,0.0650405)
(-0.273561,0.0112725)
(0.153175,0.421245)
(0.255057,-0.694429)
(0.316543,0.221466)
(0.246581,0.30072)
(0.630235,-1.5618)
(-0.416817,-0.110532)
(0.310212,0.232545)
(0.372999,-1.21749)
(-0.248302,0.378957)
(-0.49809,0.685353)
(0.395825,0.628129)
(0.276995,1.01328)
(0.252302,-0.0509034)
(0.129797,0.0977864)
(-1.18155,0.690377)
(0.344874,-0.286654)
(0.364191,0.492442)
(-0.0062498,0.134472)
(0.879911,-0.0535903)
(-0.220855,-0.61412)
(0.102054,-0.516084)
(0.0246996,0.767782)
(0.883077,-0.26577)
(0.405679,0.0873128)
(-0.521251,0.0197705)
(0.0627673,0.259489)
(0.639191,-0.59921)
(-0.959444,0.3371)
(0.652521,0.689122)
(-0.175403,0.579605)
(-0.148466,0.309185)
(-0.390415,-0.267834)
(-1.61275,-0.0856643)
(-0.0574915,0.0360185)
(-0.430216,-0.660821)
(-0.323577,-1.48238)
(-0.229936,0.771752)
(0.381276,0.328892)
(-0.00538101,0.250584)
(0.088478,-0.310091)
(-0.364684,0.176052)
(0.496272,0.581232)
(-0.340078,-0.112675)
(0.125011,-0.246938)
(0.261086,-0.538721)
(-0.631606,0.653877)
(0.654336,-0.259647)
(0.0822267,0.0108198)
(0.431904,0.834521)
(0.108253,0.127923)
(0.895242,0.527362)
(0.325531,0.542372)
(-0.314505,-1.03494)
(-0.408377,0.49372)
(-0.526122,-0.396802)
(-0.855683,-0.453302)
(0.410792,0.00895906)
(-0.338598,0.415489)
(-0.178051,0.62182)
(-0.0793851,-1.03392)
(0.405853,-0.343232)
(1.03641,-0.814379)
(0.107083,-0.0707648)
(-0.519443,0.544182)
(-0.0619532,0.414278)
(-0.536766,-0.182111)
(0.122565,-1.09002)
(-0.324919,1.70285)
(0.564842,-0.335454)
(-0.209709,0.81713)
(-0.0935671,0.478807)
(0.142847,0.42486)
(0.709038,-0.206101)
(0.130033,-0.774824)
(-0.545233,1.07333)
(-0.634933,0.0694259)
(0.14261,-0.182025)
(0.098864,0.39176)
(0.0492167,-0.163462)
(0.859182,-0.601334)
(-0.0923019,0.289535)
(-0.577108,0.0512073)
(0.0897494,0.418346)
(1.37475,-0.859359)
(0.0722804,-0.570642)
(0.278929,-0.550904)
(-0.571291,-0.244157)
(0.0963412,0.371717)
(-0.375032,-0.822216)
(1.23958,-0.145865)
(0.602587,-0.10966)
(-0.0160644,0.433616)
(0.0498824,-0.246796)
(-0.610329,0.532119)
(1.16157,-0.899079)
(-0.290079,0.833172)
(0.360807,-0.390481)
(-0.259151,-0.514441)
(0.0366481,-0.195582)
(-0.338911,0.37966)
(-1.00265,1.30447)
(0.929679,0.151684)
(0.474013,0.174628)
(0.610095,0.351105)
(-0.0194655,0.393596)
(0.653752,-0.222997)
(-0.283494,-0.40889)
(-0.415505,-0.421811)
(0.0864408,0.0730579)
(-0.269021,-1.06337)
(0.266515,0.0908924)
(1.08628,-0.15932)
(-0.242292,-0.237988)
(0.782367,0.376084)
(0.529988,0.317549)
(-0.412147,-0.407004)
(-0.318113,-0.0227625)
(-0.89095,0.110106)
(-0.497912,0.624071)
(-0.374577,0.115499)
(-0.0278715,0.168178)
(-0.141748,1.10906)
(-0.943096,-0.419066)
(-0.79891,-0.60705)
(-0.0875265,0.0508749)
(-0.233924,-0.431117)
(-0.557574,-0.530093)
(0.221756,0.14496)
(0.0366076,-0.118601)
(0.073684,0.574924)
(-0.275272,-0.0460493)
(0.497395,0.00866175)
(-0.963879,0.115833)
(-2.22875,-0.532131)
(1.41061,-1.07982)
(-1.19828,1.23419)
(1.63589,0.0507213)
(-0.625214,0.05471)
(-0.331453,-0.491422)
(0.615349,0.631942)
(0.491298,0.422048)
(-0.208211,-0.118792)
(-1.32379,0.450821)
(-0.226483,0.6748)
(0.475272,-1.02725)
(-0.433098,-0.996114)
(-0.718156,0.110433)
(0.852865,0.36722)
(-0.448531,-0.610199)
(-1.22375,0.298929)
(-0.527368,0.442763)
(0.792983,-0.430705)
(0.317146,-0.619764)
(0.289976,-0.636115)
(-0.314728,0.472472)
(0.074766,0.598443)
(-0.0825063,-0.817977)
(-0.326077,0.314495)
(-1.21947,-0.730323)
(-0.488043,-0.302209)
(-0.289147,-1.27673)
(0.524534,-0.272735)
(-1.4295,0.182256)
(-0.550181,-0.676278)
(0.774135,-0.566667)
(0.137558,-2.34559)
(-0.939962,-1.34898)
(-1.65657,-0.121147)
(0.218067,0.520849)
(-0.216466,1.24938)
(-0.202839,0.605831)
(0.385329,0.547643)
(0.114518,1.21686)
(0.310591,0.513917)
(-0.282963,0.655453)
(-0.366301,-0.42104)
(0.684193,0.631988)
(-0.370894,0.316915)
(0.232538,0.974597)
(0.679152,-0.303608)
(-0.587962,-0.400844)
(0.182385,-0.32206)
(0.326797,1.00021)
(0.297585,0.13152)
(-0.359734,0.241679)
(-0.17293,1.21795)
(1.02673,-0.398962)
(-0.198081,0.768743)
(0.0611183,0.244233)
(0.384478,-0.0241307)
(0.355034,0.163181)
(-0.00191478,-0.444696)
(-0.431885,-1.11798)
(0.692871,0.252657)
(0.421725,-0.419954)
(0.0965576,-0.368334)
(0.375949,0.19943)
(0.541831,0.214428)
(0.300015,-0.300734)
(0.612133,0.0687462)
(0.399516,0.176816)
(-0.748406,-0.354989)
(-0.0439088,-0.572553)
(0.408965,0.693715)
(0.0645521,0.17124)
(-0.614129,-0.112759)
(-0.00797117,-0.027727)
(-0.723927,-0.187273)
(0.722778,0.163116)
(-0.0414763,-0.8446)
(-0.509831,0.513205)
(-0.611278,-0.0961133)
(0.722278,0.867608)
(0.485323,0.111632)
(-0.380408,0.0507801)
(-0.693529,-0.718166)
(-0.0236218,0.39877)
(-0.488618,0.688633)
(0.437883,0.172418)
(-0.0566639,-0.18073)
(0.177498,0.183615)
(0.160005,-0.62207)
(0.492839,-0.115874)
(-0.587144,0.732254)
(0.405792,-0.830959)
(-0.552767,-0.142937)
(-0.119484,0.0602413)
(1.03464,-0.404386)
(0.283058,-0.383614)
(0.42192,-0.567824)
(-0.265108,-0.43341)
(0.335093,0.504036)
(-0.718726,0.0716571)
(0.417452,0.422335)
(0.162314,-0.103298)
(1.3268,0.0336316)
(-1.00208,0.34818)
(-0.164907,0.28729)
(-0.0415074,-0.190037)
(0.600863,0.333023)
(-1.14541,-0.74879)
(-1.22813,0.207387)
(-1.1136,-0.0308782)
(0.273786,1.24282)
(1.02354,-0.329752)
(0.120128,-0.0544427)
(0.666132,0.913199)
(0.0388345,0.428714)
(-0.128996,-0.231907)
(0.337764,0.344718)
(-0.250177,-0.615129)
(0.000514763,0.861568)
(0.688394,0.430758)
(-1.33381,0.162648)
(0.348757,0.683858)
(-1.40539,-0.380589)
(-0.467919,-0.873776)
(-0.845975,0.0325311)
(0.0904984,-0.0574704)
(0.122598,-0.393607)
(-0.845685,0.357244)
(-0.727592,0.382402)
(0.304158,-0.821229)
(0.431,-0.306044)
(0.264787,-0.0235527)
(0.445954,-0.164382)
(-0.69269,-1.24583)
(-0.404456,0.18914)
(0.85643,0.45994)
(0.0646031,0.699072)
(0.832802,0.206451)
(-0.307578,0.54913)
(-0.759665,0.339694)
(0.23724,-0.208666)
(-0.113164,0.140521)
(-0.199811,0.288157)
(-0.0716174,-0.446248)
(-0.0914007,0.127861)
(0.574145,-0.145825)
(0.165275,0.0830576)
(0.422957,-0.624196)
(-0.321772,-0.103892)
(0.244832,0.429811)
(-0.490635,-0.268778)
(-0.494562,-1.19325)
(0.572753,-0.483867)
(0.951157,-0.211218)
(-0.189898,-0.245745)
(0.362096,0.256059)
(-0.422944,-0.380492)
(-0.600247,0.228179)
(0.227854,1.07625)
(-0.232959,-0.627603)
(-0.288117,0.107706)
(-0.20528,0.103124)
(0.092285,0.793111)
(-0.332609,-0.402893)
(0.285582,-0.152891)
(-0.264282,-1.0024)
(0.0428,0.0872272)
(0.737274,-0.708877)
(-0.123052,-0.0474995)
(0.224837,-0.0911372)
(-0.688263,-0.430618)
(-0.528381,-0.767153)
(-0.759938,0.413242)
(-0.143746,-0.322254)
(0.0121238,-0.850317)
(0.585067,-0.317657)
(-1.00217,0.0206886)
(-0.533671,-0.332735)
(1.0149,0.484088)
(-0.160838,-0.589583)
(0.687036,0.618421)
(0.449468,0.833651)
(-0.134944,0.448023)
(-0.0763708,0.04364)
(0.790288,1.37725)
(0.249,-0.399603)
(0.261708,-0.36349)
(0.215228,-0.739228)
(-0.658043,-0.380886)
(0.307278,0.557556)
(-0.405983,-0.358928)
(-0.207353,0.2126)
(0.169773,0.752812)
(-0.0385914,0.0250267)
(0.21071,0.817133)
(-0.0655544,0.0457744)
(-0.899043,-0.0909034)
(0.137205,-0.220224)
(-0.694963,-0.138033)
(1.29225,-0.182839)
(-0.167194,-0.111396)
(-0.403939,-0.258761)
(-0.809998,-0.583341)
(0.0261433,-0.736739)
(-0.347454,-0.313045)
(-0.717716,0.0261463)
(-0.539654,0.913112)
(0.294814,-0.142226)
(0.306641,0.026824)
(-0.153436,-0.100408)
(-0.570975,1.26353)
(-0.553886,0.52019)
(0.284931,-0.0814327)
(0.497127,-0.485997)
(0.193346,0.840158)
(0.686163,-0.0814187)
(0.0407536,-0.630792)
(0.436887,0.547884)
(0.542035,0.132542)
(-0.121398,0.123055)
(-0.473362,0.303374)
(0.0246145,0.306657)
(-0.559346,0.435679)
(-1.01358,0.585278)
(0.269244,0.120646)
(0.214146,0.313793)
(-0.411168,0.636106)
(0.193906,-0.993513)
(0.210999,0.106692)
(-0.746103,-0.133615)
(-0.316104,-0.588282)
(0.348668,-0.0868937)
(-0.016027,-1.35993)
(-0.668428,0.17509)
(-0.322296,-0.546733)
(-0.191684,-0.0131217)
(-0.325105,0.0947214)
(-0.423959,0.589805)
(-0.938454,-0.602418)
(0.0421147,-0.0595363)
---------------------------
f_d = -4000
---------------------------
(0.502316,-0.19553)
(1.29071,0.115352)
(0.0299782,-0.0370022)
(-0.279184,0.755843)
(0.589084,-0.909382)
(-0.466785,-0.0770327)
(-0.440059,0.113727)
(-0.860718,-0.562426)
(-0.467638,0.986006)
(-0.749129,0.422448)
(0.132781,0.263265)
(0.3498,-0.0950016)
(0.142008,0.0192427)
(0.912782,0.556119)
(0.451885,0.270871)
(-0.00143762,-0.158436)
(0.580218,-0.0472577)
(0.470464,0.474079)
(0.217779,-0.29738)
(-1.13884,-0.0428589)
(0.322574,0.968146)
(-1.71917,0.979718)
(0.389632,0.303987)
(-0.313873,-0.183215)
(-0.114993,0.0650061)
(-0.273538,0.0112595)
(0.153209,0.421216)
(0.255106,-0.694425)
(0.316561,0.221489)
(0.246609,0.300702)
(0.630289,-1.56178)
(-0.416794,-0.110484)
(0.310238,0.232564)
(0.373029,-1.21742)
(-0.24833,0.379031)
(-0.498125,0.685382)
(0.395792,0.628173)
(0.276942,1.01329)
(0.252266,-0.0509108)
(0.129746,0.0977761)
(-1.18157,0.690313)
(0.344903,-0.286671)
(0.364187,0.492457)
(-0.00624902,0.134459)
(0.879922,-0.0535871)
(-0.220834,-0.61412)
(0.102074,-0.51606)
(0.0246908,0.767821)
(0.883071,-0.265736)
(0.405634,0.0873509)
(-0.521286,0.0197512)
(0.0627621,0.259495)
(0.639166,-0.599182)
(-0.959483,0.337118)
(0.652462,0.68914)
(-0.175492,0.579582)
(-0.148534,0.309127)
(-0.390447,-0.267923)
(-1.61274,-0.0857722)
(-0.0574479,0.0359475)
(-0.430153,-0.660874)
(-0.323478,-1.48237)
(-0.229913,0.771805)
(0.381273,0.328924)
(-0.00538001,0.250585)
(0.0884779,-0.310092)
(-0.364674,0.176066)
(0.496253,0.581239)
(-0.340074,-0.112706)
(0.125049,-0.246947)
(0.26111,-0.53869)
(-0.631597,0.653882)
(0.654362,-0.259619)
(0.0822265,0.010885)
(0.43187,0.834548)
(0.108237,0.127944)
(0.895188,0.52739)
(0.325457,0.542335)
(-0.31453,-1.03498)
(-0.408407,0.493684)
(-0.526124,-0.396866)
(-0.855626,-0.453327)
(0.410826,0.00896907)
(-0.338612,0.415491)
(-0.178037,0.621756)
(-0.0793001,-1.03396)
(0.405933,-0.343204)
(1.03645,-0.814299)
(0.10704,-0.0706964)
(-0.5195,0.544192)
(-0.0619888,0.414241)
(-0.536744,-0.182153)
(0.12261,-1.08996)
(-0.324947,1.70289)
(0.56483,-0.335434)
(-0.209743,0.817135)
(-0.0936068,0.478792)
(0.142836,0.424836)
(0.709036,-0.2061)
(0.130004,-0.774816)
(-0.545295,1.0733)
(-0.634927,0.0693546)
(0.14263,-0.182041)
(0.0988866,0.391743)
(0.0492613,-0.163491)
(0.859195,-0.601302)
(-0.0923195,0.289536)
(-0.577109,0.0511536)
(0.0897924,0.418316)
(1.3748,-0.859349)
(0.0722894,-0.570605)
(0.278944,-0.550888)
(-0.571274,-0.24414)
(0.0963501,0.371695)
(-0.374961,-0.822198)
(1.23963,-0.145769)
(0.602557,-0.109569)
(-0.0161129,0.433635)
(0.0498509,-0.246787)
(-0.610315,0.532124)
(1.16158,-0.899018)
(-0.290081,0.833215)
(0.360798,-0.390495)
(-0.259134,-0.514444)
(0.0366314,-0.195545)
(-0.33897,0.37969)
(-1.00268,1.30446)
(0.929699,0.151698)
(0.47399,0.174667)
(0.610047,0.35112)
(-0.0194999,0.3936)
(0.653723,-0.223004)
(-0.283507,-0.408928)
(-0.415506,-0.42184)
(0.0864657,0.0730503)
(-0.268962,-1.06336)
(0.266551,0.0909602)
(1.08628,-0.159254)
(-0.242326,-0.237941)
(0.782314,0.376169)
(0.529893,0.317576)
(-0.412205,-0.407026)
(-0.318174,-0.0227973)
(-0.891027,0.110067)
(-0.497977,0.624037)
(-0.374607,0.115469)
(-0.0279176,0.168173)
(-0.141821,1.10899)
(-0.943099,-0.419187)
(-0.798883,-0.607134)
(-0.0874895,0.0508371)
(-0.233896,-0.431142)
(-0.557514,-0.53011)
(0.221771,0.144993)
(0.0365961,-0.118575)
(0.0736385,0.574937)
(-0.275297,-0.0460736)
(0.497356,0.00864914)
(-0.963921,0.115748)
(-2.22864,-0.532237)
(1.41072,-1.07977)
(-1.19827,1.23423)
(1.6359,0.0507323)
(-0.62523,0.0546978)
(-0.331419,-0.49142)
(0.615339,0.63201)
(0.491239,0.422045)
(-0.208256,-0.1188)
(-1.32382,0.450754)
(-0.226468,0.674713)
(0.475333,-1.02729)
(-0.43305,-0.996124)
(-0.718124,0.110421)
(0.852869,0.367226)
(-0.448547,-0.610201)
(-1.22375,0.298846)
(-0.527302,0.44268)
(0.793061,-0.430719)
(0.317182,-0.619733)
(0.289999,-0.636071)
(-0.314787,0.472489)
(0.0747448,0.598398)
(-0.0825221,-0.818017)
(-0.326101,0.314449)
(-1.21945,-0.730417)
(-0.487972,-0.302297)
(-0.289035,-1.27673)
(0.524561,-0.272718)
(-1.42946,0.182193)
(-0.550069,-0.67638)
(0.774235,-0.566635)
(0.137674,-2.34554)
(-0.939897,-1.34892)
(-1.65649,-0.121077)
(0.218095,0.520977)
(-0.216485,1.24945)
(-0.202861,0.605887)
(0.385316,0.547722)
(0.114477,1.21689)
(0.310523,0.513916)
(-0.282969,0.655439)
(-0.366243,-0.421053)
(0.684204,0.631996)
(-0.370929,0.316924)
(0.232553,0.974585)
(0.679128,-0.303622)
(-0.587906,-0.400858)
(0.182419,-0.322028)
(0.326741,1.00026)
(0.29759,0.131523)
(-0.359786,0.241673)
(-0.172947,1.21796)
(1.0267,-0.398947)
(-0.198105,0.768783)
(0.0611334,0.24419)
(0.384493,-0.0241692)
(0.355015,0.163162)
(-0.00189825,-0.444747)
(-0.431774,-1.11798)
(0.692915,0.2527)
(0.421728,-0.419919)
(0.0965944,-0.368287)
(0.375929,0.199479)
(0.541794,0.21449)
(0.300008,-0.300718)
(0.612095,0.0688178)
(0.399444,0.176828)
(-0.748441,-0.355037)
(-0.0438879,-0.572516)
(0.408934,0.693747)
(0.0644914,0.171205)
(-0.614142,-0.112757)
(-0.00794909,-0.0277463)
(-0.723899,-0.187308)
(0.722816,0.163117)
(-0.0414753,-0.8446)
(-0.509854,0.513196)
(-0.611282,-0.0961173)
(0.722236,0.867665)
(0.485308,0.111638)
(-0.380437,0.0507439)
(-0.693483,-0.718225)
(-0.023631,0.398762)
(-0.488645,0.688631)
(0.437926,0.172388)
(-0.0566678,-0.180772)
(0.177498,0.183633)
(0.160047,-0.622096)
(0.492805,-0.11585)
(-0.587155,0.732235)
(0.4058,-0.831)
(-0.552708,-0.142925)
(-0.11945,0.0602366)
(1.03466,-0.404341)
(0.283078,-0.383583)
(0.421911,-0.567797)
(-0.265138,-0.433334)
(0.335049,0.50408)
(-0.718727,0.0716813)
(0.417448,0.422342)
(0.162306,-0.103273)
(1.32672,0.033704)
(-1.00213,0.34815)
(-0.16496,0.28725)
(-0.0415159,-0.190037)
(0.600823,0.333015)
(-1.14542,-0.748891)
(-1.22813,0.207332)
(-1.11354,-0.0309207)
(0.273784,1.24282)
(1.02356,-0.329695)
(0.120126,-0.0543878)
(0.666034,0.913254)
(0.0387806,0.428709)
(-0.129021,-0.231908)
(0.337754,0.344702)
(-0.250188,-0.615099)
(0.000475338,0.861597)
(0.688292,0.430751)
(-1.33385,0.162587)
(0.348681,0.683766)
(-1.40536,-0.380737)
(-0.46787,-0.873846)
(-0.845922,0.0324784)
(0.0905367,-0.0574846)
(0.122617,-0.393608)
(-0.845707,0.357198)
(-0.727525,0.382314)
(0.304248,-0.821225)
(0.431037,-0.306007)
(0.264802,-0.0235029)
(0.445977,-0.164414)
(-0.692628,-1.24583)
(-0.404436,0.18917)
(0.856402,0.460017)
(0.0645393,0.69912)
(0.832732,0.20649)
(-0.307651,0.549119)
(-0.759674,0.339641)
(0.237294,-0.208702)
(-0.113174,0.140514)
(-0.199796,0.288129)
(-0.0715554,-0.446272)
(-0.091378,0.127842)
(0.574142,-0.145794)
(0.165272,0.0831037)
(0.422968,-0.62423)
(-0.321804,-0.103913)
(0.244811,0.429768)
(-0.490665,-0.26888)
(-0.49448,-1.19328)
(0.572844,-0.483785)
(0.95113,-0.21113)
(-0.189946,-0.245692)
(0.362095,0.256121)
(-0.422947,-0.38052)
(-0.600277,0.22818)
(0.227817,1.07626)
(-0.232981,-0.627654)
(-0.288158,0.1077)
(-0.20524,0.103113)
(0.0922761,0.793062)
(-0.332582,-0.402966)
(0.28562,-0.152937)
(-0.264265,-1.00239)
(0.0428461,0.0872051)
(0.737293,-0.708859)
(-0.123071,-0.0474326)
(0.224844,-0.0911522)
(-0.688309,-0.430673)
(-0.528326,-0.767186)
(-0.759898,0.413249)
(-0.143685,-0.322302)
(0.0122014,-0.850265)
(0.585053,-0.317588)
(-1.00212,0.0207579)
(-0.533577,-0.332681)
(1.01495,0.484177)
(-0.160811,-0.589514)
(0.687038,0.618486)
(0.44939,0.833782)
(-0.135005,0.448049)
(-0.0763458,0.0436665)
(0.790232,1.37722)
(0.248956,-0.399657)
(0.261702,-0.363464)
(0.215216,-0.739191)
(-0.658051,-0.380852)
(0.307215,0.557597)
(-0.405947,-0.358923)
(-0.207387,0.212605)
(0.16974,0.752845)
(-0.0386371,0.0249862)
(0.210642,0.81715)
(-0.0656066,0.0457234)
(-0.89906,-0.0909464)
(0.137234,-0.220244)
(-0.69494,-0.13804)
(1.29228,-0.182821)
(-0.167252,-0.11135)
(-0.403947,-0.258813)
(-0.809953,-0.58341)
(0.0262124,-0.736722)
(-0.34743,-0.313012)
(-0.717696,0.0261979)
(-0.539653,0.913131)
(0.294882,-0.142176)
(0.306659,0.0268489)
(-0.153452,-0.100355)
(-0.571052,1.26349)
(-0.55392,0.520113)
(0.284994,-0.0813886)
(0.49717,-0.485962)
(0.193378,0.84018)
(0.68617,-0.081457)
(0.0407903,-0.630768)
(0.436851,0.547897)
(0.541998,0.132625)
(-0.121498,0.123002)
(-0.473478,0.303372)
(0.0245425,0.306633)
(-0.559386,0.435636)
(-1.01364,0.585171)
(0.26927,0.120624)
(0.21407,0.313787)
(-0.411142,0.636028)
(0.193942,-0.993588)
(0.210929,0.106723)
(-0.746087,-0.133668)
(-0.316044,-0.588364)
(0.348682,-0.086908)
(-0.0160383,-1.35993)
(-0.668372,0.175107)
(-0.322261,-0.546732)
(-0.191654,-0.0130974)
(-0.325046,0.0946942)
(-0.423989,0.589755)
(-0.938365,-0.60245)
(0.0422016,-0.059589)
(0.61261,-0.521028)
---------------------------
f_d = -3000
---------------------------
(1.2907,0.115337)
(0.0299787,-0.0370158)
(-0.279179,0.755833)
(0.58909,-0.909389)
(-0.466779,-0.0770352)
(-0.440055,0.113728)
(-0.860719,-0.562425)
(-0.46764,0.986007)
(-0.749134,0.42245)
(0.132776,0.263261)
(0.349793,-0.0950081)
(0.142003,0.0192335)
(0.912781,0.556107)
(0.451886,0.27086)
(-0.00143301,-0.158446)
(0.58023,-0.0472656)
(0.470482,0.474069)
(0.217791,-0.297382)
(-1.13883,-0.0428583)
(0.322583,0.968153)
(-1.71915,0.97974)
(0.389636,0.304)
(-0.313877,-0.183204)
(-0.114995,0.0650161)
(-0.273548,0.0112658)
(0.153198,0.421228)
(0.255099,-0.694424)
(0.316551,0.221489)
(0.246597,0.300705)
(0.630282,-1.56178)
(-0.416802,-0.110494)
(0.310232,0.232555)
(0.373014,-1.21744)
(-0.248328,0.379018)
(-0.498118,0.685374)
(0.395806,0.628164)
(0.276948,1.01329)
(0.252278,-0.0509086)
(0.129754,0.0977781)
(-1.18157,0.690319)
(0.344906,-0.286666)
(0.364192,0.492454)
(-0.00625423,0.13446)
(0.879921,-0.053593)
(-0.220832,-0.61412)
(0.102076,-0.51606)
(0.0246964,0.76781)
(0.883069,-0.265741)
(0.405644,0.0873467)
(-0.521282,0.0197474)
(0.0627766,0.259487)
(0.639164,-0.599197)
(-0.95947,0.337115)
(0.652474,0.689139)
(-0.175478,0.579589)
(-0.148526,0.309139)
(-0.39045,-0.267913)
(-1.61274,-0.0857494)
(-0.0574482,0.03595)
(-0.43017,-0.660862)
(-0.323513,-1.48237)
(-0.229924,0.771806)
(0.381267,0.328919)
(-0.00538313,0.250579)
(0.0884794,-0.310096)
(-0.364683,0.176066)
(0.496254,0.58124)
(-0.340073,-0.1127)
(0.125048,-0.246945)
(0.261103,-0.538695)
(-0.631605,0.653879)
(0.654365,-0.259623)
(0.0822238,0.0108691)
(0.431875,0.834543)
(0.10825,0.127937)
(0.895199,0.527395)
(0.325469,0.542343)
(-0.314517,-1.03498)
(-0.408404,0.493697)
(-0.526117,-0.396862)
(-0.855632,-0.45332)
(0.410823,0.00898011)
(-0.338619,0.415491)
(-0.178046,0.621775)
(-0.0793076,-1.03396)
(0.405934,-0.3432)
(1.03644,-0.814298)
(0.107049,-0.0707098)
(-0.519499,0.544187)
(-0.0619854,0.414237)
(-0.536737,-0.182148)
(0.122612,-1.08996)
(-0.324946,1.70289)
(0.564825,-0.335443)
(-0.209743,0.817138)
(-0.0936051,0.478789)
(0.142838,0.42483)
(0.709055,-0.206105)
(0.130006,-0.774808)
(-0.545295,1.0733)
(-0.634939,0.0693606)
(0.142629,-0.182027)
(0.098884,0.391745)
(0.0492614,-0.163485)
(0.859199,-0.601304)
(-0.0923276,0.28954)
(-0.577106,0.0511443)
(0.0897907,0.418321)
(1.37479,-0.859357)
(0.0722874,-0.570615)
(0.278934,-0.550892)
(-0.571283,-0.244147)
(0.0963325,0.371691)
(-0.374962,-0.822212)
(1.23963,-0.14578)
(0.602559,-0.109575)
(-0.0161166,0.433639)
(0.049852,-0.246806)
(-0.610321,0.53211)
(1.16156,-0.899017)
(-0.2901,0.833212)
(0.360805,-0.390485)
(-0.259128,-0.514453)
(0.0366324,-0.195545)
(-0.338967,0.379687)
(-1.00269,1.30445)
(0.929704,0.151705)
(0.473997,0.174666)
(0.610048,0.351132)
(-0.0194848,0.39361)
(0.653741,-0.223021)
(-0.283518,-0.408923)
(-0.4155,-0.421831)
(0.0864718,0.073055)
(-0.268965,-1.06336)
(0.266538,0.0909466)
(1.08627,-0.159259)
(-0.242306,-0.237946)
(0.782323,0.376146)
(0.529909,0.317582)
(-0.41219,-0.407028)
(-0.318151,-0.0227845)
(-0.890999,0.110076)
(-0.497964,0.624047)
(-0.374588,0.115475)
(-0.0279099,0.168184)
(-0.141818,1.10901)
(-0.943092,-0.419179)
(-0.798876,-0.60712)
(-0.0874927,0.0508263)
(-0.233893,-0.431131)
(-0.55753,-0.530121)
(0.221772,0.145006)
(0.0365911,-0.118566)
(0.0736401,0.574919)
(-0.275299,-0.0460728)
(0.497352,0.00866352)
(-0.963934,0.115763)
(-2.22866,-0.532224)
(1.41071,-1.07976)
(-1.19827,1.23424)
(1.63589,0.0507547)
(-0.625239,0.0546983)
(-0.331411,-0.491423)
(0.615343,0.632011)
(0.49123,0.422067)
(-0.208239,-0.118787)
(-1.3238,0.45083)
(-0.226461,0.674727)
(0.475334,-1.02729)
(-0.433058,-0.996099)
(-0.718137,0.110441)
(0.852881,0.36722)
(-0.448564,-0.610204)
(-1.22376,0.298895)
(-0.527302,0.44269)
(0.793068,-0.430716)
(0.317182,-0.619748)
(0.289969,-0.63607)
(-0.314781,0.472505)
(0.0747454,0.598409)
(-0.0825208,-0.818009)
(-0.326104,0.314445)
(-1.21947,-0.730395)
(-0.48796,-0.302268)
(-0.289046,-1.27672)
(0.524542,-0.272694)
(-1.4295,0.182215)
(-0.550078,-0.676353)
(0.774217,-0.566649)
(0.137616,-2.34555)
(-0.9399,-1.34894)
(-1.6565,-0.12111)
(0.218092,0.520945)
(-0.216509,1.24942)
(-0.202856,0.605887)
(0.385297,0.54771)
(0.114488,1.21689)
(0.310528,0.513903)
(-0.282967,0.655439)
(-0.366248,-0.421044)
(0.6842,0.632017)
(-0.370907,0.316926)
(0.23254,0.974602)
(0.679115,-0.303637)
(-0.587917,-0.40087)
(0.18244,-0.322008)
(0.326772,1.00026)
(0.297558,0.131523)
(-0.359752,0.241669)
(-0.172941,1.21793)
(1.02671,-0.398962)
(-0.198121,0.768767)
(0.0611152,0.244197)
(0.384476,-0.0241367)
(0.355031,0.163176)
(-0.00190838,-0.444719)
(-0.431796,-1.11798)
(0.692946,0.252709)
(0.421716,-0.41992)
(0.0965757,-0.368302)
(0.375945,0.19947)
(0.54181,0.214452)
(0.300009,-0.300718)
(0.612108,0.0687989)
(0.399448,0.176842)
(-0.748421,-0.355031)
(-0.0438632,-0.57252)
(0.408943,0.693739)
(0.0644728,0.171223)
(-0.614143,-0.112774)
(-0.00798311,-0.0277381)
(-0.723924,-0.187285)
(0.722809,0.163137)
(-0.0414753,-0.844585)
(-0.509838,0.513182)
(-0.611257,-0.0961251)
(0.722243,0.86764)
(0.485286,0.111642)
(-0.380423,0.0507757)
(-0.693501,-0.718196)
(-0.0236051,0.398762)
(-0.488619,0.688673)
(0.437892,0.172393)
(-0.0566532,-0.180764)
(0.17752,0.183618)
(0.160015,-0.622063)
(0.492837,-0.115827)
(-0.587171,0.73222)
(0.405789,-0.830983)
(-0.55273,-0.142959)
(-0.119457,0.0602533)
(1.03466,-0.404354)
(0.283071,-0.383565)
(0.421939,-0.567785)
(-0.265139,-0.433363)
(0.335037,0.504068)
(-0.718743,0.0716519)
(0.417448,0.422343)
(0.162288,-0.103282)
(1.32681,0.0335582)
(-1.00214,0.348152)
(-0.16491,0.287275)
(-0.041499,-0.190035)
(0.60084,0.333012)
(-1.14543,-0.748864)
(-1.2281,0.207364)
(-1.11354,-0.0309204)
(0.273812,1.24282)
(1.02358,-0.329712)
(0.120103,-0.0543933)
(0.666053,0.913279)
(0.0387745,0.428718)
(-0.129019,-0.231913)
(0.337764,0.344711)
(-0.250188,-0.615105)
(0.00049378,0.861594)
(0.688264,0.430757)
(-1.33384,0.162632)
(0.348713,0.68378)
(-1.40537,-0.380729)
(-0.467879,-0.873801)
(-0.845929,0.0324678)
(0.0905494,-0.0574761)
(0.122609,-0.393588)
(-0.845699,0.357229)
(-0.727528,0.382299)
(0.304247,-0.821219)
(0.431023,-0.306047)
(0.264798,-0.0235293)
(0.44594,-0.164389)
(-0.692613,-1.24586)
(-0.404437,0.189172)
(0.856423,0.459971)
(0.0645455,0.699118)
(0.83277,0.206434)
(-0.307656,0.549084)
(-0.759671,0.339647)
(0.237254,-0.208687)
(-0.113186,0.140508)
(-0.199803,0.288131)
(-0.0715777,-0.446272)
(-0.0913823,0.127828)
(0.574152,-0.145821)
(0.165253,0.0830781)
(0.422953,-0.624205)
(-0.321768,-0.103872)
(0.244795,0.429775)
(-0.490659,-0.268891)
(-0.494487,-1.1933)
(0.572852,-0.483781)
(0.951129,-0.211172)
(-0.189952,-0.245709)
(0.362092,0.256095)
(-0.422974,-0.380486)
(-0.600252,0.228176)
(0.227825,1.07624)
(-0.232967,-0.627637)
(-0.288107,0.107678)
(-0.205258,0.103106)
(0.0922624,0.793071)
(-0.332602,-0.402928)
(0.285633,-0.152934)
(-0.264247,-1.0024)
(0.0428485,0.0872331)
(0.73729,-0.708841)
(-0.123069,-0.0474405)
(0.224823,-0.091157)
(-0.688303,-0.430638)
(-0.528356,-0.767159)
(-0.759907,0.413245)
(-0.143721,-0.322288)
(0.0122001,-0.850289)
(0.585001,-0.317593)
(-1.00214,0.0207514)
(-0.533708,-0.332744)
(1.0149,0.484169)
(-0.160847,-0.589521)
(0.687017,0.618465)
(0.449423,0.833727)
(-0.135032,0.448024)
(-0.0763495,0.0436641)
(0.790247,1.37725)
(0.249009,-0.399675)
(0.261713,-0.36347)
(0.215222,-0.739214)
(-0.658045,-0.380873)
(0.307242,0.5576)
(-0.405978,-0.35893)
(-0.207321,0.212625)
(0.16973,0.752835)
(-0.0385899,0.0250036)
(0.210658,0.817148)
(-0.0656122,0.0457671)
(-0.899064,-0.0909446)
(0.137276,-0.22029)
(-0.694904,-0.138064)
(1.29227,-0.182807)
(-0.167259,-0.111369)
(-0.403962,-0.258817)
(-0.809911,-0.583365)
(0.0262045,-0.736712)
(-0.347416,-0.313034)
(-0.717734,0.0261626)
(-0.53968,0.913105)
(0.294834,-0.142216)
(0.306679,0.0268823)
(-0.153467,-0.100404)
(-0.57102,1.2635)
(-0.553911,0.520081)
(0.284998,-0.0814329)
(0.497129,-0.485901)
(0.193372,0.840188)
(0.686203,-0.0814354)
(0.0407908,-0.630797)
(0.436856,0.547942)
(0.54203,0.132628)
(-0.121458,0.123046)
(-0.473442,0.303327)
(0.0245538,0.306635)
(-0.559395,0.435653)
(-1.01356,0.585259)
(0.269267,0.120598)
(0.214143,0.313796)
(-0.411133,0.636)
(0.193972,-0.993588)
(0.210971,0.106741)
(-0.746157,-0.13365)
(-0.316006,-0.588331)
(0.348738,-0.0869148)
(-0.0160229,-1.35994)
(-0.668409,0.175079)
(-0.322303,-0.546647)
(-0.191685,-0.0131131)
(-0.325111,0.0947715)
(-0.423946,0.589791)
(-0.938371,-0.602481)
(0.0421864,-0.0595276)
(0.612636,-0.521052)
(0.502278,-0.195531)
---------------------------
f_d = -2000
---------------------------
(0.0299786,-0.0370032)
(-0.279182,0.755843)
(0.589083,-0.909384)
(-0.466785,-0.0770328)
(-0.440058,0.113728)
(-0.86072,-0.562426)
(-0.467636,0.986006)
(-0.749129,0.422451)
(0.132779,0.263264)
(0.349798,-0.0950025)
(0.142006,0.0192418)
(0.912782,0.556118)
(0.451886,0.27087)
(-0.00143782,-0.158434)
(0.580218,-0.0472563)
(0.47047,0.474077)
(0.217781,-0.297381)
(-1.13884,-0.0428616)
(0.322572,0.968146)
(-1.71916,0.97973)
(0.38963,0.303988)
(-0.313876,-0.183216)
(-0.114993,0.0650027)
(-0.273538,0.0112588)
(0.153205,0.421219)
(0.255099,-0.694425)
(0.31656,0.221489)
(0.246605,0.300707)
(0.630286,-1.56178)
(-0.416796,-0.110482)
(0.310239,0.232565)
(0.373022,-1.21743)
(-0.248325,0.379021)
(-0.498127,0.685386)
(0.395791,0.62817)
(0.27694,1.01329)
(0.252268,-0.0509097)
(0.129742,0.0977803)
(-1.18157,0.690313)
(0.344906,-0.286667)
(0.364193,0.492453)
(-0.00625027,0.134461)
(0.879919,-0.0535926)
(-0.220831,-0.614117)
(0.102076,-0.516051)
(0.0246901,0.767819)
(0.88307,-0.265737)
(0.405636,0.0873479)
(-0.521286,0.0197536)
(0.0627667,0.259491)
(0.63916,-0.599194)
(-0.959477,0.337118)
(0.652464,0.689139)
(-0.175494,0.579581)
(-0.148532,0.309129)
(-0.390453,-0.26793)
(-1.61273,-0.0857707)
(-0.0574419,0.0359415)
(-0.430146,-0.660874)
(-0.323503,-1.48238)
(-0.229902,0.771801)
(0.381276,0.328923)
(-0.00537994,0.250582)
(0.088488,-0.310081)
(-0.36468,0.176067)
(0.496266,0.581227)
(-0.340072,-0.112703)
(0.125045,-0.246945)
(0.26111,-0.538689)
(-0.631599,0.653884)
(0.654371,-0.259614)
(0.082223,0.0108839)
(0.431865,0.834547)
(0.108233,0.12795)
(0.895191,0.527391)
(0.325461,0.542338)
(-0.314527,-1.03499)
(-0.408409,0.493688)
(-0.52613,-0.396873)
(-0.855634,-0.453339)
(0.410826,0.00896935)
(-0.338605,0.415495)
(-0.178025,0.621774)
(-0.0793396,-1.03395)
(0.405935,-0.343197)
(1.03645,-0.814291)
(0.107045,-0.0706957)
(-0.519497,0.544186)
(-0.0619906,0.414246)
(-0.536729,-0.18215)
(0.12261,-1.08997)
(-0.324954,1.70289)
(0.564828,-0.335429)
(-0.209744,0.817136)
(-0.0935985,0.478792)
(0.142836,0.424831)
(0.709044,-0.206103)
(0.130012,-0.774812)
(-0.545295,1.07328)
(-0.634935,0.0693436)
(0.142637,-0.182038)
(0.0988731,0.391748)
(0.0492528,-0.163476)
(0.859208,-0.601296)
(-0.0923159,0.289535)
(-0.577105,0.0511523)
(0.0898177,0.418317)
(1.3748,-0.859349)
(0.072299,-0.570608)
(0.278954,-0.550893)
(-0.571271,-0.244144)
(0.0963542,0.371698)
(-0.37496,-0.822204)
(1.23963,-0.145767)
(0.602556,-0.10957)
(-0.0161186,0.433646)
(0.0498364,-0.246803)
(-0.610315,0.532116)
(1.16157,-0.899028)
(-0.290093,0.833206)
(0.360784,-0.390495)
(-0.259143,-0.514434)
(0.0366325,-0.195553)
(-0.338968,0.379681)
(-1.0027,1.30445)
(0.929698,0.151697)
(0.473966,0.174675)
(0.610041,0.351123)
(-0.0194929,0.393613)
(0.653729,-0.223018)
(-0.283502,-0.408898)
(-0.4155,-0.421849)
(0.0864636,0.0730466)
(-0.268972,-1.06336)
(0.266545,0.0909497)
(1.08627,-0.159265)
(-0.24233,-0.237958)
(0.782308,0.376165)
(0.529897,0.317577)
(-0.412213,-0.407019)
(-0.318169,-0.0227957)
(-0.89101,0.110066)
(-0.497972,0.624036)
(-0.374615,0.115454)
(-0.0279154,0.168179)
(-0.141826,1.109)
(-0.943101,-0.4192)
(-0.798873,-0.607142)
(-0.0874956,0.0508215)
(-0.233897,-0.431144)
(-0.557518,-0.530112)
(0.221767,0.144989)
(0.0365733,-0.11857)
(0.073647,0.574923)
(-0.275281,-0.0460835)
(0.497354,0.00865777)
(-0.963936,0.115734)
(-2.22866,-0.53224)
(1.41071,-1.07976)
(-1.19826,1.23424)
(1.63588,0.0507474)
(-0.625257,0.0547023)
(-0.331419,-0.491423)
(0.615344,0.632024)
(0.491231,0.422047)
(-0.208262,-0.118811)
(-1.32381,0.450817)
(-0.22646,0.674761)
(0.475317,-1.02728)
(-0.433044,-0.996118)
(-0.718129,0.110433)
(0.852871,0.36721)
(-0.448544,-0.610212)
(-1.22376,0.298865)
(-0.527327,0.442694)
(0.793067,-0.43072)
(0.317212,-0.619735)
(0.289987,-0.636069)
(-0.314797,0.472475)
(0.0747369,0.59841)
(-0.0825275,-0.818031)
(-0.326108,0.314424)
(-1.21944,-0.730422)
(-0.487956,-0.302282)
(-0.289037,-1.27672)
(0.524554,-0.272721)
(-1.42948,0.182206)
(-0.550078,-0.67639)
(0.77424,-0.566632)
(0.137678,-2.34555)
(-0.9399,-1.34893)
(-1.65648,-0.121061)
(0.218118,0.520976)
(-0.216491,1.24943)
(-0.202862,0.605871)
(0.385302,0.54773)
(0.114457,1.2169)
(0.310531,0.513912)
(-0.282971,0.655444)
(-0.366268,-0.42105)
(0.684202,0.632017)
(-0.370934,0.316931)
(0.232571,0.974598)
(0.679097,-0.303635)
(-0.587936,-0.400838)
(0.182426,-0.322035)
(0.326764,1.00027)
(0.297571,0.131525)
(-0.359785,0.241667)
(-0.172925,1.21797)
(1.0267,-0.398963)
(-0.198118,0.768769)
(0.0611054,0.244178)
(0.384472,-0.0241332)
(0.355009,0.163143)
(-0.00188929,-0.444742)
(-0.431788,-1.11799)
(0.692949,0.252705)
(0.421723,-0.419907)
(0.096591,-0.368309)
(0.375942,0.199466)
(0.541806,0.214481)
(0.300003,-0.300723)
(0.612083,0.0688135)
(0.399451,0.176819)
(-0.748449,-0.355042)
(-0.0438697,-0.57253)
(0.408928,0.693727)
(0.0644952,0.17123)
(-0.614151,-0.112807)
(-0.00797444,-0.027745)
(-0.723923,-0.187287)
(0.722821,0.163119)
(-0.0414828,-0.844603)
(-0.509844,0.513197)
(-0.611248,-0.0961179)
(0.722231,0.867683)
(0.485305,0.111635)
(-0.38044,0.0507564)
(-0.693496,-0.718193)
(-0.0236278,0.398749)
(-0.488591,0.68867)
(0.437883,0.172395)
(-0.0566472,-0.180781)
(0.177506,0.183626)
(0.16003,-0.622081)
(0.492811,-0.11584)
(-0.587153,0.732228)
(0.405788,-0.830993)
(-0.552704,-0.142939)
(-0.119429,0.0602288)
(1.03463,-0.404333)
(0.283085,-0.383559)
(0.421922,-0.567764)
(-0.265109,-0.433308)
(0.335062,0.504076)
(-0.718729,0.071676)
(0.417454,0.422334)
(0.162311,-0.103242)
(1.32677,0.0335347)
(-1.00206,0.348238)
(-0.164946,0.287248)
(-0.0415175,-0.190008)
(0.600827,0.33302)
(-1.14543,-0.748848)
(-1.22811,0.207343)
(-1.11355,-0.0309064)
(0.273809,1.24284)
(1.02356,-0.32971)
(0.120083,-0.0543663)
(0.666055,0.913245)
(0.0387476,0.428692)
(-0.129044,-0.231929)
(0.337744,0.344727)
(-0.250173,-0.615115)
(0.000466146,0.861581)
(0.688288,0.430758)
(-1.33386,0.162564)
(0.348682,0.683788)
(-1.40538,-0.380734)
(-0.467864,-0.873862)
(-0.845949,0.032488)
(0.0905659,-0.0574598)
(0.122621,-0.393585)
(-0.845718,0.357198)
(-0.727554,0.382302)
(0.30427,-0.821244)
(0.43103,-0.30602)
(0.264818,-0.0234849)
(0.445981,-0.164404)
(-0.692622,-1.24585)
(-0.404404,0.189185)
(0.856414,0.459992)
(0.0645346,0.699133)
(0.832746,0.206479)
(-0.307649,0.549137)
(-0.759649,0.339627)
(0.23727,-0.208704)
(-0.11317,0.140482)
(-0.199799,0.28811)
(-0.0715855,-0.446289)
(-0.0913736,0.127844)
(0.574158,-0.145819)
(0.165284,0.0830543)
(0.422971,-0.624223)
(-0.321803,-0.103881)
(0.244802,0.429767)
(-0.49064,-0.268901)
(-0.49445,-1.19329)
(0.57285,-0.483797)
(0.951141,-0.21114)
(-0.189913,-0.245662)
(0.362066,0.256086)
(-0.422967,-0.380489)
(-0.600279,0.228178)
(0.22781,1.07624)
(-0.232955,-0.627642)
(-0.288152,0.107684)
(-0.205212,0.103122)
(0.0922837,0.793067)
(-0.332595,-0.402955)
(0.285583,-0.152966)
(-0.264227,-1.00238)
(0.0428209,0.0872347)
(0.737269,-0.708862)
(-0.123053,-0.0474715)
(0.224803,-0.0911401)
(-0.688284,-0.430642)
(-0.528348,-0.76717)
(-0.759892,0.41323)
(-0.143685,-0.322298)
(0.0121918,-0.850292)
(0.585043,-0.317603)
(-1.00213,0.0207574)
(-0.533698,-0.33271)
(1.01496,0.484048)
(-0.160844,-0.589527)
(0.687016,0.6185)
(0.449412,0.833705)
(-0.13499,0.448064)
(-0.0763719,0.0436488)
(0.790213,1.37723)
(0.248965,-0.399669)
(0.261709,-0.363469)
(0.215202,-0.739235)
(-0.658049,-0.380816)
(0.307221,0.557602)
(-0.406011,-0.358916)
(-0.207349,0.212648)
(0.169765,0.752841)
(-0.0386328,0.0249918)
(0.21064,0.817155)
(-0.0656144,0.0457336)
(-0.899061,-0.0909548)
(0.137247,-0.220281)
(-0.694911,-0.138028)
(1.29227,-0.182809)
(-0.167271,-0.111374)
(-0.403925,-0.258816)
(-0.809949,-0.58338)
(0.0261762,-0.736734)
(-0.347444,-0.313017)
(-0.717696,0.0261954)
(-0.539661,0.913102)
(0.294858,-0.14218)
(0.306676,0.0268696)
(-0.15346,-0.100353)
(-0.571008,1.26351)
(-0.553913,0.520112)
(0.284979,-0.0814637)
(0.49714,-0.485961)
(0.193328,0.840207)
(0.686222,-0.0814526)
(0.040807,-0.630812)
(0.436851,0.547893)
(0.542,0.132597)
(-0.121517,0.123031)
(-0.473477,0.30338)
(0.0245382,0.306577)
(-0.559442,0.435638)
(-1.0136,0.585274)
(0.26924,0.120648)
(0.21414,0.31374)
(-0.411142,0.63608)
(0.193971,-0.993635)
(0.210961,0.106721)
(-0.746133,-0.133678)
(-0.316066,-0.58834)
(0.348731,-0.0869016)
(-0.0160036,-1.35994)
(-0.668426,0.175065)
(-0.322247,-0.546736)
(-0.191694,-0.0130936)
(-0.32508,0.0947381)
(-0.42397,0.589732)
(-0.938363,-0.602425)
(0.0422387,-0.0595415)
(0.612608,-0.521045)
(0.502291,-0.195566)
(1.29067,0.115293)
---------------------------
f_d = -1000
---------------------------
(-0.279182,0.755843)
(0.589083,-0.909384)
(-0.466784,-0.0770328)
(-0.440057,0.113728)
(-0.860721,-0.562426)
(-0.467636,0.986006)
(-0.74913,0.422452)
(0.13278,0.263263)
(0.349796,-0.0950038)
(0.142007,0.0192409)
(0.912783,0.556115)
(0.451885,0.27087)
(-0.00143834,-0.158435)
(0.580219,-0.0472557)
(0.470469,0.474076)
(0.217779,-0.297379)
(-1.13884,-0.0428576)
(0.322572,0.968145)
(-1.71916,0.97973)
(0.38963,0.30399)
(-0.313877,-0.183212)
(-0.114991,0.0650049)
(-0.27354,0.0112568)
(0.153205,0.421222)
(0.2551,-0.694428)
(0.316556,0.22149)
(0.246604,0.300705)
(0.630288,-1.56178)
(-0.416795,-0.110485)
(0.310237,0.232562)
(0.373014,-1.21743)
(-0.248328,0.379024)
(-0.498117,0.685382)
(0.395794,0.628171)
(0.276942,1.01329)
(0.252266,-0.0509105)
(0.129743,0.0977783)
(-1.18157,0.690311)
(0.344907,-0.286669)
(0.364191,0.49245)
(-0.00625277,0.134467)
(0.879919,-0.0535961)
(-0.220833,-0.614118)
(0.102076,-0.516052)
(0.0246889,0.767822)
(0.883066,-0.265734)
(0.405641,0.0873458)
(-0.521287,0.01975)
(0.0627676,0.259496)
(0.639161,-0.599195)
(-0.959475,0.337124)
(0.652467,0.689126)
(-0.175491,0.579584)
(-0.148534,0.309128)
(-0.390455,-0.267926)
(-1.61274,-0.0857706)
(-0.0574459,0.0359423)
(-0.430149,-0.660875)
(-0.323496,-1.48237)
(-0.229903,0.771797)
(0.381274,0.32892)
(-0.00538002,0.250587)
(0.0884844,-0.310089)
(-0.364683,0.17607)
(0.496265,0.58123)
(-0.340079,-0.112693)
(0.125049,-0.246942)
(0.26111,-0.538691)
(-0.631604,0.653885)
(0.654366,-0.259618)
(0.0822213,0.0108858)
(0.431865,0.834544)
(0.10824,0.127937)
(0.895184,0.527391)
(0.325465,0.542337)
(-0.314529,-1.03498)
(-0.408411,0.493684)
(-0.526121,-0.39688)
(-0.855622,-0.453339)
(0.410833,0.0089667)
(-0.338609,0.415488)
(-0.178037,0.621775)
(-0.0793336,-1.03395)
(0.405912,-0.343209)
(1.03645,-0.814291)
(0.107047,-0.0706859)
(-0.519496,0.54419)
(-0.0619825,0.414236)
(-0.536744,-0.182148)
(0.122599,-1.08996)
(-0.324947,1.70289)
(0.564827,-0.335438)
(-0.209748,0.817143)
(-0.0936058,0.478783)
(0.142836,0.424843)
(0.709049,-0.20611)
(0.130013,-0.774828)
(-0.545289,1.07329)
(-0.634934,0.0693508)
(0.142635,-0.182048)
(0.0988738,0.391748)
(0.049248,-0.163484)
(0.859191,-0.601326)
(-0.0923302,0.289546)
(-0.577097,0.0511486)
(0.0898075,0.418318)
(1.37481,-0.859343)
(0.0722894,-0.570606)
(0.278947,-0.550888)
(-0.571263,-0.244141)
(0.0963508,0.3717)
(-0.374956,-0.822205)
(1.23962,-0.145776)
(0.602553,-0.109569)
(-0.0161171,0.433646)
(0.0498363,-0.246802)
(-0.610318,0.53211)
(1.16158,-0.899016)
(-0.290081,0.833209)
(0.360788,-0.390482)
(-0.259146,-0.514451)
(0.0366256,-0.195567)
(-0.338956,0.379669)
(-1.0027,1.30445)
(0.929694,0.151697)
(0.47398,0.174683)
(0.610029,0.351126)
(-0.0194972,0.393597)
(0.653723,-0.223021)
(-0.283512,-0.408907)
(-0.415518,-0.421814)
(0.0864778,0.0730534)
(-0.268969,-1.06336)
(0.266538,0.0909575)
(1.08628,-0.159262)
(-0.242319,-0.237941)
(0.782317,0.376158)
(0.52989,0.31758)
(-0.412201,-0.407025)
(-0.318187,-0.0227825)
(-0.891014,0.110067)
(-0.497971,0.62404)
(-0.374611,0.115459)
(-0.0279126,0.168165)
(-0.141839,1.109)
(-0.943107,-0.419198)
(-0.798869,-0.607133)
(-0.0874741,0.0508236)
(-0.233883,-0.431147)
(-0.55753,-0.530119)
(0.221772,0.144993)
(0.0366001,-0.11857)
(0.0736343,0.574919)
(-0.275291,-0.0460762)
(0.497368,0.0086559)
(-0.963945,0.115748)
(-2.22865,-0.532233)
(1.41071,-1.07976)
(-1.19828,1.23424)
(1.63588,0.0507582)
(-0.625241,0.0547044)
(-0.331425,-0.49143)
(0.615341,0.63201)
(0.491219,0.422062)
(-0.208258,-0.1188)
(-1.3238,0.45082)
(-0.226447,0.674761)
(0.475276,-1.02728)
(-0.433052,-0.996118)
(-0.718126,0.110451)
(0.852875,0.367231)
(-0.448548,-0.610217)
(-1.22375,0.298877)
(-0.527307,0.442689)
(0.793034,-0.430714)
(0.317208,-0.619755)
(0.289988,-0.636075)
(-0.314785,0.472491)
(0.0747316,0.598392)
(-0.0825247,-0.818022)
(-0.326094,0.314435)
(-1.21944,-0.730428)
(-0.487959,-0.302283)
(-0.289038,-1.27674)
(0.524536,-0.2727)
(-1.42945,0.182208)
(-0.550072,-0.676349)
(0.774236,-0.56666)
(0.137668,-2.34554)
(-0.939892,-1.34892)
(-1.6565,-0.121083)
(0.218096,0.520973)
(-0.216507,1.24945)
(-0.20285,0.605886)
(0.385311,0.547721)
(0.114468,1.2169)
(0.310522,0.513915)
(-0.282963,0.655447)
(-0.366255,-0.421058)
(0.684201,0.632006)
(-0.370913,0.316911)
(0.232561,0.974593)
(0.679104,-0.303609)
(-0.587961,-0.400837)
(0.182395,-0.322053)
(0.326769,1.00025)
(0.29757,0.131551)
(-0.359771,0.241678)
(-0.172933,1.21792)
(1.0267,-0.398947)
(-0.198127,0.768735)
(0.0611332,0.244184)
(0.384494,-0.0241522)
(0.355024,0.163151)
(-0.00189975,-0.444748)
(-0.431792,-1.11796)
(0.69294,0.25272)
(0.421722,-0.4199)
(0.0965779,-0.368276)
(0.37594,0.199487)
(0.541801,0.214467)
(0.300016,-0.300716)
(0.61211,0.0687955)
(0.399437,0.176818)
(-0.748439,-0.355038)
(-0.0438696,-0.572521)
(0.408939,0.693759)
(0.0644969,0.171215)
(-0.614132,-0.112769)
(-0.00797824,-0.0277783)
(-0.723927,-0.187301)
(0.72279,0.163102)
(-0.0414696,-0.844585)
(-0.509836,0.513194)
(-0.611265,-0.0961308)
(0.722236,0.867668)
(0.485272,0.111621)
(-0.380433,0.0507655)
(-0.693523,-0.718208)
(-0.0236353,0.39877)
(-0.488615,0.688654)
(0.437885,0.172418)
(-0.0566968,-0.180752)
(0.17752,0.183624)
(0.160034,-0.622079)
(0.49281,-0.115839)
(-0.587173,0.73222)
(0.405791,-0.830984)
(-0.552705,-0.142945)
(-0.119459,0.0602469)
(1.03467,-0.404344)
(0.283078,-0.383578)
(0.421913,-0.567759)
(-0.265116,-0.433333)
(0.334984,0.504138)
(-0.718736,0.0716866)
(0.417434,0.42235)
(0.162313,-0.103258)
(1.32677,0.0335624)
(-1.00204,0.348215)
(-0.164894,0.287249)
(-0.0415289,-0.190027)
(0.600806,0.333033)
(-1.14543,-0.748861)
(-1.22814,0.207338)
(-1.11355,-0.0309081)
(0.273795,1.24284)
(1.02357,-0.329685)
(0.120093,-0.0543739)
(0.666031,0.913212)
(0.0387646,0.428708)
(-0.129023,-0.231918)
(0.33773,0.34471)
(-0.250217,-0.615128)
(0.000476673,0.861639)
(0.688289,0.430758)
(-1.33386,0.162619)
(0.348706,0.683765)
(-1.40539,-0.380729)
(-0.467839,-0.873857)
(-0.845936,0.0324641)
(0.0905383,-0.0574972)
(0.122605,-0.393584)
(-0.845717,0.357238)
(-0.727533,0.382298)
(0.304256,-0.821262)
(0.431037,-0.306019)
(0.264793,-0.0235265)
(0.445926,-0.164372)
(-0.69262,-1.24581)
(-0.404423,0.189175)
(0.85641,0.459989)
(0.0645498,0.699107)
(0.832744,0.206477)
(-0.307676,0.549108)
(-0.759692,0.339629)
(0.23726,-0.208687)
(-0.113166,0.140507)
(-0.199794,0.288117)
(-0.0715467,-0.446262)
(-0.091364,0.127844)
(0.574154,-0.145853)
(0.165295,0.0830842)
(0.422993,-0.62423)
(-0.321782,-0.103883)
(0.244804,0.429765)
(-0.490635,-0.26889)
(-0.494453,-1.19331)
(0.572852,-0.483782)
(0.951145,-0.211151)
(-0.189948,-0.245713)
(0.362058,0.256113)
(-0.422954,-0.380512)
(-0.600269,0.228161)
(0.227813,1.07624)
(-0.232967,-0.627646)
(-0.288147,0.10771)
(-0.205218,0.103119)
(0.092266,0.793102)
(-0.332598,-0.402971)
(0.285609,-0.152944)
(-0.264237,-1.00242)
(0.0428506,0.0872209)
(0.737294,-0.708854)
(-0.123059,-0.0474601)
(0.224837,-0.0911557)
(-0.688304,-0.430676)
(-0.528341,-0.767175)
(-0.759889,0.413205)
(-0.143707,-0.322313)
(0.012219,-0.850276)
(0.585045,-0.317583)
(-1.00211,0.0207457)
(-0.533699,-0.332697)
(1.01493,0.484048)
(-0.160898,-0.589543)
(0.687024,0.618512)
(0.44942,0.833713)
(-0.134966,0.448055)
(-0.0763299,0.043657)
(0.790228,1.37725)
(0.248985,-0.399673)
(0.261704,-0.363458)
(0.215228,-0.739214)
(-0.658032,-0.380844)
(0.307185,0.557584)
(-0.405961,-0.358923)
(-0.207375,0.212594)
(0.169709,0.75284)
(-0.0385843,0.0250415)
(0.210625,0.817114)
(-0.0656281,0.0457339)
(-0.899068,-0.091008)
(0.137213,-0.220257)
(-0.69489,-0.138056)
(1.29227,-0.182818)
(-0.167261,-0.111379)
(-0.40396,-0.258821)
(-0.80996,-0.583347)
(0.0262073,-0.736738)
(-0.347425,-0.313009)
(-0.717709,0.0261452)
(-0.539667,0.913123)
(0.294852,-0.142201)
(0.306645,0.0268769)
(-0.153466,-0.10035)
(-0.57104,1.26353)
(-0.553893,0.520103)
(0.284999,-0.0814263)
(0.497161,-0.485957)
(0.193397,0.840234)
(0.686184,-0.0814527)
(0.0408227,-0.630768)
(0.436905,0.547924)
(0.542009,0.132567)
(-0.121482,0.123027)
(-0.473459,0.303342)
(0.0244972,0.306638)
(-0.559361,0.435635)
(-1.01361,0.585191)
(0.269265,0.12062)
(0.214062,0.313808)
(-0.411103,0.636014)
(0.193953,-0.99358)
(0.211006,0.106727)
(-0.746102,-0.133661)
(-0.31602,-0.588345)
(0.348684,-0.0869298)
(-0.0159962,-1.35993)
(-0.668407,0.175112)
(-0.322256,-0.546726)
(-0.191684,-0.013089)
(-0.325148,0.0947431)
(-0.423948,0.589752)
(-0.938368,-0.602447)
(0.0422082,-0.0595185)
(0.612637,-0.521016)
(0.502307,-0.195559)
(1.29073,0.115273)
(0.0299646,-0.0369991)
---------------------------
f_d = 0
---------------------------
(0.589082,-0.909384)
(-0.466784,-0.077033)
(-0.440057,0.113728)
(-0.860721,-0.562426)
(-0.467636,0.986006)
(-0.74913,0.422452)
(0.132779,0.263263)
(0.349797,-0.095004)
(0.142004,0.0192404)
(0.912783,0.556116)
(0.451886,0.270869)
(-0.00143871,-0.158435)
(0.580219,-0.0472578)
(0.470468,0.474077)
(0.217781,-0.297382)
(-1.13884,-0.0428583)
(0.32258,0.968142)
(-1.71916,0.979729)
(0.389631,0.303988)
(-0.313878,-0.183213)
(-0.114994,0.0650064)
(-0.273539,0.0112568)
(0.153206,0.421219)
(0.2551,-0.694426)
(0.316558,0.221486)
(0.246604,0.300705)
(0.630289,-1.56178)
(-0.416797,-0.110485)
(0.310238,0.232565)
(0.373016,-1.21743)
(-0.248326,0.379021)
(-0.49812,0.685385)
(0.395799,0.628166)
(0.276936,1.01329)
(0.252267,-0.0509078)
(0.129747,0.0977778)
(-1.18157,0.69031)
(0.344906,-0.286672)
(0.364191,0.492451)
(-0.00625146,0.134464)
(0.87992,-0.0535982)
(-0.220835,-0.614117)
(0.102074,-0.516054)
(0.0246898,0.767821)
(0.883066,-0.265735)
(0.405637,0.0873484)
(-0.521284,0.0197576)
(0.0627699,0.259493)
(0.63916,-0.599191)
(-0.95947,0.337119)
(0.652468,0.68913)
(-0.17548,0.57958)
(-0.148533,0.309129)
(-0.390456,-0.267927)
(-1.61274,-0.0857707)
(-0.0574492,0.0359432)
(-0.430149,-0.660877)
(-0.323496,-1.48237)
(-0.229902,0.771803)
(0.381272,0.328919)
(-0.0053799,0.250587)
(0.0884807,-0.310088)
(-0.364679,0.176068)
(0.496255,0.581233)
(-0.340076,-0.11269)
(0.125037,-0.246947)
(0.261111,-0.538687)
(-0.631594,0.653885)
(0.654363,-0.259625)
(0.0822255,0.010883)
(0.431862,0.834552)
(0.10824,0.127945)
(0.89519,0.527394)
(0.32546,0.542333)
(-0.31452,-1.03498)
(-0.408401,0.493686)
(-0.52612,-0.396871)
(-0.855629,-0.453332)
(0.410826,0.00897858)
(-0.338604,0.415487)
(-0.178028,0.621773)
(-0.079342,-1.03394)
(0.40592,-0.343209)
(1.03643,-0.814332)
(0.107041,-0.0707002)
(-0.519497,0.544199)
(-0.061991,0.414243)
(-0.536731,-0.182152)
(0.122611,-1.08996)
(-0.324948,1.70289)
(0.564826,-0.335442)
(-0.209743,0.817144)
(-0.093598,0.478789)
(0.142834,0.42483)
(0.709046,-0.206102)
(0.130015,-0.774815)
(-0.545293,1.0733)
(-0.634934,0.0693503)
(0.142629,-0.18205)
(0.0988892,0.391734)
(0.0492548,-0.163479)
(0.859189,-0.60132)
(-0.0923094,0.28954)
(-0.577105,0.05115)
(0.0898172,0.418322)
(1.37481,-0.859338)
(0.0723002,-0.570603)
(0.27894,-0.550891)
(-0.57127,-0.244143)
(0.0963584,0.371714)
(-0.374952,-0.822198)
(1.23964,-0.145762)
(0.60255,-0.109571)
(-0.0161097,0.433649)
(0.0498486,-0.246802)
(-0.61031,0.532107)
(1.16158,-0.899025)
(-0.290102,0.833223)
(0.360801,-0.390478)
(-0.259151,-0.514445)
(0.0366309,-0.195566)
(-0.33895,0.379682)
(-1.00268,1.30445)
(0.929698,0.151695)
(0.473975,0.174678)
(0.610029,0.351127)
(-0.0195116,0.393599)
(0.653737,-0.223)
(-0.283502,-0.408896)
(-0.415514,-0.421818)
(0.0864704,0.0730532)
(-0.268979,-1.06336)
(0.266546,0.0909486)
(1.08627,-0.159255)
(-0.242319,-0.237924)
(0.782312,0.376158)
(0.529893,0.317581)
(-0.412201,-0.407023)
(-0.318171,-0.022779)
(-0.891028,0.110067)
(-0.497964,0.624031)
(-0.374603,0.11546)
(-0.0279042,0.168171)
(-0.141823,1.10898)
(-0.943102,-0.4192)
(-0.79886,-0.607147)
(-0.0874912,0.0508265)
(-0.233888,-0.431136)
(-0.557519,-0.530115)
(0.221779,0.14497)
(0.0365916,-0.118568)
(0.0736405,0.574924)
(-0.275297,-0.0460868)
(0.497358,0.00866771)
(-0.96393,0.115747)
(-2.22866,-0.532245)
(1.41071,-1.07977)
(-1.19828,1.23423)
(1.63589,0.0507477)
(-0.625235,0.054691)
(-0.331425,-0.49142)
(0.615348,0.632017)
(0.491238,0.422053)
(-0.208263,-0.118806)
(-1.32382,0.450802)
(-0.226462,0.674749)
(0.475267,-1.02729)
(-0.433087,-0.996107)
(-0.718137,0.110431)
(0.852866,0.367233)
(-0.448562,-0.610204)
(-1.22377,0.298871)
(-0.527314,0.44269)
(0.793065,-0.430726)
(0.317181,-0.619739)
(0.289994,-0.63608)
(-0.314771,0.472509)
(0.0747485,0.5984)
(-0.0825253,-0.818039)
(-0.32611,0.314462)
(-1.21945,-0.730417)
(-0.487952,-0.302293)
(-0.289022,-1.27673)
(0.524544,-0.272695)
(-1.42948,0.182183)
(-0.550065,-0.676362)
(0.77422,-0.566645)
(0.137701,-2.34556)
(-0.939882,-1.34891)
(-1.65649,-0.121076)
(0.218099,0.520962)
(-0.216496,1.24945)
(-0.202838,0.605868)
(0.385319,0.547717)
(0.114463,1.21689)
(0.31051,0.513914)
(-0.282986,0.655427)
(-0.366267,-0.421044)
(0.684205,0.632004)
(-0.370929,0.316918)
(0.232556,0.974605)
(0.679089,-0.30363)
(-0.587943,-0.400824)
(0.182391,-0.322075)
(0.326798,1.00023)
(0.29759,0.13152)
(-0.359775,0.241665)
(-0.172949,1.21795)
(1.02672,-0.398962)
(-0.198118,0.76876)
(0.0611244,0.244177)
(0.384496,-0.0241327)
(0.355022,0.16315)
(-0.00190502,-0.444727)
(-0.431782,-1.11799)
(0.692932,0.252722)
(0.421699,-0.419899)
(0.0965886,-0.368292)
(0.375928,0.199457)
(0.541792,0.214486)
(0.300011,-0.300725)
(0.612098,0.0688017)
(0.399455,0.176822)
(-0.74844,-0.355031)
(-0.0438501,-0.572518)
(0.408916,0.693737)
(0.0644909,0.171227)
(-0.614137,-0.112784)
(-0.00799231,-0.0277399)
(-0.723881,-0.187309)
(0.722813,0.163115)
(-0.0414799,-0.844604)
(-0.509848,0.51322)
(-0.611258,-0.0961269)
(0.722262,0.867673)
(0.485303,0.111631)
(-0.380449,0.0507488)
(-0.693501,-0.71821)
(-0.0236169,0.398741)
(-0.488607,0.688647)
(0.437899,0.172405)
(-0.0566967,-0.180761)
(0.177501,0.183607)
(0.160031,-0.622076)
(0.49282,-0.115853)
(-0.587164,0.732214)
(0.405795,-0.830978)
(-0.552712,-0.142947)
(-0.119458,0.0602276)
(1.03464,-0.404351)
(0.283097,-0.383574)
(0.421922,-0.567753)
(-0.265137,-0.433333)
(0.335022,0.504118)
(-0.718755,0.0716458)
(0.417426,0.422353)
(0.162308,-0.103241)
(1.32679,0.0335628)
(-1.00207,0.348219)
(-0.164885,0.287268)
(-0.0414897,-0.190003)
(0.600836,0.333015)
(-1.14544,-0.748876)
(-1.22814,0.207363)
(-1.11354,-0.0309326)
(0.273783,1.24283)
(1.02356,-0.329701)
(0.120092,-0.0543724)
(0.666043,0.913244)
(0.0387808,0.428707)
(-0.129024,-0.231934)
(0.337741,0.344717)
(-0.250206,-0.615116)
(0.000466758,0.861599)
(0.688282,0.430767)
(-1.33386,0.162602)
(0.3487,0.683771)
(-1.40538,-0.380749)
(-0.467867,-0.873862)
(-0.845935,0.0324719)
(0.0905728,-0.057514)
(0.122624,-0.393601)
(-0.845738,0.357212)
(-0.727548,0.382275)
(0.304265,-0.821256)
(0.431039,-0.306024)
(0.264831,-0.0235306)
(0.445962,-0.164407)
(-0.692638,-1.24585)
(-0.40443,0.189172)
(0.856405,0.459994)
(0.0645618,0.699125)
(0.83277,0.206477)
(-0.307686,0.549113)
(-0.759681,0.339639)
(0.237299,-0.208694)
(-0.113155,0.140487)
(-0.199766,0.288132)
(-0.0715659,-0.446297)
(-0.091384,0.127866)
(0.574167,-0.145826)
(0.16527,0.0830944)
(0.422973,-0.624226)
(-0.321782,-0.103893)
(0.244783,0.429761)
(-0.490674,-0.26888)
(-0.494464,-1.19328)
(0.572868,-0.483803)
(0.951137,-0.211163)
(-0.189938,-0.245712)
(0.362098,0.25612)
(-0.423002,-0.380506)
(-0.600268,0.228184)
(0.22781,1.07626)
(-0.232971,-0.627645)
(-0.288122,0.107697)
(-0.205272,0.103113)
(0.0922573,0.793089)
(-0.332596,-0.402943)
(0.285622,-0.152942)
(-0.264235,-1.00242)
(0.0428435,0.0872134)
(0.7373,-0.708835)
(-0.123074,-0.0474529)
(0.224819,-0.0911576)
(-0.688282,-0.430646)
(-0.528316,-0.767194)
(-0.759901,0.413242)
(-0.143691,-0.322307)
(0.0121937,-0.850298)
(0.585041,-0.317599)
(-1.00213,0.0207532)
(-0.53371,-0.332716)
(1.0149,0.484039)
(-0.160919,-0.589541)
(0.687063,0.618377)
(0.449388,0.833757)
(-0.13499,0.448074)
(-0.0763355,0.0436581)
(0.790243,1.37727)
(0.248988,-0.399676)
(0.261691,-0.363457)
(0.215198,-0.739213)
(-0.658025,-0.380845)
(0.307218,0.557595)
(-0.405949,-0.358925)
(-0.207368,0.212633)
(0.16972,0.752816)
(-0.0386101,0.0250263)
(0.210644,0.817169)
(-0.0656105,0.0457113)
(-0.899068,-0.0909678)
(0.137252,-0.22026)
(-0.694902,-0.138046)
(1.29226,-0.182825)
(-0.167239,-0.111349)
(-0.403955,-0.25882)
(-0.809943,-0.583399)
(0.026169,-0.736724)
(-0.347435,-0.312982)
(-0.717693,0.0261655)
(-0.539647,0.913119)
(0.294836,-0.142182)
(0.306651,0.0268909)
(-0.153464,-0.100366)
(-0.571048,1.26351)
(-0.553899,0.52013)
(0.285019,-0.0814471)
(0.497157,-0.485931)
(0.193383,0.840181)
(0.686146,-0.0814281)
(0.0407649,-0.630774)
(0.436886,0.547936)
(0.542045,0.132582)
(-0.121466,0.123014)
(-0.473477,0.303335)
(0.0245015,0.306611)
(-0.559458,0.435606)
(-1.01357,0.58519)
(0.269241,0.120603)
(0.214084,0.313818)
(-0.411171,0.636018)
(0.193996,-0.993592)
(0.210948,0.10677)
(-0.746085,-0.133678)
(-0.316046,-0.588341)
(0.348727,-0.0869031)
(-0.0160219,-1.35995)
(-0.668415,0.175108)
(-0.322306,-0.546711)
(-0.191687,-0.0131024)
(-0.325111,0.0947364)
(-0.42399,0.589733)
(-0.938341,-0.602432)
(0.042212,-0.0595479)
(0.612623,-0.521051)
(0.502285,-0.195522)
(1.29074,0.115285)
(0.0299892,-0.0370384)
(-0.279183,0.755828)
---------------------------
f_d = 1000
---------------------------
(-0.466784,-0.077033)
(-0.440056,0.113728)
(-0.860721,-0.562425)
(-0.467635,0.986006)
(-0.74913,0.422453)
(0.132778,0.263264)
(0.349796,-0.0950045)
(0.142005,0.0192405)
(0.912783,0.556112)
(0.451886,0.270869)
(-0.00143863,-0.158435)
(0.58022,-0.0472585)
(0.470471,0.474075)
(0.21778,-0.297381)
(-1.13884,-0.0428582)
(0.322579,0.968141)
(-1.71916,0.97974)
(0.389631,0.30399)
(-0.313876,-0.183212)
(-0.114993,0.0650058)
(-0.273541,0.0112575)
(0.153206,0.42122)
(0.2551,-0.694428)
(0.316558,0.221488)
(0.246607,0.300703)
(0.630277,-1.56178)
(-0.416795,-0.110485)
(0.310235,0.232565)
(0.373017,-1.21742)
(-0.248326,0.379022)
(-0.498119,0.685384)
(0.395796,0.628166)
(0.27695,1.01329)
(0.252265,-0.0509114)
(0.129745,0.0977785)
(-1.18157,0.690313)
(0.344908,-0.28667)
(0.364191,0.492451)
(-0.00624977,0.134464)
(0.879919,-0.0535972)
(-0.220836,-0.614112)
(0.10207,-0.516055)
(0.0246932,0.76782)
(0.883066,-0.265734)
(0.405634,0.0873491)
(-0.521289,0.0197531)
(0.0627675,0.259492)
(0.639164,-0.599193)
(-0.959472,0.337119)
(0.652472,0.689127)
(-0.175483,0.579582)
(-0.148526,0.309132)
(-0.390457,-0.267925)
(-1.61274,-0.085771)
(-0.0574456,0.0359403)
(-0.430153,-0.660876)
(-0.323496,-1.48237)
(-0.229907,0.771802)
(0.381276,0.32892)
(-0.00538204,0.250582)
(0.0884746,-0.310088)
(-0.364679,0.176068)
(0.496258,0.581234)
(-0.340077,-0.112701)
(0.125036,-0.246949)
(0.261103,-0.538708)
(-0.631599,0.653886)
(0.654368,-0.259611)
(0.0822304,0.0108795)
(0.431863,0.834547)
(0.108231,0.12794)
(0.895186,0.527394)
(0.325461,0.542337)
(-0.314524,-1.03498)
(-0.408407,0.493689)
(-0.526125,-0.396867)
(-0.855627,-0.453339)
(0.410832,0.0089739)
(-0.338614,0.415492)
(-0.178028,0.621775)
(-0.079334,-1.03394)
(0.405917,-0.34321)
(1.03643,-0.814321)
(0.107054,-0.0707145)
(-0.519492,0.544188)
(-0.0619975,0.414249)
(-0.536738,-0.182149)
(0.122619,-1.08996)
(-0.32496,1.70289)
(0.564824,-0.33543)
(-0.209744,0.817141)
(-0.0935993,0.478788)
(0.142832,0.424838)
(0.709055,-0.206112)
(0.130012,-0.77481)
(-0.545291,1.07329)
(-0.634929,0.0693468)
(0.142636,-0.182045)
(0.0988868,0.391738)
(0.0492568,-0.163478)
(0.859182,-0.601325)
(-0.092314,0.289545)
(-0.577095,0.0511778)
(0.0897991,0.418312)
(1.37481,-0.859335)
(0.0722944,-0.570598)
(0.278949,-0.550882)
(-0.571281,-0.244148)
(0.0963577,0.371706)
(-0.37496,-0.822195)
(1.23963,-0.145766)
(0.602547,-0.109563)
(-0.0161098,0.433639)
(0.0498407,-0.246786)
(-0.610311,0.532111)
(1.16158,-0.899012)
(-0.290086,0.833217)
(0.360789,-0.390496)
(-0.259143,-0.514436)
(0.0366336,-0.195568)
(-0.338946,0.379672)
(-1.00266,1.30447)
(0.929713,0.151712)
(0.473989,0.174664)
(0.610036,0.351129)
(-0.0195129,0.39359)
(0.653716,-0.223022)
(-0.283507,-0.40891)
(-0.415522,-0.421803)
(0.0864718,0.0730465)
(-0.269021,-1.06335)
(0.266547,0.0909557)
(1.08627,-0.159256)
(-0.242334,-0.237947)
(0.782306,0.376158)
(0.529898,0.317581)
(-0.412206,-0.407028)
(-0.318185,-0.022792)
(-0.891019,0.110072)
(-0.49798,0.62404)
(-0.374605,0.115462)
(-0.0279051,0.168174)
(-0.141827,1.10899)
(-0.943097,-0.419202)
(-0.798875,-0.607142)
(-0.0874867,0.050839)
(-0.233889,-0.431159)
(-0.557522,-0.530121)
(0.221771,0.144986)
(0.0366032,-0.118576)
(0.0736492,0.57493)
(-0.275293,-0.046071)
(0.497355,0.00864357)
(-0.963939,0.115739)
(-2.22865,-0.532243)
(1.41071,-1.07976)
(-1.19826,1.23423)
(1.63588,0.0507459)
(-0.625242,0.0547053)
(-0.331415,-0.491422)
(0.615345,0.632008)
(0.491211,0.42205)
(-0.208263,-0.118798)
(-1.3238,0.450812)
(-0.226455,0.674762)
(0.475282,-1.02729)
(-0.43308,-0.996116)
(-0.718138,0.110451)
(0.852882,0.367223)
(-0.448561,-0.610215)
(-1.22376,0.298873)
(-0.527306,0.442677)
(0.793081,-0.430713)
(0.317203,-0.619733)
(0.289975,-0.636084)
(-0.314774,0.472504)
(0.0747345,0.598398)
(-0.0825245,-0.818022)
(-0.326091,0.314434)
(-1.21946,-0.730411)
(-0.487953,-0.302279)
(-0.289026,-1.27673)
(0.524552,-0.272692)
(-1.42948,0.182186)
(-0.550079,-0.676355)
(0.774243,-0.566639)
(0.137678,-2.34555)
(-0.939863,-1.34892)
(-1.65651,-0.121055)
(0.218107,0.520974)
(-0.216505,1.24943)
(-0.202852,0.605882)
(0.385321,0.547733)
(0.114482,1.2169)
(0.310531,0.513898)
(-0.282989,0.655433)
(-0.366265,-0.421045)
(0.684192,0.632015)
(-0.370906,0.316938)
(0.232555,0.974593)
(0.679129,-0.303628)
(-0.587936,-0.40084)
(0.182385,-0.322055)
(0.326787,1.00021)
(0.297589,0.131516)
(-0.359756,0.241661)
(-0.172942,1.21795)
(1.02672,-0.398961)
(-0.198127,0.768765)
(0.0611312,0.24419)
(0.384494,-0.0241574)
(0.355031,0.163178)
(-0.00189296,-0.444714)
(-0.43178,-1.11799)
(0.692942,0.252708)
(0.42171,-0.419911)
(0.0965746,-0.368299)
(0.375922,0.19948)
(0.541822,0.214461)
(0.299983,-0.300725)
(0.612097,0.068811)
(0.399447,0.176827)
(-0.748413,-0.355024)
(-0.0438728,-0.572541)
(0.40892,0.693743)
(0.064518,0.171229)
(-0.614156,-0.112767)
(-0.00797506,-0.0277594)
(-0.723922,-0.187294)
(0.72282,0.163115)
(-0.0414713,-0.844587)
(-0.509852,0.513195)
(-0.611282,-0.0961372)
(0.722237,0.867685)
(0.485267,0.11164)
(-0.380412,0.0507617)
(-0.693508,-0.718207)
(-0.0236095,0.398756)
(-0.488636,0.688658)
(0.437896,0.172417)
(-0.0566943,-0.180766)
(0.177514,0.183608)
(0.159988,-0.62209)
(0.492806,-0.115854)
(-0.587149,0.73222)
(0.405791,-0.830993)
(-0.552727,-0.142951)
(-0.11945,0.0602275)
(1.03468,-0.404356)
(0.283099,-0.383573)
(0.421936,-0.567762)
(-0.265136,-0.433329)
(0.335011,0.504111)
(-0.718751,0.071675)
(0.417432,0.422363)
(0.162287,-0.103258)
(1.32677,0.0335488)
(-1.00206,0.348241)
(-0.16489,0.28728)
(-0.0415128,-0.190027)
(0.600923,0.332992)
(-1.14544,-0.748865)
(-1.22811,0.207354)
(-1.11357,-0.0309362)
(0.273821,1.24285)
(1.02357,-0.32973)
(0.120089,-0.0543733)
(0.666013,0.913252)
(0.0387616,0.428675)
(-0.12903,-0.231927)
(0.337772,0.344705)
(-0.250223,-0.615125)
(0.000467354,0.861588)
(0.688281,0.430755)
(-1.33387,0.162616)
(0.348694,0.683771)
(-1.40538,-0.380728)
(-0.467846,-0.873873)
(-0.845942,0.0324968)
(0.0905835,-0.0574836)
(0.122626,-0.39357)
(-0.845714,0.357194)
(-0.727515,0.382282)
(0.304256,-0.821228)
(0.431033,-0.306014)
(0.264835,-0.0235275)
(0.44596,-0.164377)
(-0.692611,-1.24586)
(-0.404418,0.189146)
(0.856399,0.459987)
(0.0645435,0.699103)
(0.832753,0.206481)
(-0.307664,0.549136)
(-0.75971,0.339621)
(0.237256,-0.208713)
(-0.113179,0.140518)
(-0.199798,0.288139)
(-0.0715829,-0.446251)
(-0.0913369,0.127856)
(0.574151,-0.145848)
(0.165271,0.0831033)
(0.422971,-0.624225)
(-0.321788,-0.103871)
(0.244812,0.429752)
(-0.490636,-0.268893)
(-0.494481,-1.19331)
(0.572856,-0.483776)
(0.95116,-0.211127)
(-0.189944,-0.245704)
(0.362089,0.256085)
(-0.423002,-0.380488)
(-0.600271,0.228192)
(0.227798,1.07628)
(-0.232963,-0.627646)
(-0.288147,0.107679)
(-0.205251,0.1031)
(0.0922984,0.793074)
(-0.332601,-0.402956)
(0.285583,-0.152944)
(-0.264218,-1.00242)
(0.0428673,0.0872328)
(0.737297,-0.708858)
(-0.12305,-0.0474265)
(0.224831,-0.0911519)
(-0.688274,-0.430632)
(-0.528328,-0.767177)
(-0.759874,0.413236)
(-0.143685,-0.322306)
(0.0122096,-0.850286)
(0.585054,-0.31759)
(-1.00213,0.0207694)
(-0.533709,-0.332703)
(1.01496,0.484027)
(-0.160938,-0.589547)
(0.687052,0.618366)
(0.449489,0.833666)
(-0.135016,0.448044)
(-0.0763588,0.0436792)
(0.790248,1.37724)
(0.248965,-0.399649)
(0.26169,-0.363478)
(0.215231,-0.739244)
(-0.65804,-0.380863)
(0.307232,0.557615)
(-0.405986,-0.358949)
(-0.207405,0.212628)
(0.169708,0.752842)
(-0.0386078,0.0249963)
(0.210628,0.817155)
(-0.0656227,0.0457655)
(-0.899054,-0.0909902)
(0.13725,-0.220302)
(-0.694892,-0.138057)
(1.29229,-0.182783)
(-0.167215,-0.111378)
(-0.403937,-0.258807)
(-0.809933,-0.583384)
(0.0261837,-0.736747)
(-0.347416,-0.313004)
(-0.717732,0.0261667)
(-0.539643,0.913129)
(0.294824,-0.142204)
(0.306669,0.0268629)
(-0.153479,-0.100379)
(-0.57103,1.26351)
(-0.553918,0.520115)
(0.284997,-0.0814294)
(0.49716,-0.485901)
(0.193376,0.840222)
(0.686201,-0.0814142)
(0.0408195,-0.630776)
(0.436899,0.547906)
(0.542032,0.132605)
(-0.121437,0.123044)
(-0.47343,0.303325)
(0.0245075,0.306615)
(-0.5594,0.435599)
(-1.01361,0.585186)
(0.269281,0.120646)
(0.214137,0.313767)
(-0.411179,0.636031)
(0.193963,-0.993609)
(0.211005,0.106774)
(-0.746147,-0.133665)
(-0.316,-0.588346)
(0.348734,-0.0869277)
(-0.0160073,-1.35992)
(-0.66843,0.175081)
(-0.322245,-0.546721)
(-0.191679,-0.0131154)
(-0.325112,0.0947536)
(-0.423983,0.589743)
(-0.938359,-0.602445)
(0.0421831,-0.0595611)
(0.612626,-0.521016)
(0.502304,-0.195585)
(1.29068,0.115281)
(0.0300009,-0.036988)
(-0.279102,0.755825)
(0.589012,-0.909445)
---------------------------
f_d = 2000
---------------------------
(-0.440056,0.113728)
(-0.860722,-0.562425)
(-0.467634,0.986006)
(-0.74913,0.422453)
(0.132778,0.263263)
(0.349795,-0.0950042)
(0.142005,0.0192404)
(0.912785,0.556112)
(0.451887,0.270868)
(-0.00143835,-0.158434)
(0.580219,-0.0472598)
(0.47047,0.474075)
(0.217781,-0.297382)
(-1.13884,-0.0428587)
(0.32258,0.968143)
(-1.71916,0.979739)
(0.389629,0.30399)
(-0.313878,-0.183212)
(-0.114994,0.0650058)
(-0.273541,0.0112586)
(0.153206,0.421221)
(0.255101,-0.694427)
(0.316558,0.221486)
(0.246605,0.300705)
(0.630283,-1.56178)
(-0.416796,-0.110488)
(0.310239,0.232562)
(0.373015,-1.21743)
(-0.24833,0.379025)
(-0.49812,0.685383)
(0.395797,0.628164)
(0.276946,1.01329)
(0.25227,-0.0509081)
(0.129743,0.0977745)
(-1.18157,0.69031)
(0.344904,-0.28667)
(0.364188,0.492455)
(-0.00624988,0.13446)
(0.879917,-0.0535945)
(-0.220834,-0.614115)
(0.102066,-0.516058)
(0.0246969,0.767814)
(0.883065,-0.265732)
(0.405634,0.0873506)
(-0.521284,0.0197521)
(0.062768,0.259492)
(0.639165,-0.599192)
(-0.959474,0.337122)
(0.652473,0.689132)
(-0.175476,0.579586)
(-0.148529,0.309128)
(-0.390451,-0.267922)
(-1.61274,-0.0857698)
(-0.0574517,0.0359406)
(-0.43015,-0.660876)
(-0.323497,-1.48238)
(-0.229906,0.771805)
(0.381271,0.328921)
(-0.00537801,0.250587)
(0.088479,-0.310094)
(-0.364684,0.176061)
(0.496258,0.581232)
(-0.340079,-0.112701)
(0.125046,-0.246948)
(0.2611,-0.538702)
(-0.631587,0.653901)
(0.654365,-0.259617)
(0.0822172,0.0108876)
(0.431865,0.834551)
(0.108236,0.12794)
(0.895189,0.527388)
(0.325455,0.542334)
(-0.314525,-1.03498)
(-0.408409,0.493686)
(-0.526126,-0.396865)
(-0.855634,-0.453334)
(0.410832,0.00897115)
(-0.338608,0.415489)
(-0.17803,0.621773)
(-0.0793287,-1.03395)
(0.405918,-0.343212)
(1.03643,-0.814331)
(0.107059,-0.0707101)
(-0.519476,0.544199)
(-0.0619954,0.414247)
(-0.536744,-0.182146)
(0.122611,-1.08996)
(-0.324952,1.70289)
(0.56482,-0.335431)
(-0.20975,0.817136)
(-0.0936032,0.47879)
(0.142831,0.424841)
(0.70905,-0.206101)
(0.130013,-0.774815)
(-0.545305,1.0733)
(-0.634924,0.0693592)
(0.142634,-0.182041)
(0.0988857,0.391743)
(0.0492533,-0.163482)
(0.859187,-0.601326)
(-0.0923084,0.289539)
(-0.57711,0.0511658)
(0.0897974,0.418328)
(1.3748,-0.859341)
(0.0722971,-0.570596)
(0.278936,-0.550892)
(-0.571272,-0.24414)
(0.0963546,0.371705)
(-0.374952,-0.822193)
(1.23962,-0.14576)
(0.602557,-0.109556)
(-0.0161288,0.43364)
(0.0498513,-0.246797)
(-0.610325,0.532117)
(1.16157,-0.899009)
(-0.290091,0.833219)
(0.360793,-0.390489)
(-0.259143,-0.514444)
(0.0366327,-0.19555)
(-0.338952,0.379672)
(-1.00266,1.30446)
(0.929693,0.151685)
(0.473977,0.174677)
(0.610036,0.35113)
(-0.0195187,0.393602)
(0.653724,-0.22302)
(-0.283505,-0.408929)
(-0.415518,-0.421825)
(0.0864549,0.0730558)
(-0.269018,-1.06335)
(0.266535,0.0909154)
(1.08627,-0.15926)
(-0.242324,-0.237942)
(0.782314,0.376147)
(0.529899,0.317577)
(-0.41221,-0.407021)
(-0.318173,-0.022787)
(-0.891028,0.110067)
(-0.497977,0.624039)
(-0.374621,0.11545)
(-0.027913,0.168169)
(-0.141828,1.109)
(-0.943105,-0.419184)
(-0.798866,-0.607135)
(-0.0874842,0.0508194)
(-0.233898,-0.431147)
(-0.55751,-0.530109)
(0.221788,0.144984)
(0.0365861,-0.118569)
(0.0736504,0.574933)
(-0.275298,-0.0460763)
(0.497345,0.0086632)
(-0.963936,0.115732)
(-2.22865,-0.532231)
(1.41071,-1.07976)
(-1.19828,1.23423)
(1.6359,0.0507563)
(-0.625241,0.0546999)
(-0.331436,-0.491432)
(0.615347,0.632019)
(0.49122,0.422051)
(-0.208253,-0.118816)
(-1.32381,0.450821)
(-0.226468,0.674757)
(0.475277,-1.02729)
(-0.433083,-0.996109)
(-0.718139,0.110452)
(0.852891,0.367186)
(-0.448565,-0.610209)
(-1.22376,0.298882)
(-0.527325,0.442692)
(0.793074,-0.430721)
(0.317198,-0.619728)
(0.28998,-0.636084)
(-0.314789,0.472478)
(0.0747524,0.598399)
(-0.0825163,-0.818011)
(-0.326103,0.31445)
(-1.21946,-0.730427)
(-0.487989,-0.302291)
(-0.289025,-1.27673)
(0.524547,-0.272716)
(-1.42947,0.182188)
(-0.550063,-0.676365)
(0.774229,-0.566667)
(0.137673,-2.34553)
(-0.939904,-1.34891)
(-1.65648,-0.121054)
(0.218092,0.520962)
(-0.216497,1.24945)
(-0.202848,0.60588)
(0.385302,0.547722)
(0.114458,1.2169)
(0.310533,0.513913)
(-0.282968,0.655429)
(-0.36625,-0.421058)
(0.684188,0.631994)
(-0.370913,0.31691)
(0.232545,0.97459)
(0.679117,-0.30363)
(-0.587926,-0.400823)
(0.182391,-0.322056)
(0.326799,1.00023)
(0.297591,0.131494)
(-0.359784,0.241671)
(-0.172929,1.21796)
(1.0267,-0.398948)
(-0.198127,0.768752)
(0.0611262,0.244177)
(0.38448,-0.0241387)
(0.355024,0.163144)
(-0.00192202,-0.444716)
(-0.43181,-1.11797)
(0.692925,0.25271)
(0.421715,-0.419902)
(0.0965844,-0.368296)
(0.375923,0.199464)
(0.541813,0.214477)
(0.300037,-0.30072)
(0.61209,0.0687881)
(0.39946,0.176805)
(-0.748411,-0.35503)
(-0.0438658,-0.572515)
(0.408925,0.69376)
(0.0645006,0.171231)
(-0.614159,-0.112773)
(-0.00798032,-0.027762)
(-0.723897,-0.187281)
(0.722804,0.163106)
(-0.0414531,-0.844579)
(-0.509845,0.513197)
(-0.611268,-0.0961365)
(0.722243,0.867677)
(0.485268,0.111633)
(-0.380413,0.0507523)
(-0.693508,-0.718168)
(-0.02364,0.398748)
(-0.488593,0.688677)
(0.437916,0.17237)
(-0.0566828,-0.180743)
(0.17752,0.183595)
(0.160017,-0.622082)
(0.492816,-0.115887)
(-0.587143,0.732207)
(0.405799,-0.830984)
(-0.552713,-0.14297)
(-0.119456,0.0602458)
(1.03468,-0.404339)
(0.283087,-0.383576)
(0.421922,-0.567746)
(-0.265103,-0.433324)
(0.335008,0.504115)
(-0.718745,0.0716575)
(0.417416,0.422381)
(0.16229,-0.10327)
(1.32676,0.0335408)
(-1.00207,0.348247)
(-0.164897,0.287274)
(-0.0415104,-0.190019)
(0.600916,0.332964)
(-1.14545,-0.748763)
(-1.22813,0.207336)
(-1.11358,-0.0309011)
(0.273797,1.2428)
(1.02356,-0.329703)
(0.120112,-0.054389)
(0.666011,0.913244)
(0.0387449,0.428688)
(-0.129006,-0.231914)
(0.337751,0.344705)
(-0.250176,-0.615099)
(0.000480383,0.861594)
(0.688276,0.430747)
(-1.33385,0.162587)
(0.348679,0.683791)
(-1.40537,-0.380754)
(-0.467853,-0.873846)
(-0.84591,0.0324877)
(0.0905365,-0.057503)
(0.122634,-0.393582)
(-0.845691,0.357195)
(-0.727511,0.382298)
(0.304261,-0.821246)
(0.431019,-0.306033)
(0.264836,-0.0235103)
(0.445982,-0.164401)
(-0.69262,-1.24583)
(-0.404392,0.189168)
(0.856423,0.459999)
(0.064555,0.699096)
(0.832768,0.206454)
(-0.307663,0.5491)
(-0.7597,0.339609)
(0.237267,-0.208726)
(-0.113162,0.14048)
(-0.199805,0.288121)
(-0.0715692,-0.446283)
(-0.09139,0.127872)
(0.574158,-0.145823)
(0.165286,0.0830912)
(0.422965,-0.624207)
(-0.321786,-0.103879)
(0.244795,0.429759)
(-0.490623,-0.268877)
(-0.494452,-1.19329)
(0.572874,-0.483787)
(0.951142,-0.21113)
(-0.189948,-0.245689)
(0.362097,0.256099)
(-0.422959,-0.380483)
(-0.600266,0.22818)
(0.227802,1.07622)
(-0.232994,-0.627668)
(-0.288134,0.107685)
(-0.205233,0.103105)
(0.0922876,0.793068)
(-0.332583,-0.40294)
(0.285618,-0.152954)
(-0.264237,-1.00242)
(0.0428433,0.0872495)
(0.737268,-0.708867)
(-0.12306,-0.0474568)
(0.224808,-0.0911163)
(-0.688287,-0.430646)
(-0.528353,-0.767198)
(-0.759893,0.413239)
(-0.143708,-0.322283)
(0.0121969,-0.850268)
(0.585055,-0.317586)
(-1.00213,0.0207484)
(-0.533688,-0.332717)
(1.0149,0.484035)
(-0.160903,-0.589511)
(0.687044,0.618347)
(0.449493,0.833665)
(-0.134944,0.448058)
(-0.0763714,0.0436666)
(0.790218,1.37725)
(0.248991,-0.399655)
(0.261724,-0.363461)
(0.215223,-0.73923)
(-0.658035,-0.380835)
(0.307214,0.557607)
(-0.405969,-0.358894)
(-0.207346,0.212608)
(0.169731,0.752826)
(-0.0386296,0.0250029)
(0.210675,0.817115)
(-0.0656572,0.0457653)
(-0.899052,-0.0909587)
(0.137261,-0.220252)
(-0.694891,-0.138039)
(1.29229,-0.182813)
(-0.167281,-0.111367)
(-0.403934,-0.25882)
(-0.809954,-0.583359)
(0.0261848,-0.736728)
(-0.347398,-0.313027)
(-0.717701,0.0261621)
(-0.539656,0.913096)
(0.294881,-0.142195)
(0.306674,0.0268444)
(-0.153472,-0.100353)
(-0.571035,1.26349)
(-0.553915,0.520085)
(0.285,-0.0814352)
(0.49715,-0.485928)
(0.193352,0.840212)
(0.686179,-0.0813931)
(0.0408126,-0.63079)
(0.436873,0.547926)
(0.542029,0.132601)
(-0.12145,0.123039)
(-0.473428,0.303367)
(0.0245442,0.306589)
(-0.55938,0.435615)
(-1.01359,0.585213)
(0.269241,0.120641)
(0.214114,0.313799)
(-0.411169,0.636016)
(0.193938,-0.993575)
(0.210962,0.106706)
(-0.746134,-0.133638)
(-0.316066,-0.588345)
(0.348777,-0.086901)
(-0.0160134,-1.35992)
(-0.668428,0.175106)
(-0.322272,-0.546741)
(-0.191699,-0.0130787)
(-0.325111,0.0947241)
(-0.423969,0.589709)
(-0.938347,-0.602487)
(0.0422185,-0.0595502)
(0.612642,-0.521026)
(0.50229,-0.195557)
(1.29076,0.115306)
(0.0299803,-0.0370494)
(-0.279155,0.755829)
(0.589094,-0.909391)
(-0.46677,-0.0770935)
---------------------------
f_d = 3000
---------------------------
(-0.860722,-0.562426)
(-0.467631,0.986005)
(-0.749125,0.422456)
(0.132783,0.263266)
(0.349799,-0.0949991)
(0.142008,0.0192476)
(0.912786,0.556121)
(0.451886,0.27088)
(-0.00144418,-0.158424)
(0.580211,-0.04725)
(0.470462,0.474081)
(0.217768,-0.297378)
(-1.13885,-0.0428586)
(0.322567,0.968137)
(-1.71917,0.979731)
(0.389625,0.303978)
(-0.313879,-0.18322)
(-0.114989,0.0649966)
(-0.273534,0.011251)
(0.153214,0.421217)
(0.255104,-0.694429)
(0.316568,0.221488)
(0.246615,0.300707)
(0.630288,-1.56177)
(-0.416788,-0.110476)
(0.310244,0.23257)
(0.373018,-1.21742)
(-0.248328,0.379034)
(-0.498128,0.685393)
(0.395787,0.628173)
(0.276939,1.0133)
(0.252259,-0.0509077)
(0.129742,0.0977742)
(-1.18158,0.690306)
(0.344906,-0.286672)
(0.364195,0.492449)
(-0.00624755,0.134461)
(0.879923,-0.0535934)
(-0.220835,-0.614112)
(0.10207,-0.516053)
(0.0246941,0.767823)
(0.883062,-0.265735)
(0.405629,0.0873546)
(-0.521296,0.0197554)
(0.0627547,0.259498)
(0.639152,-0.599189)
(-0.959489,0.337123)
(0.652459,0.689121)
(-0.175494,0.579576)
(-0.148536,0.309125)
(-0.390453,-0.267938)
(-1.61274,-0.0857702)
(-0.0574417,0.0359256)
(-0.43014,-0.660888)
(-0.323486,-1.48238)
(-0.229898,0.771797)
(0.381278,0.328922)
(-0.00537746,0.250587)
(0.0884818,-0.310085)
(-0.364676,0.176071)
(0.49627,0.581223)
(-0.340074,-0.112696)
(0.125053,-0.246949)
(0.261108,-0.538691)
(-0.631586,0.6539)
(0.654352,-0.259625)
(0.0822192,0.0108908)
(0.431859,0.834555)
(0.10823,0.127945)
(0.89518,0.527395)
(0.325449,0.542333)
(-0.314527,-1.03499)
(-0.408406,0.493676)
(-0.526122,-0.396883)
(-0.855624,-0.453348)
(0.410833,0.00896449)
(-0.3386,0.415484)
(-0.178023,0.621773)
(-0.0793251,-1.03395)
(0.405922,-0.343198)
(1.03643,-0.814312)
(0.107064,-0.0707099)
(-0.519484,0.544201)
(-0.0619821,0.414252)
(-0.536741,-0.182147)
(0.122603,-1.08996)
(-0.324952,1.70288)
(0.564829,-0.335435)
(-0.209763,0.817138)
(-0.0936066,0.478784)
(0.14283,0.424835)
(0.709044,-0.206101)
(0.130011,-0.774818)
(-0.545293,1.07328)
(-0.634932,0.0693463)
(0.142624,-0.182044)
(0.0988891,0.391741)
(0.049261,-0.163493)
(0.859197,-0.601328)
(-0.092296,0.289538)
(-0.577094,0.0511631)
(0.0898067,0.418332)
(1.37479,-0.859365)
(0.0722963,-0.570606)
(0.278948,-0.550881)
(-0.571267,-0.244133)
(0.0963609,0.371719)
(-0.374959,-0.822194)
(1.23962,-0.145752)
(0.602551,-0.109557)
(-0.016131,0.433663)
(0.0498494,-0.2468)
(-0.610319,0.532113)
(1.16156,-0.899017)
(-0.290096,0.833219)
(0.360783,-0.390485)
(-0.259148,-0.514435)
(0.0366305,-0.195554)
(-0.338967,0.37968)
(-1.00268,1.30448)
(0.929695,0.151701)
(0.47398,0.174677)
(0.610031,0.351127)
(-0.0195124,0.393595)
(0.653716,-0.223021)
(-0.283503,-0.408926)
(-0.4155,-0.421831)
(0.0864837,0.0730522)
(-0.269026,-1.06335)
(0.266541,0.0909286)
(1.08628,-0.159315)
(-0.242337,-0.237934)
(0.782301,0.376171)
(0.529885,0.317585)
(-0.412226,-0.407015)
(-0.318192,-0.0227911)
(-0.891039,0.110057)
(-0.497981,0.624016)
(-0.374629,0.115448)
(-0.0279186,0.168149)
(-0.141823,1.10898)
(-0.943108,-0.419219)
(-0.798878,-0.607164)
(-0.0874769,0.0508107)
(-0.233874,-0.43115)
(-0.557511,-0.53012)
(0.221774,0.144993)
(0.0365934,-0.118563)
(0.0736414,0.574924)
(-0.275295,-0.0460829)
(0.497357,0.00865257)
(-0.963947,0.115727)
(-2.22864,-0.532245)
(1.41071,-1.07976)
(-1.19825,1.23423)
(1.63588,0.0507465)
(-0.625248,0.0547086)
(-0.331433,-0.49144)
(0.615332,0.632014)
(0.491215,0.422059)
(-0.208262,-0.118814)
(-1.32381,0.450798)
(-0.226462,0.674743)
(0.475281,-1.0273)
(-0.433075,-0.99613)
(-0.718131,0.110439)
(0.852898,0.367163)
(-0.448556,-0.610196)
(-1.22375,0.298859)
(-0.527308,0.44268)
(0.793081,-0.430718)
(0.317203,-0.61974)
(0.289977,-0.636087)
(-0.314779,0.472504)
(0.0747167,0.598385)
(-0.0825237,-0.818025)
(-0.326109,0.31442)
(-1.21946,-0.730439)
(-0.487938,-0.302311)
(-0.289031,-1.27675)
(0.524561,-0.272703)
(-1.42943,0.18218)
(-0.550047,-0.676351)
(0.774267,-0.566637)
(0.137697,-2.34554)
(-0.939865,-1.34889)
(-1.65648,-0.121063)
(0.218099,0.520997)
(-0.216501,1.24946)
(-0.202859,0.605894)
(0.385289,0.54772)
(0.114481,1.21691)
(0.310524,0.513922)
(-0.282983,0.655451)
(-0.366236,-0.421056)
(0.68419,0.632009)
(-0.370916,0.316916)
(0.232557,0.974604)
(0.679113,-0.30362)
(-0.587943,-0.40082)
(0.182398,-0.322018)
(0.326793,1.00023)
(0.297579,0.131525)
(-0.359761,0.241671)
(-0.172891,1.21795)
(1.02671,-0.398955)
(-0.198139,0.768753)
(0.061135,0.244187)
(0.384496,-0.0241672)
(0.355038,0.163169)
(-0.00189077,-0.44474)
(-0.431774,-1.11799)
(0.692933,0.252703)
(0.421735,-0.419906)
(0.0965847,-0.368296)
(0.375942,0.199474)
(0.541807,0.214478)
(0.300008,-0.300712)
(0.6121,0.0688293)
(0.399452,0.176801)
(-0.748426,-0.355024)
(-0.0438787,-0.572508)
(0.408916,0.693753)
(0.0645053,0.171224)
(-0.614144,-0.112787)
(-0.00797861,-0.0277667)
(-0.723913,-0.187298)
(0.722806,0.163117)
(-0.0414883,-0.844573)
(-0.509834,0.513205)
(-0.611267,-0.0961243)
(0.722238,0.867663)
(0.485268,0.111618)
(-0.380419,0.0507365)
(-0.69351,-0.718184)
(-0.023655,0.398753)
(-0.48862,0.688636)
(0.43786,0.172417)
(-0.056658,-0.180755)
(0.177509,0.183629)
(0.160027,-0.622075)
(0.492804,-0.115874)
(-0.587127,0.732242)
(0.405821,-0.830983)
(-0.552714,-0.14295)
(-0.119413,0.0602264)
(1.03466,-0.404335)
(0.283087,-0.383564)
(0.421918,-0.567747)
(-0.265143,-0.433311)
(0.335004,0.504149)
(-0.718763,0.0716569)
(0.417411,0.422371)
(0.162302,-0.103252)
(1.32674,0.0336354)
(-1.00207,0.348227)
(-0.164905,0.287288)
(-0.0415281,-0.190042)
(0.600908,0.332984)
(-1.14543,-0.748785)
(-1.22811,0.207443)
(-1.11353,-0.0309326)
(0.273786,1.24282)
(1.02358,-0.329722)
(0.120102,-0.0543661)
(0.666048,0.913252)
(0.0387459,0.428691)
(-0.12903,-0.231931)
(0.337747,0.344711)
(-0.250188,-0.615109)
(0.000472623,0.86161)
(0.688249,0.430723)
(-1.33387,0.162577)
(0.348691,0.683748)
(-1.40539,-0.38074)
(-0.467848,-0.873861)
(-0.84593,0.0324777)
(0.0905601,-0.0575127)
(0.122614,-0.393617)
(-0.845691,0.357209)
(-0.727515,0.382316)
(0.304274,-0.821251)
(0.431062,-0.306014)
(0.264828,-0.0235581)
(0.445964,-0.1644)
(-0.692618,-1.24582)
(-0.404393,0.189184)
(0.856434,0.46001)
(0.0645199,0.699135)
(0.832767,0.206475)
(-0.307664,0.549119)
(-0.759651,0.339627)
(0.237264,-0.208713)
(-0.113177,0.140457)
(-0.199789,0.288132)
(-0.0715669,-0.446289)
(-0.0913736,0.127864)
(0.574153,-0.145844)
(0.165271,0.0830873)
(0.422973,-0.624212)
(-0.32181,-0.10389)
(0.244798,0.429771)
(-0.490608,-0.268882)
(-0.494457,-1.19329)
(0.572869,-0.483798)
(0.951131,-0.211151)
(-0.189968,-0.245683)
(0.362065,0.256112)
(-0.422966,-0.380471)
(-0.600284,0.228193)
(0.227805,1.07624)
(-0.23298,-0.627654)
(-0.288134,0.107676)
(-0.205242,0.103117)
(0.092304,0.793082)
(-0.332568,-0.402966)
(0.285606,-0.15293)
(-0.264227,-1.00241)
(0.0428628,0.0872491)
(0.737278,-0.708874)
(-0.123027,-0.047442)
(0.224824,-0.0911522)
(-0.688308,-0.430663)
(-0.528345,-0.767163)
(-0.759877,0.413224)
(-0.143686,-0.322307)
(0.0122207,-0.850316)
(0.585045,-0.317591)
(-1.00214,0.0207353)
(-0.533691,-0.33271)
(1.01493,0.484063)
(-0.160932,-0.589537)
(0.687027,0.618389)
(0.449493,0.83367)
(-0.13496,0.448081)
(-0.0763591,0.0436522)
(0.790202,1.37726)
(0.248953,-0.399664)
(0.261724,-0.363453)
(0.215214,-0.739193)
(-0.658036,-0.380842)
(0.307204,0.557605)
(-0.405985,-0.358942)
(-0.207383,0.212637)
(0.16974,0.752867)
(-0.0386059,0.0250127)
(0.210601,0.817134)
(-0.0656289,0.0457412)
(-0.899109,-0.0910228)
(0.137228,-0.220235)
(-0.694893,-0.138082)
(1.29229,-0.182822)
(-0.167242,-0.111396)
(-0.403961,-0.258769)
(-0.809925,-0.583345)
(0.0261844,-0.736706)
(-0.347408,-0.313028)
(-0.71769,0.0261588)
(-0.539682,0.913159)
(0.29487,-0.142208)
(0.306627,0.0269174)
(-0.153456,-0.100378)
(-0.571033,1.26351)
(-0.553891,0.520077)
(0.285017,-0.0814289)
(0.497135,-0.485953)
(0.193354,0.840233)
(0.686202,-0.0814101)
(0.0407889,-0.630775)
(0.436866,0.54795)
(0.542,0.132609)
(-0.121468,0.123021)
(-0.473429,0.303372)
(0.0245285,0.306624)
(-0.559384,0.43564)
(-1.01361,0.585177)
(0.269233,0.120593)
(0.214078,0.313739)
(-0.411143,0.636043)
(0.193985,-0.993592)
(0.210948,0.106699)
(-0.746107,-0.133679)
(-0.316011,-0.588338)
(0.348732,-0.0869334)
(-0.0159897,-1.35988)
(-0.668397,0.175068)
(-0.32227,-0.546722)
(-0.191706,-0.0131392)
(-0.325079,0.0947436)
(-0.423972,0.589728)
(-0.938336,-0.602457)
(0.0422563,-0.0595333)
(0.612649,-0.521013)
(0.502301,-0.195574)
(1.29071,0.115295)
(0.0300324,-0.0369826)
(-0.279131,0.755832)
(0.589083,-0.909373)
(-0.466752,-0.0769979)
(-0.440028,0.113696)
---------------------------
f_d = 4000
---------------------------
(-0.467633,0.986005)
(-0.74913,0.422455)
(0.132777,0.263263)
(0.349794,-0.0950055)
(0.142003,0.0192387)
(0.912785,0.55611)
(0.451888,0.270868)
(-0.00143867,-0.158435)
(0.580219,-0.0472622)
(0.470472,0.474074)
(0.217782,-0.297384)
(-1.13884,-0.0428569)
(0.322581,0.968141)
(-1.71916,0.979739)
(0.389629,0.30399)
(-0.313879,-0.183209)
(-0.114994,0.0650075)
(-0.273541,0.0112587)
(0.153208,0.421219)
(0.255098,-0.694426)
(0.316558,0.221484)
(0.246606,0.300704)
(0.630283,-1.56178)
(-0.416796,-0.110487)
(0.310236,0.232563)
(0.373012,-1.21743)
(-0.248325,0.379023)
(-0.49812,0.685384)
(0.395795,0.628164)
(0.276946,1.01329)
(0.252266,-0.0509113)
(0.129746,0.0977781)
(-1.18157,0.690329)
(0.344908,-0.286672)
(0.36419,0.492455)
(-0.00625136,0.134463)
(0.879919,-0.053595)
(-0.220835,-0.614114)
(0.10207,-0.516059)
(0.0246976,0.767819)
(0.883062,-0.265745)
(0.405642,0.087344)
(-0.521287,0.0197554)
(0.0627669,0.259493)
(0.639164,-0.599194)
(-0.959473,0.337122)
(0.652471,0.689131)
(-0.175477,0.579588)
(-0.148525,0.309138)
(-0.390451,-0.267918)
(-1.61273,-0.0857565)
(-0.0574461,0.0359451)
(-0.430151,-0.660879)
(-0.323499,-1.48238)
(-0.229907,0.771802)
(0.381275,0.328914)
(-0.00538088,0.250581)
(0.0884778,-0.31009)
(-0.36468,0.17607)
(0.496261,0.581224)
(-0.340072,-0.11269)
(0.125045,-0.246945)
(0.261106,-0.538694)
(-0.631592,0.653891)
(0.654348,-0.259636)
(0.0822175,0.0108728)
(0.431868,0.834551)
(0.108232,0.127943)
(0.895189,0.527391)
(0.325455,0.542334)
(-0.314523,-1.03498)
(-0.408404,0.49369)
(-0.526128,-0.396871)
(-0.855633,-0.453339)
(0.410827,0.00897188)
(-0.33861,0.415491)
(-0.178024,0.621777)
(-0.0793392,-1.03395)
(0.405917,-0.34321)
(1.03643,-0.814326)
(0.107053,-0.0707106)
(-0.519477,0.544198)
(-0.0619832,0.414248)
(-0.536745,-0.182133)
(0.122611,-1.08996)
(-0.324954,1.70288)
(0.564828,-0.335436)
(-0.209745,0.817136)
(-0.0936032,0.478776)
(0.142834,0.424841)
(0.70905,-0.206108)
(0.130011,-0.774809)
(-0.545299,1.07329)
(-0.634926,0.0693454)
(0.142625,-0.182041)
(0.0988853,0.391744)
(0.0492534,-0.163493)
(0.859198,-0.601317)
(-0.0923086,0.289546)
(-0.577106,0.0511655)
(0.0898062,0.418329)
(1.37477,-0.85937)
(0.0722909,-0.57061)
(0.278941,-0.550884)
(-0.571274,-0.244139)
(0.0963463,0.371695)
(-0.374954,-0.822198)
(1.23963,-0.145768)
(0.602552,-0.109558)
(-0.0161079,0.433639)
(0.0498309,-0.2468)
(-0.610314,0.532113)
(1.16157,-0.899016)
(-0.290091,0.833208)
(0.360794,-0.390487)
(-0.259136,-0.51444)
(0.0366335,-0.195553)
(-0.338961,0.379677)
(-1.00267,1.30447)
(0.929693,0.151683)
(0.473981,0.174681)
(0.610049,0.351125)
(-0.0195071,0.3936)
(0.653731,-0.223008)
(-0.283519,-0.408922)
(-0.415501,-0.421826)
(0.0864689,0.0730381)
(-0.268996,-1.06335)
(0.266537,0.0909186)
(1.08628,-0.159316)
(-0.242312,-0.237943)
(0.782308,0.376148)
(0.529893,0.317581)
(-0.412215,-0.407022)
(-0.318179,-0.0227865)
(-0.891024,0.110072)
(-0.497966,0.624034)
(-0.374598,0.115463)
(-0.0279169,0.168174)
(-0.141828,1.10899)
(-0.943098,-0.419189)
(-0.798863,-0.607144)
(-0.0874882,0.0508277)
(-0.233878,-0.431151)
(-0.557531,-0.530118)
(0.221767,0.14498)
(0.0365944,-0.118575)
(0.073652,0.574934)
(-0.275297,-0.046097)
(0.497355,0.00866195)
(-0.963925,0.115753)
(-2.22866,-0.532248)
(1.41072,-1.07977)
(-1.19827,1.23422)
(1.63589,0.05076)
(-0.625241,0.0546867)
(-0.331415,-0.491421)
(0.615345,0.632008)
(0.491227,0.422059)
(-0.208252,-0.118793)
(-1.32382,0.450815)
(-0.226459,0.674757)
(0.475279,-1.02729)
(-0.433082,-0.996121)
(-0.718134,0.110448)
(0.852899,0.367195)
(-0.448547,-0.610197)
(-1.22374,0.298927)
(-0.527318,0.442703)
(0.793058,-0.430709)
(0.317185,-0.619724)
(0.289994,-0.636092)
(-0.314772,0.472501)
(0.074731,0.598388)
(-0.0825165,-0.818032)
(-0.326115,0.314446)
(-1.21944,-0.730418)
(-0.487958,-0.302283)
(-0.289025,-1.27673)
(0.524542,-0.272719)
(-1.42948,0.182196)
(-0.550051,-0.676381)
(0.774233,-0.566638)
(0.13767,-2.34554)
(-0.939885,-1.34892)
(-1.6565,-0.121067)
(0.218094,0.52097)
(-0.216484,1.24945)
(-0.202865,0.605878)
(0.385307,0.547724)
(0.114478,1.21689)
(0.310519,0.513924)
(-0.282972,0.655433)
(-0.366256,-0.421054)
(0.68419,0.632003)
(-0.370918,0.316919)
(0.232559,0.974587)
(0.679122,-0.303625)
(-0.587943,-0.400835)
(0.182383,-0.322074)
(0.326782,1.00024)
(0.297575,0.131515)
(-0.359764,0.241696)
(-0.172888,1.21797)
(1.02669,-0.398997)
(-0.198105,0.768768)
(0.0611035,0.244178)
(0.384478,-0.0241317)
(0.355033,0.163171)
(-0.0019245,-0.444732)
(-0.431785,-1.11799)
(0.692924,0.252716)
(0.421722,-0.419926)
(0.0965839,-0.368293)
(0.375921,0.199462)
(0.541807,0.214488)
(0.300002,-0.30073)
(0.612098,0.0688026)
(0.399441,0.176858)
(-0.748428,-0.35503)
(-0.0438615,-0.572541)
(0.408926,0.693767)
(0.0644927,0.171216)
(-0.614159,-0.112785)
(-0.0079658,-0.0277428)
(-0.723917,-0.187294)
(0.722794,0.163118)
(-0.041472,-0.844593)
(-0.509844,0.513191)
(-0.611272,-0.0961205)
(0.722238,0.867663)
(0.485299,0.111619)
(-0.380426,0.0507408)
(-0.693506,-0.718185)
(-0.0236417,0.39877)
(-0.488622,0.688652)
(0.437894,0.172359)
(-0.0566778,-0.180775)
(0.177513,0.183624)
(0.159978,-0.622066)
(0.492813,-0.115857)
(-0.587126,0.732246)
(0.405752,-0.831009)
(-0.552717,-0.142926)
(-0.119432,0.0602258)
(1.03468,-0.404343)
(0.283072,-0.38358)
(0.42194,-0.567757)
(-0.265097,-0.433331)
(0.335005,0.504112)
(-0.718735,0.0716622)
(0.417414,0.422371)
(0.162306,-0.10326)
(1.32676,0.0336304)
(-1.0021,0.348174)
(-0.164893,0.287276)
(-0.0415296,-0.190013)
(0.600923,0.332977)
(-1.14545,-0.748769)
(-1.22809,0.207417)
(-1.11364,-0.0308464)
(0.273802,1.24283)
(1.02357,-0.329721)
(0.120116,-0.0543816)
(0.666019,0.913277)
(0.0387705,0.4287)
(-0.129022,-0.231926)
(0.337745,0.344692)
(-0.25019,-0.615117)
(0.00047402,0.861591)
(0.688278,0.430783)
(-1.33384,0.162572)
(0.348682,0.683772)
(-1.40537,-0.380731)
(-0.467891,-0.873844)
(-0.845932,0.0324769)
(0.0905552,-0.057476)
(0.122617,-0.393588)
(-0.845697,0.357186)
(-0.727551,0.382317)
(0.30425,-0.821231)
(0.43105,-0.305987)
(0.264818,-0.0235164)
(0.445967,-0.164393)
(-0.692636,-1.24584)
(-0.404393,0.189168)
(0.85641,0.459998)
(0.0645607,0.699136)
(0.832756,0.206459)
(-0.307649,0.549129)
(-0.75968,0.339621)
(0.237272,-0.20868)
(-0.113143,0.14048)
(-0.199764,0.288118)
(-0.0715604,-0.446296)
(-0.0913687,0.127843)
(0.574162,-0.145836)
(0.165277,0.0830925)
(0.42299,-0.624206)
(-0.321798,-0.103877)
(0.2448,0.429785)
(-0.490645,-0.268907)
(-0.494489,-1.19329)
(0.572884,-0.48379)
(0.951137,-0.211119)
(-0.189939,-0.245705)
(0.362063,0.256085)
(-0.422976,-0.380492)
(-0.600277,0.228177)
(0.227808,1.07624)
(-0.232975,-0.627664)
(-0.288127,0.107685)
(-0.205236,0.103104)
(0.0922673,0.793081)
(-0.332604,-0.402928)
(0.285624,-0.15293)
(-0.264254,-1.00243)
(0.0428519,0.0872421)
(0.737266,-0.70888)
(-0.12303,-0.047444)
(0.224814,-0.0911252)
(-0.688302,-0.430652)
(-0.528372,-0.767191)
(-0.759889,0.413233)
(-0.143695,-0.322264)
(0.0122198,-0.85029)
(0.585099,-0.317559)
(-1.00212,0.020749)
(-0.533683,-0.332705)
(1.01491,0.484053)
(-0.160932,-0.589541)
(0.687048,0.618332)
(0.449493,0.833653)
(-0.134954,0.448074)
(-0.076368,0.0436591)
(0.790352,1.37721)
(0.248972,-0.399648)
(0.261721,-0.363481)
(0.215212,-0.73921)
(-0.658051,-0.380849)
(0.307234,0.557589)
(-0.405963,-0.358923)
(-0.207374,0.212629)
(0.1697,0.752863)
(-0.0386171,0.025008)
(0.21065,0.817132)
(-0.0656087,0.0457207)
(-0.899065,-0.0909578)
(0.137252,-0.220274)
(-0.694896,-0.138064)
(1.2923,-0.182805)
(-0.167223,-0.111362)
(-0.403941,-0.258793)
(-0.809974,-0.583388)
(0.0261922,-0.736704)
(-0.347447,-0.312996)
(-0.717699,0.0261483)
(-0.539621,0.91312)
(0.294821,-0.142191)
(0.306673,0.0269042)
(-0.15348,-0.100363)
(-0.570994,1.26351)
(-0.553896,0.520129)
(0.285012,-0.0814502)
(0.497152,-0.485887)
(0.193358,0.840216)
(0.6862,-0.0813608)
(0.0407988,-0.630751)
(0.436873,0.547961)
(0.542003,0.132572)
(-0.121459,0.123056)
(-0.47344,0.303393)
(0.02453,0.306645)
(-0.559363,0.435645)
(-1.01356,0.585206)
(0.26926,0.120646)
(0.21413,0.313778)
(-0.411169,0.636007)
(0.193961,-0.993584)
(0.210969,0.106733)
(-0.746122,-0.133687)
(-0.316024,-0.588356)
(0.348702,-0.0869035)
(-0.0160235,-1.35991)
(-0.668403,0.175097)
(-0.322271,-0.54674)
(-0.191712,-0.0130925)
(-0.325088,0.0947287)
(-0.423987,0.58977)
(-0.938348,-0.602468)
(0.0422302,-0.0595661)
(0.612648,-0.521017)
(0.502276,-0.195544)
(1.29078,0.115272)
(0.0300001,-0.0369773)
(-0.279154,0.755908)
(0.589086,-0.909406)
(-0.466784,-0.0770204)
(-0.440045,0.113739)
(-0.860727,-0.562431)
---------------------------
f_d = 5000
---------------------------
(-0.74912,0.42242)
(0.132826,0.263257)
(0.349836,-0.0949783)
(0.142037,0.0192909)
(0.912775,0.556177)
(0.451854,0.270895)
(-0.00144163,-0.158415)
(0.580208,-0.0472089)
(0.47042,0.474119)
(0.217721,-0.29738)
(-1.13888,-0.0428479)
(0.322495,0.968134)
(-1.71921,0.979659)
(0.389644,0.303919)
(-0.313863,-0.183248)
(-0.11497,0.064972)
(-0.273518,0.0112403)
(0.15324,0.421194)
(0.255149,-0.694423)
(0.316574,0.221505)
(0.24663,0.300689)
(0.630342,-1.56176)
(-0.416775,-0.110441)
(0.31026,0.232585)
(0.373042,-1.21737)
(-0.24835,0.379088)
(-0.498152,0.685416)
(0.395761,0.628205)
(0.276889,1.0133)
(0.252234,-0.0509193)
(0.129699,0.0977657)
(-1.18159,0.690255)
(0.344935,-0.286684)
(0.364189,0.492463)
(-0.00624822,0.134451)
(0.879926,-0.0535948)
(-0.220817,-0.614119)
(0.102091,-0.516028)
(0.0246885,0.767854)
(0.883056,-0.265701)
(0.405594,0.087377)
(-0.521324,0.0197453)
(0.0627597,0.259495)
(0.639137,-0.59917)
(-0.959515,0.337137)
(0.652408,0.689151)
(-0.17557,0.579561)
(-0.148588,0.309068)
(-0.390494,-0.26801)
(-1.61273,-0.0858582)
(-0.0573984,0.0358689)
(-0.430084,-0.660926)
(-0.323402,-1.48236)
(-0.229874,0.771853)
(0.381267,0.328939)
(-0.00537563,0.250582)
(0.0884938,-0.31009)
(-0.364672,0.17608)
(0.496255,0.581235)
(-0.340073,-0.112724)
(0.125084,-0.24695)
(0.26112,-0.538671)
(-0.631586,0.653901)
(0.654388,-0.259602)
(0.0822265,0.0109243)
(0.431845,0.834567)
(0.108212,0.127963)
(0.895133,0.527425)
(0.325389,0.542308)
(-0.314544,-1.03503)
(-0.40843,0.493647)
(-0.526118,-0.396943)
(-0.855568,-0.453372)
(0.410862,0.00898467)
(-0.338629,0.415485)
(-0.178022,0.621706)
(-0.0792536,-1.03398)
(0.406006,-0.343176)
(1.03647,-0.814233)
(0.10702,-0.0706437)
(-0.519532,0.544205)
(-0.0620159,0.414218)
(-0.536714,-0.182168)
(0.122607,-1.08993)
(-0.324986,1.70293)
(0.564803,-0.335417)
(-0.209785,0.817153)
(-0.0936206,0.478761)
(0.142835,0.424814)
(0.709051,-0.20611)
(0.129994,-0.774785)
(-0.545357,1.07327)
(-0.634925,0.0692795)
(0.142674,-0.182057)
(0.0988826,0.391728)
(0.049294,-0.163504)
(0.859226,-0.601285)
(-0.0923306,0.289551)
(-0.577107,0.0511291)
(0.0898599,0.418305)
(1.37484,-0.859342)
(0.0723087,-0.57058)
(0.278945,-0.550869)
(-0.57127,-0.244142)
(0.0963676,0.371692)
(-0.374878,-0.82219)
(1.23968,-0.145668)
(0.602507,-0.109493)
(-0.0161739,0.433671)
(0.0498087,-0.246788)
(-0.61031,0.532093)
(1.16159,-0.898967)
(-0.290135,0.833241)
(0.360779,-0.390496)
(-0.259137,-0.51443)
(0.0366192,-0.195507)
(-0.339018,0.379702)
(-1.00271,1.30444)
(0.929706,0.151696)
(0.473958,0.174709)
(0.609981,0.351129)
(-0.0195422,0.393589)
(0.653698,-0.223033)
(-0.283528,-0.408948)
(-0.415491,-0.421865)
(0.0864933,0.0730283)
(-0.268935,-1.06336)
(0.266592,0.0910047)
(1.08625,-0.159244)
(-0.242346,-0.237907)
(0.782295,0.376174)
(0.529804,0.317594)
(-0.412285,-0.407035)
(-0.318228,-0.022797)
(-0.891083,0.110045)
(-0.498025,0.623992)
(-0.374642,0.115433)
(-0.0279572,0.168161)
(-0.141917,1.10893)
(-0.943128,-0.419325)
(-0.798825,-0.607211)
(-0.0874429,0.0507953)
(-0.233861,-0.431185)
(-0.557468,-0.530106)
(0.221807,0.145004)
(0.0365829,-0.118551)
(0.0736114,0.574928)
(-0.275316,-0.0460963)
(0.497326,0.00865642)
(-0.963998,0.115647)
(-2.22857,-0.532344)
(1.4108,-1.07972)
(-1.19827,1.23427)
(1.63588,0.0507711)
(-0.625274,0.0546853)
(-0.331395,-0.49144)
(0.615322,0.63207)
(0.491153,0.422069)
(-0.208337,-0.118834)
(-1.32385,0.450741)
(-0.226451,0.674658)
(0.475319,-1.02734)
(-0.433042,-0.996122)
(-0.718094,0.110466)
(0.852891,0.367186)
(-0.448601,-0.610222)
(-1.22374,0.298873)
(-0.527281,0.442672)
(0.793127,-0.430724)
(0.317237,-0.61972)
(0.289983,-0.636039)
(-0.314814,0.472517)
(0.0747155,0.59836)
(-0.0825133,-0.818051)
(-0.326119,0.314371)
(-1.21944,-0.730523)
(-0.487874,-0.302353)
(-0.288933,-1.27674)
(0.524578,-0.272679)
(-1.42945,0.182109)
(-0.549963,-0.676426)
(0.774376,-0.56663)
(0.137785,-2.34551)
(-0.939805,-1.34885)
(-1.65643,-0.121019)
(0.218117,0.521099)
(-0.216533,1.24951)
(-0.202862,0.605923)
(0.3853,0.547787)
(0.114421,1.21693)
(0.310476,0.513902)
(-0.282998,0.655423)
(-0.366211,-0.421057)
(0.684201,0.63205)
(-0.370927,0.316918)
(0.232549,0.974576)
(0.679112,-0.303648)
(-0.587894,-0.40083)
(0.182434,-0.322017)
(0.326774,1.00027)
(0.297533,0.131533)
(-0.359798,0.241674)
(-0.172927,1.21795)
(1.02669,-0.39898)
(-0.198113,0.768774)
(0.0611147,0.244161)
(0.384494,-0.0241718)
(0.355026,0.163136)
(-0.00186863,-0.444778)
(-0.431701,-1.118)
(0.692996,0.252753)
(0.421717,-0.419868)
(0.096619,-0.36824)
(0.375947,0.199531)
(0.541807,0.214498)
(0.300012,-0.300684)
(0.612069,0.0688583)
(0.399375,0.176859)
(-0.748445,-0.355077)
(-0.043832,-0.572509)
(0.408899,0.693815)
(0.0644245,0.171213)
(-0.614157,-0.11282)
(-0.00796313,-0.0277673)
(-0.723899,-0.187301)
(0.722838,0.163115)
(-0.0414828,-0.84457)
(-0.509862,0.513201)
(-0.611264,-0.0961313)
(0.722249,0.867707)
(0.485222,0.111654)
(-0.380453,0.0507136)
(-0.693468,-0.71822)
(-0.0236395,0.398768)
(-0.48864,0.688615)
(0.437905,0.172369)
(-0.0566464,-0.180762)
(0.177537,0.183616)
(0.160035,-0.622073)
(0.492781,-0.115844)
(-0.587151,0.732232)
(0.40579,-0.831036)
(-0.552674,-0.142961)
(-0.1194,0.0602281)
(1.03474,-0.404287)
(0.283114,-0.3835)
(0.421937,-0.567709)
(-0.265117,-0.433261)
(0.334976,0.504171)
(-0.718798,0.0716529)
(0.417415,0.422407)
(0.162296,-0.10321)
(1.32669,0.0337118)
(-1.00221,0.348203)
(-0.164935,0.287246)
(-0.0415373,-0.190021)
(0.600855,0.333001)
(-1.14546,-0.748825)
(-1.2281,0.207359)
(-1.11356,-0.0308828)
(0.273854,1.24281)
(1.02358,-0.32967)
(0.120081,-0.05432)
(0.665986,0.91328)
(0.0386836,0.428659)
(-0.129059,-0.231936)
(0.337701,0.344705)
(-0.250205,-0.615101)
(0.000435637,0.861626)
(0.688202,0.430764)
(-1.33395,0.16254)
(0.348646,0.683698)
(-1.40539,-0.380896)
(-0.467807,-0.873941)
(-0.845903,0.0324322)
(0.0905991,-0.0575084)
(0.12261,-0.393585)
(-0.8457,0.357169)
(-0.727479,0.382204)
(0.304347,-0.821251)
(0.43112,-0.305995)
(0.264841,-0.0234914)
(0.445973,-0.164402)
(-0.692564,-1.24585)
(-0.404362,0.189224)
(0.856405,0.460102)
(0.0645266,0.699177)
(0.832704,0.206517)
(-0.307741,0.549101)
(-0.759716,0.339549)
(0.237292,-0.208746)
(-0.113174,0.140479)
(-0.199764,0.288113)
(-0.0715423,-0.446303)
(-0.0913298,0.12787)
(0.574194,-0.14581)
(0.165293,0.0831024)
(0.42296,-0.624217)
(-0.321818,-0.1039)
(0.244746,0.429756)
(-0.490661,-0.268965)
(-0.494352,-1.19333)
(0.572961,-0.483724)
(0.951155,-0.211041)
(-0.189981,-0.245638)
(0.362033,0.256111)
(-0.423001,-0.380504)
(-0.60031,0.228174)
(0.227785,1.07622)
(-0.232977,-0.627689)
(-0.288126,0.107688)
(-0.205226,0.103089)
(0.092247,0.793054)
(-0.332553,-0.403017)
(0.285649,-0.152984)
(-0.264175,-1.00242)
(0.0428941,0.0872542)
(0.737297,-0.708817)
(-0.123063,-0.0474157)
(0.224789,-0.0911524)
(-0.688305,-0.430728)
(-0.528302,-0.7672)
(-0.759853,0.413202)
(-0.143643,-0.322316)
(0.0122997,-0.850282)
(0.585082,-0.317522)
(-1.00216,0.0207651)
(-0.53364,-0.332674)
(1.01498,0.484098)
(-0.160883,-0.589485)
(0.687045,0.618442)
(0.449423,0.833725)
(-0.134992,0.448058)
(-0.0764006,0.0436904)
(0.790289,1.37722)
(0.248942,-0.399665)
(0.261687,-0.363488)
(0.215224,-0.739197)
(-0.658027,-0.380843)
(0.307213,0.557633)
(-0.405981,-0.35893)
(-0.207389,0.212651)
(0.169678,0.752849)
(-0.0386489,0.0250098)
(0.210594,0.817144)
(-0.0656736,0.0456884)
(-0.899086,-0.0910422)
(0.137256,-0.220328)
(-0.694891,-0.138083)
(1.29229,-0.182732)
(-0.167286,-0.111372)
(-0.403953,-0.25884)
(-0.809882,-0.583415)
(0.0262212,-0.736723)
(-0.347416,-0.312983)
(-0.717734,0.0261783)
(-0.53964,0.913134)
(0.29486,-0.14216)
(0.306641,0.0269084)
(-0.153532,-0.100336)
(-0.5711,1.26348)
(-0.553941,0.520058)
(0.285057,-0.0814506)
(0.497204,-0.485871)
(0.193322,0.840247)
(0.68618,-0.0814226)
(0.0407603,-0.630733)
(0.436852,0.548004)
(0.541922,0.132641)
(-0.121532,0.123068)
(-0.473544,0.303342)
(0.0244717,0.306636)
(-0.559463,0.435629)
(-1.0136,0.585173)
(0.269275,0.120609)
(0.214069,0.313759)
(-0.411184,0.635947)
(0.193996,-0.993673)
(0.210938,0.10674)
(-0.746111,-0.133722)
(-0.315992,-0.588395)
(0.348814,-0.0869434)
(-0.0159718,-1.3599)
(-0.668401,0.175057)
(-0.322242,-0.546727)
(-0.191629,-0.0130877)
(-0.325114,0.0947385)
(-0.423983,0.589669)
(-0.938304,-0.602493)
(0.0423357,-0.0595563)
(0.612741,-0.520943)
(0.50236,-0.195468)
(1.29069,0.115405)
(0.0299848,-0.0369489)
(-0.279174,0.755844)
(0.58904,-0.909385)
(-0.466775,-0.0769995)
(-0.440048,0.113704)
(-0.860732,-0.562408)
(-0.467603,0.985983)
