---------------------------
f_d = -5000
---------------------------
(0.71602,0.897819)
(0.0169782,-0.316934)
(0.600504,-0.622739)
(-0.160367,1.19894)
(0.635405,-0.106002)
(0.424634,-0.241527)
(0.630879,-0.365621)
(-0.0916305,-0.390445)
(0.837627,0.274492)
(-0.591974,-0.272633)
(-0.357384,0.00320938)
(-0.190554,-0.300639)
(-0.75924,-0.724819)
(0.135543,0.295615)
(0.378862,-0.691899)
(-0.049737,0.775631)
(-0.504343,0.237269)
(-0.336977,-0.47146)
(-0.279337,-0.98703)
(0.695863,-0.874494)
(0.523335,-0.929808)
(-0.423967,-0.00601999)
(-0.477841,-0.12154)
(-0.617167,0.358012)
(-0.958667,-0.903945)
(0.815332,0.0273818)
(-1.36394,-0.468063)
(0.120062,-0.82086)
(-0.399668,-0.598147)
(0.214634,-0.924148)
(0.197497,0.334445)
(-0.00815426,0.852204)
(-0.402224,-0.710282)
(0.293939,-0.126648)
(0.0862291,-0.200931)
(0.470753,1.27775)
(-0.3512,-0.579554)
(0.467948,-0.245107)
(1.21279,0.667948)
(0.147867,-0.245289)
(0.236433,0.176907)
(0.962556,-0.502617)
(0.263291,-0.935525)
(0.499704,0.253987)
(0.973329,0.0649132)
(0.165199,0.7103)
(0.417031,-0.165873)
(0.475366,0.575202)
(0.0761382,0.226335)
(0.285502,-0.853621)
(0.151824,1.55826)
(0.0391754,-0.664755)
(1.36938,0.403086)
(0.804233,0.362266)
(0.948354,-0.0266863)
(-0.335747,0.796903)
(-0.285854,-1.22166)
(0.134064,-0.803796)
(-0.279879,-0.348391)
(-0.476698,-0.0425635)
(0.184677,-0.134552)
(-0.235946,-0.434263)
(0.0266287,0.209954)
(0.26652,-0.298499)
(-0.105276,0.552944)
(0.400719,-0.410294)
(-0.0988751,-0.966535)
(-0.906233,0.0206545)
(-0.395247,-0.481356)
(-0.555909,-0.611877)
(-0.894896,-0.36749)
(0.872657,-0.852671)
(-0.0371023,0.0829171)
(0.0991715,-0.107027)
(-0.915323,-0.670767)
(-0.0820868,-0.686075)
(-0.526837,-0.161626)
(-0.470059,-0.843633)
(0.388404,-0.347283)
(-0.260952,-0.37376)
(0.236406,-0.0804008)
(0.504857,0.0142137)
(0.406866,0.842599)
(0.299006,0.328665)
(0.75898,-1.60809)
(0.0852875,0.532716)
(0.453639,0.28545)
(1.03978,0.0224628)
(-0.313869,0.392702)
(0.118887,-0.116068)
(-0.0314719,-0.379389)
(0.444489,1.13791)
(-0.0220897,-0.584765)
(-0.937404,-0.0831338)
(0.0498641,0.37896)
(-0.0609938,-0.215385)
(0.107086,-0.304073)
(0.507786,0.0157364)
(0.557808,0.294203)
(-0.244544,-0.0727902)
(-0.224523,0.810875)
(0.406099,-0.53705)
(0.00534585,-0.238941)
(-0.150491,0.0772354)
(-0.0996111,0.0593262)
(0.501333,-0.7586)
(-0.209479,0.267845)
(-1.10222,-0.224046)
(0.342968,-0.379237)
(0.171007,-0.136066)
(1.03332,0.556113)
(-0.210061,0.819019)
(-1.02637,-0.440077)
(0.600291,0.128531)
(-1.47775,-0.390476)
(0.108062,-0.91148)
(0.631546,0.203089)
(0.197655,-1.33538)
(-0.233669,-0.403189)
(-0.278397,-0.356173)
(-0.0942999,0.182166)
(0.293383,0.12819)
(0.789234,-0.508904)
(0.349337,0.0437432)
(0.0178941,0.170205)
(0.144104,-0.579571)
(-1.27423,0.999624)
(0.361229,-0.517337)
(0.911902,1.25682)
(-0.122034,-0.389317)
(0.193552,0.247264)
(-0.570339,0.230099)
(0.259683,0.725514)
(0.263894,0.746355)
(0.0777688,0.742708)
(0.507315,-0.327638)
(0.229187,0.0505672)
(-0.115505,0.646388)
(-0.170689,1.58497)
(-0.83146,1.34272)
(0.830864,0.110694)
(0.0875253,0.236445)
(0.260979,-0.686266)
(0.605049,-0.326491)
(-0.509314,0.684413)
(-0.284435,0.50848)
(-0.225577,0.705477)
(0.804392,0.0704346)
(-0.0955323,0.464979)
(-0.332489,-0.634712)
(0.508483,0.519626)
(-0.662372,1.64494)
(0.00521209,0.654073)
(0.211838,0.228903)
(-0.703219,-0.95158)
(0.976056,-0.234283)
(-0.39059,-0.696095)
(-0.345941,0.1095)
(0.690896,0.864543)
(0.441964,-1.06919)
(0.448587,-0.875634)
(-0.15533,0.609544)
(-0.176468,-0.837901)
(0.27008,0.915673)
(-0.484053,-0.401732)
(0.908944,-0.779181)
(-0.744027,-0.540775)
(0.954057,0.0408533)
(-0.723159,-0.35091)
(-0.125794,-0.5733)
(0.874507,0.965205)
(-0.561991,-1.12322)
(-0.470122,0.190707)
(0.34799,-0.303421)
(-0.126557,-1.36328)
(0.80536,0.0162745)
(0.0803483,0.08184)
(-0.00716522,-0.412649)
(-0.434213,-0.0164851)
(-0.263282,0.315827)
(0.579964,0.410958)
(-0.556697,-1.55219)
(1.36576,0.739212)
(-0.789299,-0.388604)
(0.223133,-0.62325)
(0.617602,0.769918)
(0.476569,-0.301521)
(0.646263,-0.303537)
(0.358362,0.498603)
(-0.747504,0.399199)
(-0.191522,-0.25623)
(0.257181,-0.806127)
(0.399652,0.15817)
(0.522561,0.31329)
(-0.0292165,-0.255126)
(0.235395,-0.249133)
(-0.00809917,-0.0772065)
(1.08897,-0.0275162)
(-0.150958,0.171892)
(0.573492,-0.253261)
(0.691133,-0.512725)
(0.0430196,-0.146316)
(0.165236,1.26798)
(0.991483,-0.295152)
(0.460357,-0.165848)
(-0.356159,-0.0423921)
(-0.224336,-0.961515)
(0.621257,0.198191)
(0.143214,0.244003)
(0.376667,-0.397888)
(0.400917,-0.457058)
(0.166359,-0.879599)
(0.205751,-0.986128)
(-0.235969,-0.159294)
(-0.0379236,-1.12405)
(-0.116926,0.204118)
(-0.763491,-0.303704)
(1.45631,-0.129725)
(0.0863959,-0.819899)
(-0.193672,-0.811299)
(0.215034,0.890785)
(-0.919799,-0.363864)
(0.983173,-0.330119)
(-1.12554,0.53177)
(-0.13939,-0.120424)
(0.250925,0.12751)
(0.203273,0.19928)
(0.040029,0.985685)
(-0.354928,-0.253815)
(-0.179898,-1.01994)
(-0.0178487,0.453242)
(-0.07472,-0.141637)
(0.134725,-0.269168)
(-0.628233,-0.364455)
(0.347552,0.106425)
(-1.14629,-0.610012)
(-0.35726,0.58015)
(0.189889,-0.0401699)
(0.797837,-0.667178)
(1.08866,1.11643)
(-0.547194,-0.0649661)
(-0.326884,0.0275953)
(-0.464312,0.500639)
(0.0439931,0.0668578)
(-0.300905,0.40047)
(-0.627556,1.60428)
(0.631654,-0.268894)
(0.114847,-0.152544)
(-0.181529,0.297645)
(0.409846,0.3734)
(-0.473254,0.143419)
(0.124156,-0.0134317)
(0.75592,0.0821442)
(-0.254674,-0.448032)
(0.140809,-0.199354)
(-0.35458,0.37617)
(-0.925191,-1.17266)
(1.00298,-0.230153)
(0.130571,-0.273209)
(-0.294317,-0.542541)
(0.0540895,0.0175492)
(0.416924,0.873337)
(0.0636263,-1.19239)
(-0.700007,-0.0790157)
(-0.0289529,-0.0945419)
(-0.291885,-0.775216)
(-0.1929,0.23615)
(-0.00136711,0.0761525)
(-0.366913,-0.190172)
(-0.351583,-0.908085)
(0.152582,0.0423039)
(-0.330953,-0.468907)
(0.955396,-1.33168)
(0.331479,0.231176)
(-0.173726,-0.1027)
(0.362054,0.642972)
(0.806533,0.769098)
(0.259812,-0.469283)
(0.24373,0.550379)
(0.323255,-0.751929)
(-1.22661,0.699991)
(0.832669,-0.452316)
(1.42259,-0.680401)
(-0.996641,0.440854)
(0.415666,-0.192414)
(0.33012,-0.41455)
(-0.228807,-0.341926)
(-0.126052,0.977209)
(-0.538272,0.927653)
(0.881004,-0.350502)
(0.622053,0.86495)
(0.0658331,0.488074)
(1.45028,-0.817181)
(-0.852767,0.653707)
(0.623044,-0.71068)
(0.362167,1.49395)
(0.475024,0.248628)
(0.304777,-0.0288789)
(0.290406,0.00465911)
(-0.0176444,0.769854)
(-0.67421,0.185629)
(0.254278,-0.191406)
(0.463825,-0.826804)
(0.288267,1.20942)
(-0.098562,-1.56666)
(0.0994971,0.595934)
(-0.386053,0.246587)
(0.075822,0.214946)
(-0.684642,-0.35815)
(0.12337,-0.0420903)
(-0.158003,0.322589)
(-0.0291718,-0.614709)
(-0.268079,-0.079365)
(0.496646,0.484925)
(0.927623,-0.0561394)
(-0.156511,1.22995)
(-0.0236376,-1.44411)
(0.360457,0.922362)
(-0.27607,0.563475)
(1.24202,-0.110181)
(-0.766713,0.760689)
(-0.721165,-0.197994)
(0.338745,0.382926)
(-0.601642,-0.683969)
(0.944873,0.0514703)
(0.133368,-0.14943)
(-0.10314,-0.91661)
(-0.0905665,0.812819)
(-0.533978,0.172451)
(0.189224,-0.212986)
(0.0657484,-0.547991)
(-0.0915887,0.125029)
(0.288611,-0.0340222)
(0.20935,0.254865)
(0.238398,0.482696)
(-0.122866,-0.871504)
(-0.523225,0.667633)
(0.113971,-0.035592)
(-0.635448,0.30011)
(-0.686154,1.11422)
(-0.659151,-0.778635)
(0.236126,-0.345495)
(0.811581,-0.0865631)
(-1.18343,0.585617)
(-0.277848,0.198202)
(0.0374177,0.0417022)
(-0.156278,-0.600371)
(0.6145,0.268521)
(0.185762,-0.525549)
(0.388483,-0.145487)
(-0.537248,-0.370242)
(-1.01284,-0.17979)
(-0.106559,0.375376)
(-0.791878,-0.572867)
(0.626966,-0.685955)
(0.0213188,0.697048)
(0.949493,0.59491)
(0.00347283,0.269005)
(-0.713799,-0.332524)
(0.430625,0.746172)
(-0.290339,-0.61066)
(0.528117,-0.935723)
(-0.179459,-0.125606)
(-0.31991,0.0130898)
(0.0698479,-0.142908)
(-0.542475,0.374944)
(0.114657,-0.1329)
(-0.387448,-0.190503)
(0.142034,-0.961666)
(0.700678,0.0956124)
(-0.252441,-0.174674)
(-0.30741,1.00678)
(-0.468094,-0.712475)
(0.0879681,-0.639222)
(0.165056,0.263774)
(-0.505241,0.708906)
(-0.658979,-0.936988)
(0.165104,-0.900614)
(0.753585,-0.379895)
(0.491169,0.023974)
(-1.2137,-0.171185)
(0.796856,-0.219592)
(-0.782594,0.624788)
(0.0274228,0.235388)
(-0.43949,0.0146666)
(0.500552,-0.0442892)
(-0.607306,0.51881)
(0.387838,-0.346677)
(0.0852599,-0.0543628)
(0.429796,0.224484)
(0.00172627,0.150929)
(0.215687,-0.224336)
(0.0174376,-0.482861)
(1.02457,-0.205201)
(0.686883,0.812881)
(0.104819,-0.143863)
(0.0189371,1.07629)
(-0.535171,-0.229051)
(0.986166,0.315908)
(-0.263831,-0.414576)
---------------------------
f_d = -4000
---------------------------
(0.370124,0.287612)
(-0.483412,0.314185)
(0.043554,-0.207936)
(0.253212,0.448083)
(1.22273,0.0778631)
(-0.608354,-1.12981)
(0.270657,0.034452)
(-0.429598,0.278631)
(-0.671574,0.0371713)
(-0.644952,0.161969)
(1.35299,0.378132)
(-0.688298,0.437892)
(-0.583164,-0.328291)
(-0.3396,1.04736)
(-1.30349,-0.451927)
(-0.813613,0.0727055)
(-0.819975,-0.953614)
(-0.95626,-0.410389)
(-1.32027,-0.275655)
(0.410111,-0.468152)
(-0.461262,-0.0436993)
(-0.31607,-0.00295886)
(0.00324034,-0.193113)
(0.876213,-0.586289)
(-1.29482,-0.47943)
(-0.33958,0.292383)
(-0.970447,-0.347523)
(0.280087,0.515915)
(-0.330133,1.05844)
(1.32344,-0.298195)
(-0.53127,0.796554)
(-0.401491,-0.887238)
(-0.0136642,0.905561)
(-0.268845,0.096608)
(0.280082,-0.254783)
(0.262224,-0.746293)
(-1.30504,0.545747)
(-0.473992,0.345286)
(0.956341,-0.277094)
(0.206669,-0.561006)
(0.845279,-0.820323)
(1.02,0.00684867)
(0.15461,-0.544844)
(-0.0429815,-0.472475)
(1.83206,0.524454)
(0.0775587,0.192733)
(0.688362,-0.424332)
(0.922625,0.734742)
(1.09489,0.739762)
(0.137425,-0.209382)
(0.424819,0.117268)
(0.131419,-0.698486)
(1.37224,0.599154)
(0.457668,0.026365)
(-0.90029,-0.18057)
(0.424342,-0.271612)
(1.70141,-0.022511)
(-0.776803,0.839216)
(0.355504,0.32494)
(-0.172526,-0.61253)
(0.399619,-0.400302)
(1.11631,0.397371)
(0.0240809,-0.523336)
(0.463511,0.150961)
(0.00763097,-0.23538)
(-0.128833,0.273895)
(-0.44419,-0.361415)
(1.22111,0.646944)
(0.229894,0.336241)
(-0.292754,0.357102)
(0.368563,-0.0304856)
(0.120388,-0.0665573)
(-0.559093,-0.0796144)
(0.761129,-0.191017)
(-0.829621,-0.313122)
(0.84456,-0.790818)
(0.370808,-0.324626)
(0.286255,-0.388666)
(-0.135652,0.544336)
(0.402125,0.00729392)
(0.993703,0.31257)
(-0.503462,-0.68403)
(0.963842,0.426442)
(0.873827,-0.475023)
(-0.957817,-0.329478)
(1.02445,-0.00474009)
(0.48538,-0.760993)
(0.468423,-0.0255997)
(1.14325,-0.312494)
(-0.381143,0.201085)
(0.537671,-0.0855042)
(-0.142798,-0.8296)
(0.487518,0.405777)
(-0.277609,0.058566)
(1.56244,0.304365)
(0.302996,0.0495288)
(-0.116178,-0.694425)
(1.02993,-0.0283684)
(0.431738,-1.124)
(1.18219,-0.693497)
(-0.385186,0.572305)
(0.171729,-0.22035)
(-0.169185,-0.439681)
(-0.565351,-0.744361)
(0.582396,0.747503)
(0.216707,0.342801)
(-0.326654,-1.13892)
(0.84333,-0.0699178)
(-0.359308,0.108246)
(-0.67224,0.406321)
(-1.21401,-0.261068)
(0.203446,-0.670385)
(-0.226856,0.0101738)
(0.00437471,0.476618)
(-0.52238,-0.216842)
(-0.813878,-0.314788)
(0.909745,-0.46103)
(0.232975,0.103651)
(-0.547893,-0.35555)
(-0.12159,0.389727)
(-0.425231,0.113739)
(-0.153368,-0.218138)
(-0.337914,0.655047)
(-0.0554474,-0.194112)
(0.288644,0.449182)
(-0.603584,0.299439)
(-0.738168,-0.330441)
(0.50846,-0.46058)
(0.832224,-0.0437372)
(0.491737,0.0867728)
(-0.388638,-0.490751)
(-0.190537,0.177)
(0.610205,0.222976)
(-0.31894,-0.0502078)
(0.393765,-0.1431)
(-0.405504,-0.0211499)
(0.892681,-0.182166)
(0.545981,0.560063)
(-0.214033,-1.2215)
(0.463059,0.0466217)
(0.189993,0.130347)
(-0.0583953,-0.398303)
(0.39165,-0.614536)
(0.306469,0.892913)
(0.883655,0.169969)
(-0.391073,0.825876)
(0.438859,-0.645714)
(-0.253466,0.203403)
(-0.798975,-1.08026)
(-0.123396,0.261403)
(0.338014,-0.226919)
(1.42938,-0.445918)
(-0.426903,0.320175)
(0.22035,-0.357223)
(-0.101943,0.36022)
(0.303955,-0.10976)
(0.236894,0.177635)
(-0.707365,0.735627)
(-0.0229209,0.0663088)
(0.830127,0.477508)
(-0.2084,0.101544)
(0.0201857,0.639585)
(-0.548611,0.190082)
(0.16079,-0.242625)
(0.967111,1.23466)
(-0.338898,-0.220717)
(-0.659687,0.154328)
(-0.276915,0.389753)
(-0.320183,0.32659)
(-0.114619,0.564625)
(-0.387445,0.207922)
(1.28656,-0.42737)
(0.603026,0.29019)
(0.512218,0.988162)
(0.471604,0.19063)
(0.301033,-0.475736)
(1.07618,0.195804)
(0.468613,-0.558934)
(0.0957892,0.470389)
(-0.374557,0.338448)
(0.00186372,0.123764)
(-0.0477608,0.548968)
(0.192814,0.277444)
(-0.679974,-0.410023)
(-0.474709,0.186579)
(-0.782413,0.337885)
(1.60193,-0.800625)
(-0.693384,0.533138)
(0.556764,-1.34677)
(0.41027,0.174463)
(-0.299798,-1.02189)
(0.83272,0.331831)
(0.43723,-0.79371)
(-0.334475,-0.12823)
(-0.0736237,-0.891573)
(0.0601737,-0.380591)
(0.509354,-0.337624)
(-0.193925,0.332291)
(-0.192862,-0.972024)
(-0.102828,0.592488)
(-0.0566613,-0.114064)
(1.30322,-0.395036)
(-0.350226,0.222032)
(0.610543,-0.710602)
(-1.04404,0.764384)
(-1.00847,-0.646588)
(-0.397971,0.857678)
(0.388995,-0.192333)
(0.692896,0.358476)
(-0.482591,-0.302619)
(0.439918,-0.531732)
(0.768826,-0.815568)
(0.128789,0.0774919)
(0.978278,-0.213939)
(-0.353672,0.607153)
(0.234119,-0.592869)
(1.6431,0.693164)
(-0.702528,0.579084)
(1.00328,-0.0919735)
(-0.348331,0.011593)
(-0.286061,0.317439)
(-0.39026,0.926709)
(-0.122719,-0.0215503)
(-0.193384,-0.21412)
(0.819087,0.415967)
(0.270278,0.167579)
(-0.880619,0.974219)
(0.275578,-1.0418)
(0.426573,-0.526712)
(0.151018,-0.0369299)
(1.08131,-0.226079)
(0.0768577,0.366222)
(0.623859,-0.708902)
(-0.656924,-0.507499)
(0.294311,0.0728747)
(-0.487497,-0.633061)
(0.92268,-0.607653)
(0.284882,0.501413)
(0.0853097,-1.01985)
(0.345942,0.179232)
(-0.453952,-0.373709)
(0.173613,0.670842)
(0.0584755,-0.183416)
(-0.344049,0.00118893)
(-0.610751,-0.204999)
(-0.34784,-0.609103)
(-0.0697379,-0.472557)
(-0.0722511,-0.0425061)
(0.694045,-0.30263)
(0.402953,0.772562)
(-0.544549,-0.675907)
(1.46508,0.267014)
(-1.03849,0.497994)
(0.280638,-0.879841)
(1.10906,1.2516)
(-0.232582,-0.308099)
(-0.631806,0.804944)
(-0.0748333,0.1272)
(-0.0480668,-0.191672)
(-0.344503,1.06707)
(0.910311,0.120389)
(0.501131,-0.128397)
(-0.0158816,-0.114899)
(-1.05199,0.745937)
(-0.382501,0.664939)
(-1.58989,0.161253)
(1.2559,0.32827)
(0.189824,0.139654)
(0.068844,0.154535)
(-0.81298,0.833324)
(-0.43906,-0.326175)
(-0.174676,0.495136)
(0.211607,0.0488546)
(-0.194602,0.920204)
(-0.37795,0.241132)
(0.0314144,-0.178047)
(0.246587,0.305799)
(-0.647765,0.602399)
(-0.445547,0.126318)
(-0.0200849,-0.345333)
(-0.447645,-1.07667)
(0.0855902,0.0404197)
(-1.41611,0.659678)
(-0.452611,-0.625819)
(0.040292,0.919032)
(-1.53614,-0.640126)
(-0.274782,-1.05218)
(-1.21264,0.330716)
(-0.218476,-0.352927)
(0.472436,1.04298)
(0.109031,0.215574)
(-0.0877824,-0.212474)
(-0.399994,0.24282)
(-0.264385,0.366635)
(-0.0803365,-0.568457)
(-0.26472,0.0417303)
(-0.356438,-0.272186)
(0.0328557,0.660093)
(0.0192687,-0.654801)
(-0.0922623,-0.0443265)
(0.0241389,0.179894)
(-0.164442,-0.323183)
(-0.463191,0.187744)
(0.0939799,-0.734443)
(-0.273741,-0.0501749)
(0.0707314,0.0921582)
(0.895261,0.304278)
(-0.319836,0.0639183)
(0.266033,-0.119748)
(-0.197581,0.239626)
(-0.753655,-0.772147)
(-0.0224035,0.84938)
(0.147556,0.0559348)
(-0.0877225,-0.650027)
(0.47401,-0.329758)
(-0.165198,0.22879)
(-0.421369,1.03328)
(-0.806014,0.495884)
(-1.02018,-0.657009)
(0.661392,0.156786)
(-0.356988,-0.880887)
(-0.50525,0.522444)
(0.337334,-0.0492222)
(0.334746,-0.062584)
(0.0985771,-0.279732)
(-0.255766,0.738032)
(-0.102594,-0.85845)
(0.929131,0.0611802)
(-0.159952,0.154075)
(0.218289,-0.719492)
(-0.46886,0.417018)
(-0.329039,0.00269353)
(0.0496468,0.240482)
(0.423287,-0.298748)
(0.1584,0.114013)
(-0.403414,0.795192)
(1.0122,-0.299141)
(-0.187734,-0.442487)
(0.503714,-0.139483)
(-0.00727414,-0.050736)
(0.502233,0.176614)
(0.525951,0.980565)
(0.115563,-0.398909)
(1.01795,-0.996618)
(0.442675,-0.510021)
(-0.462992,-0.404256)
(0.37933,0.365954)
(0.65694,-0.1479)
(-0.129114,-0.67505)
(0.517045,-0.652903)
(0.346334,0.324698)
(-0.318176,0.475485)
(-0.113559,0.488773)
(-0.232667,1.09748)
(0.605852,0.135679)
(-0.191065,-0.283304)
(0.0526507,-0.442387)
(0.6556,0.694794)
(-0.409839,-0.125746)
(1.08292,-0.147423)
(0.618345,0.144903)
(-0.678984,-0.50255)
(-0.58196,0.199818)
(-0.340349,0.0946576)
(0.492903,-0.359408)
(0.474871,0.99261)
(0.243211,-0.410422)
(0.723505,-0.538448)
(-0.457508,-0.323523)
(-0.543681,0.959266)
(0.25949,-0.289631)
(0.0268045,-0.0113466)
(0.145475,0.121103)
(-0.258475,0.160859)
(-1.7389,-0.289)
(-0.10746,-0.310339)
(-1.43129,0.89718)
(-0.116912,-0.520111)
(-0.225466,-0.309144)
(0.0795571,-0.30574)
(0.2481,0.114278)
(0.175285,-0.748941)
(0.640414,0.183493)
(0.323286,-0.27531)
(1.0983,-0.329813)
(0.193055,0.343214)
(0.478412,0.0175227)
(0.800293,-1.14376)
(-0.748585,0.750852)
(-0.130913,0.54572)
(-0.535575,-0.04501)
(0.0365135,-0.0525034)
(0.712636,0.452882)
(-1.45322,-0.503528)
(-0.447244,0.233076)
(-0.426302,0.212126)
(-0.0113621,-1.07064)
(0.767904,0.668001)
(-0.325264,-0.0377278)
(0.0522819,-0.669247)
---------------------------
f_d = -3000
---------------------------
(0.210953,-0.248893)
(0.794756,-0.0710371)
(0.0337966,0.510349)
(0.0508562,0.396442)
(0.170916,-0.13379)
(0.0662263,-0.0557804)
(1.02858,0.497141)
(0.975987,-0.103717)
(0.953047,-0.680704)
(-0.226069,0.290657)
(1.27338,-0.878611)
(-0.738262,0.412475)
(-0.241647,-0.472228)
(0.541891,-0.115727)
(-0.938968,0.445701)
(0.784985,-0.987656)
(0.00303808,0.858394)
(-0.0535675,1.08707)
(0.213162,-0.429515)
(-0.534975,0.825535)
(0.0688066,-0.46195)
(0.255373,0.315908)
(-0.140719,-0.3333)
(-0.0942449,0.289416)
(-0.975833,0.0920149)
(0.445236,-0.545642)
(-0.593126,-0.173595)
(0.357082,-0.53821)
(0.234692,0.327743)
(-1.36831,0.355628)
(0.68659,0.723434)
(-0.1147,-0.368842)
(0.499994,-0.102294)
(0.607677,0.216234)
(-1.3282,0.203115)
(0.4801,0.648858)
(0.0354071,1.02959)
(0.137786,-0.261382)
(0.00189525,-0.0174432)
(0.285413,0.444829)
(0.2945,-0.058762)
(-0.214245,0.728545)
(0.39962,-0.303743)
(0.771739,-0.021664)
(0.302565,1.23923)
(0.827314,0.0150634)
(0.296955,-0.190692)
(-0.154818,0.0750417)
(0.705933,-0.356248)
(-0.248169,0.731113)
(0.154452,-1.04246)
(0.809881,0.116592)
(0.518007,-0.389066)
(0.0130531,-0.18869)
(1.06009,0.273543)
(0.792841,0.443863)
(0.903885,1.04596)
(0.122462,0.699124)
(0.827882,0.815195)
(-1.34054,0.76514)
(0.358753,-0.943679)
(-0.455992,-0.125764)
(-0.374781,0.0180455)
(0.194882,0.991331)
(-1.09822,-0.334492)
(1.63313,-0.00748)
(-0.406921,-0.130512)
(-0.664756,-0.00191381)
(-0.647388,0.245579)
(0.18156,0.679794)
(0.211473,0.792935)
(0.505385,0.507087)
(0.0931598,-0.0302124)
(-0.860126,-0.19069)
(-0.0460192,-0.0374318)
(0.617564,-0.601472)
(-1.02069,0.933785)
(-0.22863,-0.618783)
(0.00723179,-0.275419)
(0.0436693,-0.139484)
(0.726873,0.331904)
(0.167564,0.660833)
(0.865067,0.23453)
(0.215222,-0.519613)
(1.09183,0.72836)
(-0.493162,-0.571249)
(-0.060187,0.512086)
(-0.528267,0.650119)
(0.18078,-0.339559)
(-0.172719,-0.411748)
(0.662563,-0.00844329)
(0.457735,-0.131084)
(0.287363,-1.14878)
(-0.0157128,0.0690531)
(0.869594,-1.15721)
(0.713246,0.0124338)
(-0.0650603,-1.08148)
(-0.162133,0.0100432)
(0.370422,0.501791)
(-0.155103,-1.02706)
(-0.267474,1.24018)
(0.544455,0.153305)
(0.444509,-0.785332)
(0.270576,0.142862)
(-0.263378,0.366433)
(-0.369021,-0.00118144)
(0.23788,0.688343)
(1.22203,-0.655865)
(-0.173365,-0.357449)
(0.262566,-0.176901)
(-0.182254,-0.331225)
(0.0364048,-0.502932)
(-0.403684,-0.428999)
(0.912316,-0.575301)
(-0.650897,0.063175)
(-0.485255,0.645739)
(-0.187708,-0.140158)
(-0.423794,-0.0535293)
(0.295323,-0.113096)
(0.893174,-0.272122)
(-1.05235,0.351587)
(0.461867,-0.68455)
(1.36257,0.698661)
(-0.696204,-0.0182558)
(-0.977852,0.423359)
(-0.312254,-0.769422)
(0.810876,-0.017602)
(-0.186345,0.590173)
(1.34419,0.809061)
(-1.24529,-0.428629)
(0.674821,-0.0758632)
(-0.153362,-1.06182)
(1.09694,0.193653)
(-0.827798,0.385966)
(0.453958,-0.973914)
(-0.0685805,-0.610593)
(0.734491,-0.266688)
(0.284764,-0.500396)
(-0.222066,-0.87642)
(-0.142955,-0.953387)
(0.512196,-0.484529)
(0.21669,0.143377)
(0.298558,-0.0643675)
(-0.262415,0.320687)
(-0.246577,-0.914937)
(0.37188,0.86527)
(0.0477181,0.270071)
(1.13408,-0.0999332)
(-0.187458,0.755618)
(0.205552,-0.682355)
(-0.243705,0.557948)
(-0.0908945,0.30396)
(-0.427587,-0.2941)
(-0.00532743,-0.280306)
(-0.419769,0.124729)
(1.35127,0.442843)
(-0.233635,-0.0669353)
(1.34961,0.492716)
(-0.197942,0.443597)
(0.00385882,-0.906316)
(0.221911,0.479654)
(-0.294206,-0.526188)
(0.300428,-0.141237)
(-0.0733416,0.073516)
(0.659531,-0.126986)
(0.0961407,0.883865)
(0.350091,0.240514)
(0.730841,0.555579)
(-0.698426,0.742274)
(0.30486,-0.19997)
(1.86632,-0.093068)
(-0.405793,-0.613121)
(0.143243,-0.0275031)
(-0.264954,0.13922)
(0.359157,0.442495)
(0.317777,-0.771469)
(0.0242759,-0.89237)
(0.206479,-0.346273)
(0.427838,0.109807)
(0.0399655,-0.508717)
(1.26157,0.708552)
(-0.275157,0.052707)
(1.4789,-0.443738)
(0.179466,0.955717)
(-1.24922,0.635545)
(0.400098,0.209621)
(-0.369167,-0.111169)
(1.14842,0.20665)
(-0.109532,1.16867)
(-0.80736,-0.00315003)
(0.0567388,0.000843165)
(-0.30674,0.199221)
(0.785149,0.583771)
(-0.0847106,0.765133)
(-0.114732,-0.125484)
(0.850874,0.34733)
(-0.212531,-0.0554598)
(0.290924,-0.0270006)
(-0.326372,1.19118)
(-0.327763,0.308156)
(0.310339,0.985012)
(-0.0738087,-0.349126)
(0.46892,-0.259056)
(-0.00837548,0.510076)
(0.466889,-0.172323)
(0.67625,-0.527849)
(-0.685432,1.03866)
(1.0767,-0.222859)
(0.226944,0.51617)
(-0.15811,-0.538305)
(0.0251285,0.471283)
(-1.59524,0.140086)
(1.10765,0.549838)
(-0.31885,-0.637964)
(0.398073,-0.739607)
(0.322817,-0.779589)
(-0.517801,-0.740413)
(0.518597,-0.595578)
(0.935983,-0.448666)
(0.293443,-0.619884)
(0.478437,-0.499178)
(-0.763493,-0.736745)
(0.170385,-0.135624)
(-0.238924,-0.199551)
(-0.527346,-0.00767037)
(0.225035,0.177647)
(-0.871423,0.398164)
(-0.278442,-0.569632)
(-1.10966,-0.445421)
(-0.675436,0.587431)
(1.25034,0.683704)
(1.43742,-0.267873)
(-0.376127,-1.21273)
(0.373531,0.16607)
(-0.631122,-0.345569)
(-0.342296,0.387146)
(-0.75182,0.736925)
(0.553827,-0.98682)
(0.422663,0.0956662)
(0.471059,-0.888015)
(0.482204,0.581987)
(-1.15601,0.519701)
(0.813308,-0.749997)
(0.931839,0.280475)
(0.43144,0.319073)
(0.509142,0.345041)
(0.478182,-0.107062)
(0.155984,-0.781721)
(0.455911,1.21372)
(0.144991,-0.132521)
(0.278372,-0.45397)
(0.519695,-0.76189)
(-0.375052,0.660433)
(-0.426487,0.036465)
(0.0186502,0.417152)
(0.0732961,-0.0509415)
(0.6722,-0.413448)
(0.0436048,0.0979734)
(1.18395,0.369524)
(-0.043007,-1.00291)
(0.488311,0.354014)
(0.253248,-1.14496)
(-0.391632,0.244441)
(0.0564934,0.216306)
(-0.801266,0.113193)
(-0.62261,-0.513043)
(0.566759,-0.418409)
(-0.187952,0.411356)
(0.74073,-0.0229125)
(-0.635932,0.0916177)
(0.290361,-0.166477)
(-0.676449,-0.0402858)
(-0.122149,0.939619)
(0.294196,-0.22806)
(-1.34383,-1.10559)
(1.07601,0.937702)
(0.447051,-0.75145)
(-0.160748,0.462159)
(0.333606,0.349288)
(0.791647,0.619228)
(-0.298228,-0.423021)
(0.536217,0.904904)
(0.528756,-0.196881)
(0.681085,-0.683905)
(0.0179375,1.00199)
(-0.093132,-0.528288)
(-0.259328,0.424925)
(0.603816,0.728141)
(0.860313,-0.736345)
(0.0105668,1.1962)
(0.174872,0.108473)
(0.773798,-0.46989)
(0.292555,0.51862)
(0.718767,-0.350815)
(0.577633,0.107811)
(1.15231,0.183704)
(0.690436,0.168769)
(-0.68791,0.00898372)
(0.81056,-0.933714)
(0.24291,0.262754)
(0.116355,-0.42002)
(0.214742,0.551077)
(0.490875,-0.684125)
(0.770854,-0.111663)
(0.103441,0.472853)
(0.350801,0.204115)
(0.277901,-0.568513)
(-0.2109,0.39141)
(0.792308,0.454541)
(-0.533721,0.153764)
(-0.933389,0.268241)
(-0.270995,-0.225196)
(-0.269092,-0.482079)
(-0.159108,-0.246031)
(-0.361937,1.43531)
(-0.0659169,-1.44371)
(0.195271,-0.3231)
(-0.0130757,0.287123)
(1.25212,-0.146913)
(-0.112007,1.55608)
(-0.431167,-0.205088)
(0.393669,-0.513754)
(-0.759279,-0.582632)
(-0.499207,0.178684)
(-0.645153,0.235207)
(0.180665,0.376524)
(0.015958,-0.799535)
(-0.258409,-0.990879)
(-0.511961,0.293147)
(-0.695867,1.05221)
(0.0933508,0.0616665)
(0.0250409,0.0613467)
(0.26316,1.31119)
(-0.570003,-0.32153)
(-0.039081,-0.564742)
(-0.0519576,0.3888)
(-0.344167,-0.498861)
(-0.490744,-0.126619)
(-1.3557,0.380982)
(0.388723,-0.545763)
(0.4455,-0.383785)
(0.531718,0.431357)
(0.963109,-0.39452)
(-0.424202,-0.193375)
(0.586614,-0.274448)
(0.329614,-0.44669)
(-0.0579956,-0.088537)
(-0.0106126,1.03208)
(-0.794156,-1.14933)
(-0.468441,0.85358)
(-1.01342,-0.336993)
(-0.048438,0.206298)
(-0.201402,0.0454404)
(-0.299666,0.45096)
(0.141324,0.91989)
(-0.20758,-0.05346)
(0.402938,0.551034)
(-0.395119,-0.0255849)
(-1.14584,-0.265635)
(0.266288,0.00143479)
(-0.0442601,1.05058)
(-0.138096,0.436357)
(0.188774,-0.438482)
(0.0567444,-0.310178)
(-0.0263979,0.0391743)
(-0.353563,-0.0598233)
(-0.759035,0.269112)
(-0.011692,-0.185494)
(-0.125496,0.10608)
(0.708551,-0.52151)
(0.198726,-0.105526)
(0.483435,-0.263026)
(-0.224493,-0.264993)
(0.103123,0.497874)
(-0.0793946,-0.358414)
(0.0914019,0.176499)
(-0.121626,0.682794)
(0.0484647,-0.754668)
(0.603981,0.818)
(0.439202,-0.132457)
(0.743941,-0.0686638)
(-0.103823,-0.500916)
(0.953531,-0.830973)
(0.0461615,-0.741795)
(0.582601,-0.186821)
(0.433389,-0.407779)
(0.605214,-0.501518)
(0.429466,-0.196003)
(0.745477,0.48346)
(-0.128617,0.0244099)
(0.111048,-0.140988)
(1.02263,-0.111204)
(0.530628,0.449866)
(0.373938,0.928019)
(0.76682,-0.289773)
(0.13894,0.693012)
(-0.206215,-0.603148)
(0.561415,0.382266)
(0.844425,0.352267)
(0.324119,-0.469645)
---------------------------
f_d = -2000
---------------------------
(0.440739,-0.27898)
(-0.530489,-0.373334)
(0.147572,0.40861)
(-0.166954,0.389787)
(0.714087,-0.976924)
(0.214923,0.193193)
(0.260942,0.938534)
(0.0599023,-0.622947)
(0.00800369,0.09953)
(0.114727,-1.13618)
(-0.603014,-0.0809738)
(-0.159348,0.941779)
(0.300892,0.483526)
(-0.735852,0.366493)
(0.315448,-0.35879)
(-0.875359,-0.139901)
(-0.912732,-0.441369)
(0.0576735,1.02053)
(-0.182065,-0.367737)
(1.42297,-0.045618)
(-0.12957,0.124768)
(-0.388912,-0.276822)
(-0.141496,0.165332)
(-0.304764,0.239374)
(-0.706069,-0.735164)
(0.481169,0.316205)
(-0.287805,0.234678)
(-1.11063,-0.847287)
(-0.962302,0.00324538)
(-0.154,0.602058)
(-0.527044,1.06807)
(0.17698,0.155098)
(0.270587,0.584788)
(-0.696978,-0.709907)
(-0.484947,-0.303092)
(-0.188099,0.117412)
(0.0276069,0.700403)
(-0.21877,0.213705)
(-0.107295,0.56701)
(-0.817309,-1.0979)
(0.748871,-1.29925)
(-0.0329725,0.582943)
(0.67821,-0.317582)
(0.191041,-0.885925)
(0.605034,0.207755)
(-0.487685,-1.12512)
(-0.363768,-0.827478)
(0.5992,0.818888)
(0.112697,-0.317227)
(1.23259,-0.0707594)
(0.289638,-0.722526)
(-1.09942,-0.0225386)
(0.146972,0.438029)
(-0.147862,-0.151696)
(-0.0265062,0.687708)
(0.579488,0.0362507)
(-0.117387,0.381243)
(0.353572,-0.958689)
(0.0143929,-0.438693)
(0.708547,0.673326)
(0.971015,-0.539129)
(0.184199,0.689682)
(-0.472986,-0.00354381)
(0.0379596,0.195849)
(-0.344354,0.36063)
(-0.159189,0.24457)
(-0.757803,0.584532)
(0.805819,0.585129)
(-0.313069,0.0717992)
(1.3494,0.108546)
(-0.138004,0.916545)
(0.437553,0.86278)
(0.195865,-0.383182)
(1.0177,0.284744)
(0.0586857,0.217687)
(-0.862729,0.796156)
(-0.0846106,0.657078)
(0.153331,0.558295)
(0.152563,1.19628)
(0.76152,0.866018)
(-0.33545,-0.242388)
(0.288576,0.183)
(1.1967,0.545298)
(-0.695014,-0.926187)
(0.466131,0.509521)
(0.130066,-0.525947)
(1.03831,-0.301146)
(-0.179502,-0.00388811)
(0.805097,-0.77362)
(-0.112147,0.971023)
(-0.173288,0.404938)
(0.738096,1.40992)
(0.565651,-0.370043)
(0.307104,0.0426876)
(0.594258,0.435564)
(-0.0638704,-0.00228283)
(0.348039,-0.468305)
(-0.0196801,0.61182)
(-0.160455,-0.46517)
(0.120284,0.182915)
(-0.10602,-0.226842)
(-0.246055,0.595426)
(-1.13392,-0.354543)
(1.27179,-0.531768)
(-0.732262,0.290918)
(0.497647,-0.560855)
(-0.0463415,0.426394)
(-0.413656,-0.210856)
(0.411435,0.798503)
(-0.0936072,-0.528257)
(0.471909,-0.282375)
(1.1138,0.420304)
(0.0882566,0.361581)
(0.186276,0.0755963)
(0.204225,0.987024)
(0.24326,-0.423265)
(0.00484,0.819874)
(0.0320659,0.17153)
(-0.094342,0.379359)
(-1.18861,-0.301177)
(0.376499,-0.849511)
(1.05707,0.219093)
(0.333232,-0.368683)
(-0.513897,1.34033)
(-0.098468,-1.04878)
(-0.526455,-0.254653)
(-0.42313,-0.183392)
(-0.0964116,0.31342)
(0.525618,-0.302436)
(-0.453333,0.300516)
(-0.0987564,-0.923299)
(0.324345,-0.489058)
(-0.223832,-0.564452)
(0.256877,-0.0709617)
(0.664231,0.200966)
(0.885428,0.425299)
(0.162496,0.455842)
(-0.368105,-0.238517)
(-0.0012782,0.137631)
(-0.958009,0.698848)
(-0.354178,-0.763231)
(0.707296,0.75801)
(-0.503366,0.288828)
(0.382128,-0.162799)
(-0.720192,-0.352472)
(0.240443,-0.424994)
(-0.497162,0.285797)
(-0.587839,-0.337825)
(0.626053,-0.725194)
(0.323204,0.383252)
(-0.511071,0.0925372)
(0.569148,0.690854)
(-0.104388,-0.454322)
(0.34017,-0.319369)
(0.0918773,0.213118)
(1.14872,-0.00564245)
(0.423591,0.305024)
(0.427579,-0.550273)
(0.434114,0.80015)
(-0.126778,-0.0381225)
(0.531909,0.662286)
(-0.306794,-0.543558)
(-0.480738,0.22724)
(-0.132692,-0.96508)
(0.0171615,0.712682)
(-0.796778,0.837001)
(0.61046,-0.579087)
(-0.681904,0.648822)
(-0.119181,-0.790393)
(1.03859,0.370173)
(-0.696794,-1.65717)
(0.836707,0.136952)
(-0.791698,-0.0654798)
(-0.178562,-0.353842)
(0.275078,0.567464)
(-0.298482,0.322842)
(0.460362,-0.797963)
(-0.457848,1.30929)
(0.115766,-0.569317)
(0.146225,1.17773)
(-0.861896,-0.364745)
(0.654392,-0.707997)
(-0.799502,-0.605497)
(-0.0120812,-0.512711)
(-0.104684,0.278155)
(-0.451638,-0.521188)
(0.0568577,1.11807)
(0.197476,-0.456485)
(-0.395952,-0.125586)
(-0.354816,-0.512657)
(-1.17681,0.395398)
(0.827048,-0.0682519)
(-0.281155,0.421954)
(0.870046,-0.19896)
(-0.431725,0.0686746)
(-1.01479,-0.533053)
(0.388727,-0.134572)
(0.213016,-0.0647357)
(0.0797294,-0.415778)
(0.968241,0.612848)
(-0.933718,-0.122914)
(0.0763846,-0.0652358)
(0.117812,0.348936)
(0.17288,-0.116715)
(-0.639324,1.02483)
(-0.584758,-0.863174)
(0.110715,-0.138099)
(-0.513021,0.842744)
(-0.330298,-0.516188)
(0.597756,-0.343181)
(-0.26226,0.322385)
(-0.128983,-0.518412)
(-0.0100733,0.0748072)
(-1.25399,0.418648)
(0.550619,-0.462169)
(0.379122,0.477408)
(0.61468,0.124286)
(0.503894,0.936488)
(-0.638974,-0.0399733)
(0.402282,0.248272)
(-0.526568,-0.115577)
(0.652103,0.810518)
(-0.0923651,0.258273)
(-0.612175,0.701809)
(0.753981,-0.104282)
(-1.65197,0.562838)
(0.738744,-0.200165)
(-0.066493,1.0425)
(0.229307,-0.10086)
(0.568006,-0.233318)
(-0.44127,-0.400855)
(0.311633,-0.507961)
(-0.538705,0.10605)
(1.05051,-0.479669)
(0.533811,0.944191)
(0.184834,-0.952784)
(0.870467,-0.560786)
(-0.860817,-0.209475)
(0.302956,0.321383)
(0.257653,-0.00551146)
(-0.986195,0.337945)
(0.73654,-0.499997)
(-0.908348,0.519106)
(0.382301,0.725227)
(-0.731453,-0.218149)
(1.52144,-0.327398)
(-0.398848,-0.486932)
(-0.402089,-0.613089)
(0.392223,0.555375)
(-0.0485377,-0.786759)
(0.0458572,-0.770088)
(0.352022,0.274385)
(0.210821,-0.338808)
(-0.142407,-0.190263)
(-0.68904,-0.817512)
(-0.546608,-0.879575)
(-0.738214,-0.332436)
(0.374407,-0.265909)
(0.479918,0.142601)
(-0.593745,-1.20582)
(0.445775,0.269732)
(-0.666471,-0.683416)
(0.586826,-0.157857)
(0.413506,0.41774)
(0.237747,0.288869)
(-0.26825,0.311006)
(-0.39891,-0.617919)
(-0.351854,-0.484866)
(0.206554,-0.187552)
(-0.663549,-0.404948)
(-0.0561621,-0.996382)
(0.302072,0.349049)
(0.347847,-1.19037)
(-0.587513,-0.253914)
(-0.286782,-0.112495)
(0.382018,-0.0709304)
(-0.803433,-1.15569)
(0.721925,-0.668664)
(0.118735,-0.956881)
(0.157668,-1.02552)
(0.267299,0.0358231)
(-0.0542491,0.250401)
(-1.0246,0.0166342)
(0.49244,-0.203572)
(0.0131194,0.509765)
(-0.264308,-0.0822408)
(-0.169857,-0.139013)
(0.196277,-0.00513523)
(-1.01125,-0.614296)
(0.159647,-0.326116)
(0.0187477,1.24795)
(-0.204835,-1.01665)
(-0.846034,-0.541428)
(0.247384,0.128921)
(-0.790214,-0.152857)
(-0.682147,0.954958)
(0.215015,-0.509)
(-0.0600993,-0.48886)
(0.131441,-1.2944)
(-0.145523,0.765818)
(0.833591,-0.778543)
(-0.604124,0.126883)
(0.390388,-0.601182)
(0.74963,-0.369785)
(0.275287,-0.217799)
(0.554236,0.0742599)
(-0.229405,0.617008)
(-1.08834,0.491455)
(0.396266,0.546167)
(0.509765,-0.108324)
(0.108568,0.707673)
(-0.889834,-0.135301)
(-0.604208,-0.240551)
(-0.0218137,0.0983682)
(0.77276,-0.0688609)
(0.427558,-0.757901)
(-0.0770554,0.344939)
(0.158679,-0.585661)
(-0.250919,-0.672484)
(0.262496,0.725037)
(0.143068,-0.224178)
(0.60999,0.015414)
(-0.695833,0.200345)
(1.20444,-0.0194871)
(0.149747,-0.848356)
(0.091522,-0.537403)
(0.152634,-0.414647)
(0.0591033,-0.0169643)
(-0.134192,1.29816)
(-0.0617848,0.91416)
(-0.50416,-0.368498)
(0.331095,0.120999)
(0.409411,0.393782)
(-0.582094,-0.80323)
(-0.707066,0.207541)
(-0.47598,-0.13522)
(-0.687116,0.161686)
(-0.841843,0.185592)
(0.417987,0.503921)
(-0.507983,-0.0535886)
(-0.318196,-0.265836)
(-0.264066,0.317283)
(0.401141,-0.666058)
(0.811183,0.982678)
(0.974552,-0.990113)
(-0.748869,0.729915)
(-0.0510198,0.0534579)
(0.730059,1.00507)
(-0.32894,-1.00325)
(-0.340373,0.435244)
(0.282604,-0.482858)
(-0.336561,1.38464)
(-0.975961,0.625684)
(0.347955,-0.6933)
(-0.225332,0.650389)
(-0.640723,0.493312)
(0.0567081,-0.398031)
(-0.976368,0.456931)
(-0.312343,0.347192)
(-0.00733872,0.141001)
(-0.901681,-0.134054)
(0.90379,-0.783967)
(0.321447,-0.332073)
(-0.79705,-1.30457)
(-0.741927,0.623253)
(0.786535,0.0380865)
(0.732617,-0.0592328)
(-1.02671,0.366481)
(-0.582399,0.716851)
(-0.697015,-0.194466)
(-0.604035,0.271692)
(0.336242,0.399062)
(0.276716,-0.262477)
(0.651304,0.416022)
(0.417286,-0.753984)
(-0.26495,-0.329964)
(0.799636,0.554189)
(-0.310674,-0.613893)
(-0.794269,0.177208)
(-0.23871,0.650171)
(0.502494,0.200981)
(-0.73027,0.0406662)
(-0.0582253,0.650631)
(0.413145,-1.00311)
(0.212915,0.338369)
(0.410609,-0.2477)
(-0.0386979,0.328174)
(0.439863,0.600936)
(1.1899,-0.778776)
(-0.432127,-0.086082)
(0.252624,0.219025)
(0.0315099,0.803211)
(0.661608,-0.0674212)
(-0.227525,0.0887189)
(0.0624465,0.586208)
(0.287144,0.328451)
(-0.216282,0.614376)
(0.580092,0.198473)
(-0.45385,-1.16358)
(0.748224,0.107383)
---------------------------
f_d = -1000
---------------------------
(1.02169,0.515722)
(-0.523009,0.427312)
(-0.496272,-0.852077)
(-0.0572061,-0.117746)
(-0.359909,-0.262279)
(-0.141887,0.386996)
(-0.248309,-0.537308)
(0.165709,-0.695994)
(0.449538,0.176507)
(-0.239133,-0.496614)
(-0.329244,-0.54625)
(0.485343,0.247827)
(0.734696,-0.496589)
(-0.146457,1.1723)
(0.249564,0.982038)
(-0.228105,0.472924)
(-0.513713,-0.718686)
(-0.00789142,-0.197967)
(0.633863,0.486287)
(-1.15737,0.614362)
(-0.716073,0.326624)
(-0.17241,0.00232101)
(0.531893,-0.206781)
(-0.585267,0.267985)
(0.246698,0.849986)
(-0.255966,-0.0804326)
(-0.08031,-0.237556)
(0.542027,0.110882)
(-1.34387,0.52364)
(-0.398046,0.0709044)
(-0.447017,0.354453)
(0.173044,-0.54589)
(-1.02615,0.407795)
(-0.260873,0.380161)
(0.033196,0.10102)
(-0.228257,0.137683)
(-0.183237,0.42687)
(-0.0679978,0.116002)
(0.046097,0.208225)
(0.444084,0.0958862)
(-0.024396,-0.544653)
(-0.612208,0.321383)
(-0.44242,0.00216443)
(-0.0848842,-0.163107)
(0.748706,-0.667675)
(-0.660466,-0.620036)
(0.298861,-0.149592)
(-1.27009,-0.648392)
(0.697549,-0.609127)
(-0.38363,0.052879)
(0.0782933,-0.228897)
(0.0858985,-0.232603)
(0.212479,-1.11433)
(1.02175,-0.564899)
(0.0663391,-0.278035)
(-0.240014,-0.657138)
(0.0464956,0.699123)
(0.260322,-0.363036)
(-0.238756,-0.254077)
(-0.448854,-0.584582)
(-0.140054,-0.39789)
(0.104043,0.433896)
(0.203787,0.380891)
(0.0639021,-0.724779)
(-0.35727,0.791324)
(-0.254593,1.49031)
(0.413581,-0.369876)
(-0.585186,-0.0444847)
(-0.141315,0.465937)
(0.162173,-0.114159)
(-1.1187,0.0348131)
(0.139388,0.0390932)
(0.651006,0.709492)
(-0.28118,-0.51267)
(-0.0426334,0.536657)
(0.227378,0.282503)
(0.868725,0.522121)
(0.269318,-0.361592)
(0.167082,0.162509)
(0.68309,0.723098)
(-0.526958,0.55172)
(-0.111985,-0.431152)
(-0.141434,-0.518039)
(0.529658,-0.727677)
(0.0435208,0.483005)
(-0.278765,0.427285)
(-0.173909,-0.112808)
(-0.161297,0.579499)
(-0.239626,-0.57931)
(0.365906,1.4997)
(-0.777379,-0.250259)
(0.271515,-0.238325)
(0.638424,0.317354)
(-0.660628,-0.464425)
(0.656141,0.587689)
(0.102372,0.121528)
(1.03074,-0.509174)
(-0.0344299,0.375263)
(0.258619,0.534732)
(0.603067,-0.303123)
(-0.379742,0.154264)
(1.03652,-0.132755)
(-0.271585,0.68647)
(-0.0627405,-0.199484)
(0.626644,0.704495)
(-1.53822,-0.529835)
(0.376704,1.27104)
(-0.157268,0.491823)
(-0.729294,0.190468)
(0.117943,0.220025)
(-0.676766,-0.0840553)
(-0.655098,-0.113432)
(0.529616,0.402827)
(0.662286,0.0651198)
(-0.115724,0.0746242)
(-0.268241,-1.16296)
(-0.388552,0.622659)
(-0.138458,0.696071)
(0.757184,-0.160405)
(0.488709,-0.657477)
(1.02308,0.416417)
(-0.815424,0.117923)
(0.418119,0.248917)
(-0.89277,-0.34796)
(0.407255,-1.03906)
(0.628815,-0.0232066)
(-0.20407,0.269314)
(-0.529007,-0.187248)
(-0.435095,-0.0853356)
(0.163513,-0.132398)
(0.11462,0.453007)
(-0.165256,-0.239079)
(0.304489,-0.166515)
(-0.395094,0.0118332)
(0.089147,-1.36369)
(-0.105643,0.481763)
(-0.542,-1.07962)
(0.605746,0.300632)
(-0.735351,-0.532537)
(0.368078,-0.578224)
(-0.257985,1.16051)
(0.431578,-0.655554)
(1.0881,-0.79336)
(-0.0800059,0.171784)
(0.0398777,0.310714)
(-0.252452,-0.806825)
(-0.965428,-0.500659)
(0.43169,-1.15443)
(0.71455,-0.150964)
(-0.722943,-0.555063)
(0.263209,1.09837)
(-0.270749,0.663951)
(-0.16922,-0.225574)
(-1.4359,-0.867938)
(0.443224,-0.504824)
(-0.520751,-0.146051)
(-0.856289,-0.335417)
(-0.621705,-1.18989)
(-0.204512,0.389705)
(0.659125,-1.01444)
(0.76071,-1.44047)
(-0.791145,0.0407139)
(0.043883,-0.1476)
(0.859925,0.541285)
(-0.0552589,-0.55172)
(-0.337552,0.0427701)
(-0.240994,-0.407214)
(-0.718977,0.583564)
(0.240525,0.516412)
(1.01855,-0.572856)
(1.20965,0.257338)
(0.0968969,-0.319766)
(-0.229855,-0.354498)
(0.0435372,0.546346)
(0.142942,0.226593)
(0.191068,0.741374)
(-0.0262175,-0.29933)
(0.391704,-0.0885052)
(0.282119,0.452432)
(-0.393294,0.380501)
(-0.021408,-0.0971147)
(-0.306281,0.639235)
(-0.459142,0.250766)
(0.168118,-1.13698)
(0.618992,0.511447)
(0.276521,0.179767)
(-0.411633,0.480465)
(0.665122,1.05589)
(0.689744,0.354524)
(-0.276215,0.723989)
(-0.0674579,-0.0662865)
(-0.544163,0.0917816)
(0.854375,0.59957)
(0.0631073,0.184023)
(0.481864,0.760668)
(-0.0106264,0.303084)
(-1.3873,0.456419)
(-0.140252,0.318448)
(-0.153234,0.572316)
(-1.03209,0.326823)
(0.796278,-0.0962388)
(-0.320799,1.17844)
(-0.192539,0.22218)
(-0.378812,-0.600425)
(-0.244089,1.66154)
(0.166077,0.526803)
(0.00390567,0.139555)
(0.681202,-0.470076)
(0.657017,0.174449)
(-0.467728,-0.493596)
(-0.618095,0.0276923)
(0.608535,0.465125)
(0.624378,-0.761032)
(0.755528,1.43266)
(0.03668,-0.230412)
(0.194732,-0.0627793)
(-0.408664,0.297464)
(0.689465,-0.172097)
(-0.193561,0.17354)
(-0.0314461,0.0941481)
(0.0404252,0.302388)
(-0.920274,-0.923412)
(-0.374974,0.349548)
(0.264301,1.19024)
(-0.995205,-0.393221)
(-0.407115,0.768465)
(-0.0155963,0.839309)
(-0.226738,1.21687)
(-0.0451405,0.548028)
(-0.0205981,-0.81722)
(-0.121561,-0.71393)
(-0.0344585,0.334807)
(0.355064,-0.104286)
(-0.347152,0.327353)
(0.425309,0.224537)
(0.499052,-0.755217)
(0.25967,0.0239222)
(-0.0037359,1.3866)
(0.320925,0.185957)
(-0.571841,0.626051)
(-0.248695,-0.587924)
(0.110236,-0.45227)
(0.0917816,0.0338656)
(-0.502365,0.420879)
(-0.157621,0.476455)
(1.11115,-0.0435308)
(-0.0607466,1.31873)
(0.113215,-0.657743)
(0.918881,-0.556344)
(0.130539,0.570109)
(0.698091,-0.298123)
(-0.163281,0.0622352)
(0.559179,-0.107325)
(0.66455,0.229978)
(-1.13884,-0.218864)
(-0.0653723,-0.786493)
(0.084506,0.215671)
(0.721418,-0.603751)
(0.891093,-0.27271)
(0.621762,-0.446708)
(-0.152668,0.214705)
(-0.0777884,1.09096)
(-0.315547,0.661432)
(0.209924,0.398548)
(0.773568,0.136853)
(0.199264,0.196045)
(-0.0412547,0.727126)
(0.549168,-0.293241)
(-0.397489,-0.221855)
(-0.400915,1.02172)
(0.0409383,-0.103077)
(-0.33311,-0.333378)
(-0.280479,-0.208076)
(0.0229243,0.693509)
(-0.160565,0.546864)
(0.13599,0.916536)
(0.464481,-0.496782)
(-0.409428,-0.59511)
(-0.688489,-0.304881)
(0.179816,0.0981556)
(0.554749,-0.23422)
(-0.181536,1.8126)
(-0.0760562,-0.418861)
(-0.226763,0.466272)
(-0.19897,1.17972)
(-0.267316,-0.689141)
(-0.497926,-0.74289)
(0.358755,-0.23674)
(0.167391,0.759909)
(-0.0359463,0.15885)
(-0.201777,-0.0412514)
(-0.334825,-1.04945)
(0.443441,0.152516)
(-0.969575,-0.0146618)
(1.24634,-0.440088)
(-1.02764,1.0071)
(-0.632809,-0.570892)
(-0.199207,-0.140058)
(-0.715401,1.0311)
(0.586421,0.259512)
(-0.404545,-0.58353)
(0.520922,0.343911)
(0.0727795,-0.504873)
(-0.836759,0.566903)
(-0.859726,-0.101588)
(0.515192,-0.157161)
(-0.0385297,-0.270721)
(0.383423,0.426526)
(-0.696809,0.636315)
(0.713836,-0.366382)
(0.505246,1.14658)
(0.562124,-0.0172408)
(-0.0289734,0.671173)
(-0.193042,0.45747)
(-0.27817,-0.336981)
(-0.616454,-0.608729)
(-0.652023,-0.724128)
(0.23123,1.04291)
(-0.633985,-0.0259405)
(-0.299613,-0.363066)
(0.43312,0.0618299)
(-0.75672,-1.06614)
(1.0086,0.57036)
(-0.0302349,-0.00845239)
(0.808141,0.136465)
(0.305392,1.49584)
(-0.542399,-1.27469)
(0.412146,0.397457)
(0.70096,-0.4264)
(0.0945192,-0.012093)
(-0.22926,0.189819)
(0.950469,0.43275)
(0.132141,-0.68679)
(-0.818161,0.0783811)
(-0.666194,0.596619)
(0.613917,0.13774)
(0.772319,-0.244099)
(-0.0398689,-0.452451)
(0.101753,-0.26739)
(-0.555251,0.0301005)
(0.849451,0.733279)
(-0.0864173,0.65337)
(-0.408919,-0.93318)
(0.0840954,0.557267)
(-0.216083,-0.724615)
(-0.111746,0.222413)
(-0.518457,0.284371)
(0.0455468,-0.516204)
(-0.72058,0.54358)
(0.517172,1.02244)
(-0.649268,-0.698304)
(-0.390315,0.427234)
(-0.565093,-0.344685)
(-0.389752,0.0512307)
(-0.641553,0.0229759)
(1.32005,-0.378567)
(-1.55342,1.01716)
(-0.0084775,0.53862)
(-0.356626,0.0296833)
(-0.553965,0.124061)
(-0.541891,0.621512)
(0.271333,-0.302545)
(-0.402527,-0.484043)
(-0.371042,0.29802)
(0.192916,-0.133206)
(-0.167519,-0.545188)
(0.611417,0.734079)
(-0.633637,0.481143)
(-0.0927761,-0.31093)
(-0.214603,0.551177)
(1.23922,0.346128)
(-1.31457,0.0267614)
(-0.721604,-0.0631538)
(0.500976,0.438687)
(0.525032,-0.239565)
(-0.444052,0.0945519)
(0.278222,0.691417)
(-0.479502,0.670004)
(-0.571685,0.838456)
(0.485532,0.475605)
(-0.164983,-0.995845)
(0.523999,0.741724)
(0.282915,0.372047)
(0.256506,0.0460061)
(-0.310431,-0.114542)
(0.484943,-0.0930427)
(-0.0939557,0.308107)
(-0.0294163,-0.386356)
(0.0283365,-0.564871)
(-0.19705,0.825321)
(-0.653727,0.0456387)
(-0.0472103,0.543317)
(-0.658438,0.956455)
(-0.720371,0.225778)
(0.248825,-0.329065)
(-0.456399,0.0478387)
(0.172415,0.385201)
(0.525356,0.378074)
(-0.142326,0.174005)
(-0.291094,0.816559)
---------------------------
f_d = 0
---------------------------
(0.65195,-0.232915)
(1.10648,-0.50336)
(-0.209597,-0.756605)
(-0.335847,-0.0546511)
(0.794125,0.263703)
(0.261925,-0.262234)
(0.494486,0.349457)
(-0.157039,-0.0769335)
(-0.25918,-0.103299)
(-0.128903,-0.42232)
(-0.0323099,-0.398871)
(-0.240283,0.644822)
(-0.625571,-1.20337)
(1.19556,-0.234317)
(0.58358,-0.407893)
(0.295948,-0.98303)
(0.706457,1.27441)
(0.292052,0.589431)
(0.522273,-0.465899)
(0.677015,-0.191733)
(-0.372912,-0.624573)
(0.214587,-0.376265)
(0.33642,0.648899)
(0.728926,0.910545)
(0.547501,0.362243)
(-0.0343205,-0.386644)
(-0.0436329,-0.335517)
(0.569012,0.4729)
(-0.520589,1.18896)
(-0.11025,-0.0452775)
(-0.472813,0.591447)
(-1.48624,-0.411841)
(0.329479,-0.381011)
(0.0269364,-0.316005)
(0.140409,0.0349355)
(-0.962042,0.184288)
(-0.0686079,-1.30484)
(0.0626535,-0.595661)
(-0.293671,-0.0521654)
(0.999933,0.436201)
(-0.0893589,-0.960499)
(0.853513,-0.3699)
(-0.153848,-1.08366)
(0.366316,0.326359)
(-0.315082,-0.74678)
(-0.60305,0.048675)
(-0.297494,-0.619506)
(-0.320309,-0.555395)
(-0.0879784,-0.710631)
(0.458497,-0.158829)
(-0.0398376,-0.325883)
(0.646487,-0.992315)
(-0.00698446,0.00811896)
(-0.624444,0.370962)
(-0.228549,-0.941992)
(-1.1036,0.695451)
(-0.391989,0.2209)
(-0.0201946,-0.179282)
(-0.35662,0.740651)
(-0.156439,-1.31896)
(-0.699627,-0.126349)
(-0.570526,0.139447)
(0.501277,-1.0211)
(-0.258863,0.69461)
(0.615394,-0.194772)
(-0.564308,-0.418435)
(-0.444321,-1.12164)
(0.160719,1.07402)
(-0.313719,0.737286)
(0.0856075,0.0756497)
(0.217815,0.54685)
(-0.437178,-0.0802205)
(-0.367563,-0.312851)
(-0.0278812,0.749672)
(-0.0736936,-0.0994567)
(-0.239265,1.62511)
(-0.147677,0.19795)
(-0.320565,-0.551036)
(-0.113774,0.135794)
(-0.692803,-0.287916)
(0.0545345,-0.143574)
(-0.530317,0.222425)
(0.488861,-0.0715341)
(0.100184,0.463275)
(-0.839351,-0.668598)
(0.2344,0.601385)
(0.209672,-0.649962)
(0.266773,1.07371)
(0.665581,0.189853)
(0.143309,-0.375085)
(0.220454,-0.520179)
(0.281376,0.405558)
(0.0540272,0.598427)
(-0.0181225,0.474043)
(-1.08345,-0.502827)
(0.949181,-0.224921)
(-0.890043,0.111283)
(1.37593,0.404985)
(-0.0954494,0.433511)
(-0.239315,0.618077)
(0.84468,0.946509)
(-0.985542,-0.125074)
(0.017985,1.05747)
(0.330742,0.460321)
(-1.03294,0.486575)
(1.05371,0.402371)
(0.656422,0.616705)
(-0.984353,-0.505727)
(-0.039008,0.290555)
(0.139874,-0.998992)
(0.249102,0.0533841)
(0.100443,1.3369)
(0.633508,-0.894684)
(-0.361113,0.237938)
(0.358411,-0.0622473)
(0.24143,0.176936)
(-0.359994,-0.959274)
(0.288246,1.07793)
(0.106556,0.587185)
(-1.34702,-0.294956)
(-0.165786,-0.187403)
(0.0365381,0.629764)
(-0.716902,-0.623831)
(0.150639,-0.0540115)
(0.392595,-0.0258845)
(0.718179,-0.302795)
(0.982972,-0.106997)
(0.180068,0.415292)
(-0.638091,-0.0768507)
(0.230524,-0.128051)
(0.230705,-0.378501)
(-0.188037,-0.937468)
(0.521929,-1.15026)
(-0.336063,-0.214078)
(-0.381089,-0.806608)
(-0.112979,-0.373622)
(0.0614892,-0.279963)
(-0.293392,-1.12794)
(0.735757,-0.487679)
(0.560406,0.0314161)
(-0.632553,0.326911)
(0.565526,-0.0991499)
(-0.195065,-0.318807)
(-0.210981,0.15393)
(0.3233,-0.386254)
(-0.153616,-0.641214)
(-0.199535,-0.0983103)
(0.436573,-0.364672)
(0.576679,0.419842)
(0.563542,-0.507714)
(-1.1792,0.0328819)
(-0.191931,-0.822645)
(-0.0393928,0.343267)
(0.0896979,-0.706634)
(0.689467,-0.747199)
(-0.837766,0.0937013)
(0.163254,0.280208)
(-0.29372,-0.075392)
(-0.0842175,-0.455333)
(0.0205941,0.576883)
(-0.868014,-0.665087)
(0.344747,-0.237922)
(0.707233,-0.491123)
(0.534461,-0.020432)
(0.186016,-0.316225)
(0.195646,0.296337)
(-0.777832,-0.816316)
(-0.343517,0.336195)
(0.394939,-0.732769)
(-0.667736,0.0338047)
(0.322131,-0.157573)
(0.393627,-0.244019)
(-0.0807179,-0.319895)
(1.29748,-0.375975)
(0.0369376,-0.767597)
(0.84498,-0.61162)
(-0.247194,-0.0502504)
(0.328075,-1.79719)
(0.894708,1.08494)
(-0.242089,-0.279646)
(-0.562478,-0.0213646)
(0.123632,-0.643557)
(0.122513,0.478833)
(-0.597454,-0.0499965)
(0.57642,0.0994612)
(-0.27753,-0.485447)
(0.43022,0.285985)
(-0.367235,-0.0577273)
(0.523848,-0.181871)
(1.18364,0.506871)
(0.255255,-0.0365123)
(-0.067424,-0.208546)
(-0.306226,-1.08012)
(0.570733,0.514069)
(0.456736,0.563341)
(-0.863133,0.635274)
(0.383346,0.253895)
(-0.117967,0.181481)
(-0.283957,0.193578)
(0.268177,-0.237814)
(-0.28691,0.322728)
(0.0212915,-0.098475)
(-0.844684,0.248675)
(0.188359,-1.44698)
(0.109773,-0.178473)
(-0.267329,0.0221897)
(0.210186,0.293946)
(-0.790845,1.25963)
(1.17485,0.29019)
(0.252771,-0.106164)
(-0.79286,-0.166437)
(0.214254,0.190558)
(0.354368,1.05344)
(0.0653475,-0.172603)
(0.0633556,-0.0589774)
(0.0370955,0.745476)
(0.182694,-0.671815)
(-0.325155,1.75972)
(0.115051,-0.647018)
(-0.400185,0.169573)
(0.656748,-0.651421)
(0.969417,-0.274273)
(-0.379439,-0.130705)
(0.355826,0.443934)
(-0.478296,1.37821)
(-1.3073,0.322205)
(-0.238938,0.161787)
(1.56977,0.37234)
(0.0492639,0.180418)
(0.344209,-0.936976)
(0.529946,0.476801)
(-0.453466,-0.160742)
(0.682004,0.950064)
(-0.0842217,0.175852)
(0.318186,-0.513948)
(0.362151,0.808717)
(0.306077,0.164982)
(1.05752,0.527716)
(-0.426029,-0.452176)
(0.184397,-0.200093)
(0.258705,0.278415)
(-0.646571,-0.666858)
(-0.453607,0.686354)
(-0.321547,0.193132)
(0.3648,-0.856975)
(0.0034782,0.468825)
(-0.186936,-0.802759)
(0.259722,-0.563959)
(-1.6175,0.186043)
(0.356246,-0.0241502)
(0.672925,-0.0746131)
(-0.589144,-0.536183)
(0.304037,0.679761)
(-0.326883,-0.421849)
(1.43855,0.471801)
(-0.123163,-0.334569)
(-0.267359,-0.554958)
(-0.328202,0.185893)
(0.00532771,-0.436103)
(-0.18914,0.362376)
(0.666119,0.0138088)
(0.391098,-0.0127036)
(0.369979,0.0908159)
(-0.764287,-0.208741)
(0.716568,-0.50565)
(1.12468,0.512013)
(-0.13523,0.0427217)
(-0.553254,-0.104227)
(-0.11738,-0.734268)
(0.829558,-0.390651)
(-0.926198,-0.946004)
(-0.217243,-0.00693466)
(0.397808,-0.512464)
(0.104526,-0.438097)
(0.713287,-0.043251)
(0.0857087,-0.363442)
(0.242547,-0.103352)
(0.424254,-0.561275)
(0.209285,-0.9589)
(0.353708,-0.822924)
(0.601727,-0.508591)
(0.206107,-0.117982)
(-0.36879,-0.839159)
(0.435643,-0.122823)
(0.948915,0.750557)
(0.301797,-0.949282)
(-0.267998,0.236548)
(0.340384,0.0987509)
(0.846521,-1.16061)
(0.0496054,-0.713331)
(-0.483657,0.00842211)
(-0.205759,-0.759797)
(-0.693016,-1.23642)
(0.540409,-0.00629245)
(0.484067,-1.05375)
(-0.00474293,-0.268639)
(0.560859,-0.105225)
(0.240808,-0.204203)
(0.231949,-0.858812)
(-0.47271,-0.428961)
(-0.501653,-0.0796109)
(0.0759861,-0.677258)
(1.40071,-0.511109)
(0.998251,-0.435429)
(-0.0585048,-0.601962)
(-0.47167,-0.281101)
(-0.558929,-0.645044)
(-0.292383,-0.412447)
(0.290758,0.331061)
(-0.605197,-0.0161226)
(0.651868,-0.105269)
(-0.330298,-0.101126)
(0.0167293,-0.0419172)
(0.872614,0.530453)
(-0.439392,0.0687905)
(0.929893,-0.975247)
(-0.227494,0.797857)
(-0.0244503,-0.799149)
(-0.114491,0.275119)
(1.18874,0.566806)
(-0.0612152,0.151303)
(-0.308419,0.116292)
(0.352102,0.28429)
(-0.954601,-0.595492)
(0.554129,-0.12478)
(0.707912,0.391105)
(0.632579,-0.293309)
(0.342163,0.0777545)
(0.142848,0.863264)
(0.656978,-0.0508129)
(-0.193942,0.653185)
(0.316285,0.690663)
(0.626464,0.718114)
(0.534409,-0.0819422)
(0.527746,-0.113898)
(-1.5531,1.22797)
(0.162936,0.0700455)
(0.213982,0.691209)
(-0.0725738,-0.848948)
(0.739637,0.0784431)
(0.0539309,-1.28708)
(0.252531,0.470013)
(-1.01818,-0.687901)
(0.94668,0.0130632)
(-0.314886,-0.0782054)
(-0.467692,1.06542)
(0.257764,-0.47654)
(-0.633952,-0.221904)
(0.615173,-0.440935)
(0.427366,0.139741)
(-0.872804,-0.677682)
(-0.308948,0.641385)
(0.193113,0.334836)
(-0.0506237,-0.88649)
(-0.899506,-0.11051)
(0.13902,-0.178241)
(-0.738493,0.0658432)
(0.446128,0.193859)
(0.557176,0.0718248)
(-1.20226,-0.655555)
(0.490441,0.0494964)
(-0.101804,-0.226609)
(-0.522961,0.533117)
(0.0259534,0.389976)
(-0.730943,-0.253401)
(-0.0661712,-0.19078)
(0.138388,0.379487)
(0.340724,-0.706783)
(-0.754691,-0.47705)
(0.137154,0.182831)
(0.408934,-0.628563)
(0.389837,-0.445444)
(0.48099,0.444661)
(-0.923054,-0.735863)
(-0.762508,0.933246)
(0.872298,0.666919)
(0.238002,-0.151113)
(0.467085,-0.326489)
(0.150981,0.665944)
(-0.0827848,0.0938736)
(-0.572021,0.738577)
(-0.411024,0.735205)
(0.119189,-1.71081)
(0.217619,-0.565425)
(0.642003,-0.283953)
(-0.199097,-0.894549)
(-1.02201,0.636709)
(0.00180112,0.121093)
(0.440144,-0.428796)
(0.829947,0.607197)
(-0.198221,-0.732137)
(0.529921,0.217719)
(0.187022,0.359175)
(0.477969,0.329944)
(0.486445,-1.34066)
(-0.218179,-0.362392)
(-0.356418,-0.913566)
(-0.0948835,-0.349537)
(0.384919,-0.96479)
(0.729087,0.618976)
---------------------------
f_d = 1000
---------------------------
(-1.54857,0.59816)
(1.15544,-0.458163)
(0.0414177,0.321459)
(0.0838101,0.409509)
(-0.244704,-0.584392)
(-0.104957,0.544911)
(0.324666,-0.561505)
(0.251159,0.218779)
(-0.358342,-0.249197)
(0.0581327,0.446784)
(0.178011,0.101446)
(0.662793,0.175871)
(-0.540106,1.10587)
(0.752868,0.380346)
(-0.179369,0.414307)
(-0.706455,0.43802)
(0.205424,-0.605798)
(-0.255619,0.184028)
(0.308024,0.54967)
(0.579312,0.584291)
(-1.09733,-0.18749)
(0.42503,0.487595)
(-0.493797,-0.0531576)
(-0.851856,-0.296983)
(-1.23401,1.02763)
(0.348514,0.281056)
(1.19143,0.803562)
(1.01289,0.131338)
(-0.541015,0.394742)
(-0.834706,-0.507502)
(0.0566753,1.3377)
(-0.239989,0.474869)
(0.0822474,-0.144606)
(-0.90986,0.605574)
(-0.386159,-0.39962)
(-0.403058,-0.752067)
(-0.270428,0.633917)
(0.984639,0.151092)
(0.0866746,-0.148659)
(-0.485842,0.16293)
(0.698805,-0.642723)
(-0.646004,-0.24748)
(0.0596729,-0.249347)
(0.291798,0.0466992)
(-0.416033,-0.690828)
(1.16588,-0.953725)
(-0.57007,-0.493937)
(-0.977777,-0.583323)
(-0.0356792,-0.247331)
(0.45313,-0.286088)
(-0.870841,0.429496)
(0.248968,-0.851559)
(-0.137859,-0.548783)
(0.889619,-0.196046)
(-0.543509,-0.0368249)
(-0.132571,-0.945515)
(0.020572,0.605812)
(0.688337,-0.801034)
(0.229828,-0.0938522)
(-1.31306,0.0469091)
(0.141335,-1.17211)
(0.45777,-0.662444)
(-1.30928,0.342558)
(0.809254,0.503258)
(-0.311634,-0.0502006)
(-0.766313,-0.450201)
(0.477187,0.432652)
(-0.263644,-0.0522656)
(-0.0905175,0.300583)
(0.314085,1.55209)
(0.648876,-1.17184)
(0.326611,-0.490162)
(-1.16949,0.300746)
(0.665967,-0.165659)
(-0.158974,-0.24217)
(0.256882,-0.287352)
(0.829964,-0.0338847)
(0.638113,0.623579)
(-0.221918,0.654989)
(-0.521783,0.220891)
(-1.03285,-0.595096)
(-0.545302,0.0681152)
(0.288572,-0.128972)
(-0.319529,-0.800532)
(-0.288249,0.123096)
(0.350299,-0.546885)
(0.119518,-0.184892)
(-0.102118,0.327436)
(0.343982,0.740168)
(0.345156,-0.377991)
(0.478621,0.177895)
(0.102514,1.19091)
(0.0395531,0.101877)
(0.148909,-0.0770023)
(0.5856,0.0138266)
(0.287302,0.0234181)
(-0.234349,-0.115385)
(-0.252636,-0.383072)
(0.394012,0.61607)
(0.104898,-1.73002)
(-0.0433652,0.0185246)
(0.483448,0.0379132)
(0.503757,0.834891)
(-0.362533,0.428724)
(-0.307653,-0.0240906)
(1.27407,-0.446472)
(0.107807,1.16723)
(-0.522808,0.198411)
(0.223889,1.06813)
(0.464576,-0.770848)
(0.630209,1.03438)
(-0.596644,-0.167993)
(0.271094,-0.0450494)
(-0.10016,0.60245)
(-0.052016,0.234624)
(0.886899,0.391737)
(-0.900196,-0.0867765)
(1.29681,0.112333)
(0.289278,-0.545182)
(0.19703,-0.232228)
(0.432042,0.658687)
(-0.487922,0.26742)
(-0.0426317,0.625252)
(-0.249257,0.153879)
(-0.147049,-0.40853)
(-0.0965663,0.297522)
(-1.04907,1.12414)
(0.317757,1.28412)
(-0.720146,-0.298906)
(0.437837,0.372781)
(-0.535141,-0.501042)
(-0.484289,-0.146046)
(0.232613,-0.479968)
(-0.092585,0.475543)
(-0.740334,0.239056)
(0.176421,-0.364929)
(0.180881,0.216312)
(-0.0279552,-0.205357)
(-0.0429928,-0.201807)
(0.575895,-0.66561)
(-0.422007,-0.762685)
(0.639477,0.146718)
(0.079623,0.392851)
(-0.306174,-0.324068)
(-0.555966,0.338114)
(-0.402601,-0.424125)
(0.497946,-0.785469)
(-0.160782,-0.10235)
(0.621826,-0.731406)
(0.290553,-0.28042)
(-1.14838,0.200764)
(-0.894428,-1.22845)
(0.890853,0.297289)
(-0.0172489,-0.588559)
(0.177895,-0.207766)
(0.0212262,0.21232)
(-0.0691524,-0.623506)
(-0.0785872,0.4208)
(0.415888,-0.866676)
(-0.564122,-0.211118)
(-0.093264,-0.22664)
(0.652217,-0.695911)
(-0.723238,-0.409345)
(0.0268558,-0.772602)
(0.360693,-0.137962)
(0.0551001,-1.07164)
(-0.105113,-0.176847)
(-0.190238,0.0741877)
(-0.695452,-0.725381)
(-0.0370959,0.187168)
(0.027992,-1.00226)
(-1.05975,-0.416846)
(-1.12297,0.506087)
(0.100246,0.259074)
(0.0918392,-0.361866)
(0.155324,0.105332)
(-0.653014,-0.842666)
(-0.328474,0.17691)
(-0.280033,0.716966)
(0.0982607,1.06067)
(-0.516742,-0.339773)
(0.00765317,-1.27976)
(-0.126415,-0.379465)
(0.14718,-0.465175)
(-0.4853,-0.342616)
(0.577204,-0.118176)
(-0.231903,0.576081)
(0.133065,-0.44584)
(-0.410621,-0.130339)
(-0.571885,0.0522329)
(0.747282,0.157459)
(0.26288,0.771484)
(-0.129944,0.164671)
(0.469828,0.264534)
(-0.452739,-0.164194)
(-0.877307,-0.141659)
(-0.170291,0.0084458)
(-0.0300046,-0.432605)
(0.800419,-0.12278)
(0.975215,-0.527997)
(0.881012,-0.42424)
(-0.549167,0.397547)
(-0.288365,-0.0397273)
(-0.0190958,0.472626)
(0.00171255,-0.644725)
(0.884325,0.0538119)
(-0.223817,0.582392)
(-0.177533,-0.614578)
(0.519465,-0.0467233)
(-0.37658,-0.751147)
(-0.381488,0.0455236)
(-0.0769382,-0.557003)
(0.72645,-0.00728244)
(-0.496722,-0.446628)
(0.462425,0.163275)
(0.0808536,0.285019)
(0.194926,-0.38693)
(0.38606,0.626454)
(0.196745,-0.0699024)
(-1.2325,1.37932)
(-0.0595608,-0.573187)
(1.17594,-0.017092)
(-0.179032,-0.179346)
(-0.572176,0.141502)
(-1.09915,0.582045)
(-0.389146,0.29835)
(0.13118,0.774824)
(-0.64196,-0.35226)
(-0.351568,0.440111)
(-0.570178,0.105234)
(-0.785831,-0.455274)
(-0.649989,0.513068)
(0.589526,0.0526455)
(1.02747,0.0862882)
(-0.681624,0.367706)
(-0.0499873,-0.93092)
(-0.000899644,1.13595)
(-0.224383,-0.443758)
(0.290791,0.587156)
(-0.0413127,0.103657)
(0.0268493,-0.300097)
(-0.980685,0.387075)
(0.583623,0.333719)
(-0.439391,0.856692)
(0.513851,-0.0958788)
(0.249473,-0.300746)
(-0.835045,0.0153563)
(0.793507,-0.0789298)
(0.122045,-1.03743)
(-0.19981,-0.557324)
(0.921479,0.228402)
(-0.642963,-0.0461736)
(-1.57007,-0.590039)
(-0.345353,0.183535)
(-0.404883,-0.259354)
(-0.434669,0.0664273)
(-0.0789916,-0.260615)
(-0.363296,-0.85771)
(0.295,0.463806)
(0.170114,-0.976784)
(-0.712248,-0.351629)
(0.421415,-0.516396)
(-0.606572,0.0679293)
(-1.1539,0.496416)
(0.991407,0.750571)
(-0.46616,-0.00681437)
(0.590962,-0.8166)
(-0.491213,-0.278239)
(-0.245161,-0.611097)
(-0.00849965,0.32859)
(-0.704078,0.296624)
(0.291119,0.408946)
(-0.486348,-0.182992)
(-0.876313,-0.536104)
(-0.233,-0.0249183)
(-0.940125,1.0418)
(0.639632,-0.485003)
(-0.724793,0.621004)
(-0.504227,0.0718757)
(-0.0994395,0.205618)
(-0.964269,-0.092289)
(0.336545,0.180429)
(-0.354443,1.10785)
(-0.0847633,-0.454066)
(0.449472,0.173335)
(0.0464299,-0.493704)
(0.067477,-0.796129)
(-0.698724,0.477556)
(-0.604476,-0.438772)
(-0.513976,0.569041)
(-0.0848177,-0.663429)
(0.581436,0.239099)
(-0.83096,0.486226)
(-0.27531,-1.15992)
(-0.417041,0.200816)
(-0.209824,0.670316)
(0.520382,-0.599)
(-0.0996742,0.129832)
(-0.316221,-0.359071)
(-0.298763,0.612726)
(-0.413572,-0.191746)
(0.880419,0.740224)
(0.312311,-0.516205)
(-0.687973,-0.858706)
(0.361587,-0.640013)
(0.0724322,-0.552569)
(-0.496524,0.638626)
(-0.757469,-0.130254)
(-0.463633,-1.02209)
(0.368492,-1.05708)
(-0.0279868,0.19072)
(-0.360994,-0.462363)
(-0.638358,0.221134)
(0.00475776,-0.443624)
(0.997726,0.570234)
(0.738162,0.412443)
(0.745713,0.60626)
(-0.183142,-0.0709559)
(-0.68491,0.471051)
(-1.00309,0.544926)
(0.544034,-0.578676)
(0.125745,1.0119)
(0.254452,0.119246)
(-0.211144,0.241075)
(-1.21058,0.23064)
(0.779355,-0.0763606)
(0.389189,0.13017)
(-0.674584,0.983204)
(0.675776,0.895792)
(-0.31677,0.277737)
(-0.409022,0.42117)
(-0.0652812,0.0379129)
(-0.114083,-1.0753)
(0.782883,0.102535)
(0.26899,0.482359)
(-0.430418,-0.453327)
(-0.220699,0.260684)
(0.949915,-0.461514)
(-0.0669141,-0.315844)
(-0.459069,1.07688)
(0.315091,-0.612423)
(-0.0783062,0.59522)
(0.435819,-0.185897)
(0.986619,-0.502902)
(-0.382236,-0.545064)
(1.56694,-0.216171)
(0.748134,-0.267201)
(-0.0474866,-0.221809)
(0.672332,-0.255341)
(-0.0291602,0.223843)
(0.451157,-0.44487)
(1.53485,-0.489446)
(-0.0431643,0.139567)
(-0.40336,-0.251583)
(0.507388,0.126984)
(-0.351701,-0.276527)
(-0.239875,-0.445959)
(0.253916,-1.03646)
(-0.107222,-0.549964)
(0.217895,-0.520253)
(1.08151,-0.386948)
(-0.0802821,-0.383709)
(0.442049,-0.355842)
(0.267923,0.246954)
(-0.67944,0.548578)
(-0.438629,0.513869)
(0.0192367,0.825512)
(0.282681,0.675659)
(-0.272201,-0.268592)
(0.691153,-0.0237278)
(-0.320754,0.0329179)
(-0.305792,-0.269473)
(-0.301192,-0.092554)
(0.0893485,0.185913)
(-0.765579,0.357263)
(0.325912,-0.059195)
(0.0995195,0.498198)
(0.01969,-0.0763951)
(0.263085,1.08224)
(-0.532458,-0.52436)
(0.405816,1.18989)
(-0.146302,0.069512)
(-0.618752,0.571408)
(-1.22575,0.59906)
(-0.217335,-0.0175345)
(-0.708568,-0.177933)
(0.0218524,0.302495)
(-0.408492,0.029457)
(-0.0587942,0.236517)
(0.622275,0.288528)
(0.404694,0.16626)
(-0.606387,1.17914)
(0.374332,-0.177397)
(0.843997,0.0443204)
(-0.748258,-0.0902448)
(0.245005,0.474947)
(0.17294,-0.508114)
(-0.222106,0.493117)
(-0.525701,0.596719)
(0.0336374,-0.640987)
---------------------------
f_d = 2000
---------------------------
(0.163841,-0.328438)
(-0.0706537,-0.567345)
(0.345353,0.54687)
(-0.372791,0.783391)
(-0.169685,0.157549)
(-0.306154,-0.963842)
(-0.814879,-0.153987)
(0.0618584,-0.53827)
(-0.327311,0.00970002)
(0.506693,-0.058633)
(0.148757,-0.24417)
(-0.0917115,0.0918338)
(0.331978,-0.0840808)
(-0.164036,0.588812)
(0.0713924,0.0110653)
(0.459994,0.207118)
(0.970739,0.57402)
(-0.0302894,-0.102217)
(0.369973,0.0258583)
(-0.342475,-0.0883786)
(-0.379164,0.917454)
(0.723416,-0.0205809)
(-0.694245,0.748942)
(0.874666,-0.10512)
(1.06477,0.447646)
(-0.757569,0.455784)
(0.44057,0.550071)
(-0.511391,0.147067)
(0.826766,0.329389)
(0.290466,-0.107969)
(0.164102,0.360335)
(0.393183,0.10399)
(-0.418402,0.287182)
(0.427739,-0.537626)
(-0.176422,0.19968)
(-0.17287,0.771018)
(0.00161615,-0.224715)
(-0.779337,0.592025)
(0.352332,-0.583798)
(0.567159,-0.390315)
(0.164751,-0.944213)
(0.0675256,-0.241568)
(-0.449819,-0.127388)
(0.325568,-0.4076)
(0.596866,-0.334361)
(0.44382,-0.327764)
(-0.359932,-0.348322)
(-0.397009,0.384731)
(0.294803,0.721497)
(0.203222,-0.612255)
(0.0160776,-0.838757)
(0.563656,-1.42395)
(-0.398796,0.680021)
(-0.513404,-0.492131)
(0.254836,-0.280816)
(-0.0451901,0.494442)
(0.0454758,-0.267758)
(-0.335426,-0.463981)
(-0.135272,-0.310596)
(-0.0730103,0.0800624)
(0.517781,-0.00335798)
(-0.173874,-0.54727)
(-0.0780468,-0.0818753)
(-0.501778,-0.206803)
(0.00713761,0.774111)
(0.192759,-0.400706)
(0.0835001,0.269889)
(0.067249,0.156349)
(0.48548,-0.106096)
(-0.851526,0.601739)
(0.0941299,-0.481652)
(-0.0888485,0.24807)
(0.246452,0.0738797)
(-0.627153,0.245873)
(0.292566,0.298025)
(0.147734,-0.686712)
(0.283928,1.22701)
(0.739604,0.214321)
(-1.05305,-0.255987)
(0.137317,0.0467108)
(0.503333,0.133038)
(-0.194371,0.424036)
(-0.715821,-0.208386)
(-0.0393635,-0.119411)
(-0.84763,-1.03029)
(-0.644476,-0.517647)
(-0.918416,-0.158404)
(-1.36056,0.220807)
(-0.314482,-0.177498)
(0.443121,0.055411)
(-0.270625,-0.503807)
(0.424788,0.310942)
(-0.538706,0.227188)
(-0.934773,0.00892558)
(0.297856,0.0492221)
(0.158439,-0.476418)
(0.013325,-0.127551)
(-0.871414,-0.107588)
(-0.876232,0.0683154)
(-0.67047,0.674113)
(0.385462,-0.558839)
(0.0195285,0.319955)
(-0.250383,0.409228)
(0.755757,-0.0897425)
(-1.0628,0.848615)
(-0.398558,-0.217722)
(0.565104,0.0849547)
(-0.796193,-0.383622)
(0.272189,-0.174149)
(-0.738176,-0.264096)
(-0.307776,0.174051)
(-1.30173,1.77637)
(0.10326,-0.172452)
(0.356066,-0.122717)
(0.50459,-0.115783)
(0.0608839,0.129221)
(-0.0213182,0.720348)
(-0.828387,-0.309878)
(0.320241,0.282875)
(0.495846,0.552059)
(-0.244129,-0.382483)
(-0.896677,0.459264)
(-0.895358,-0.51214)
(-0.717968,-0.425457)
(0.603787,-0.00210142)
(0.420782,-0.0364309)
(0.195333,-0.796035)
(0.505217,0.447075)
(-0.559285,0.145007)
(0.477615,-0.321167)
(-0.646681,0.162748)
(0.447469,-0.32199)
(0.684652,0.633793)
(-0.91612,0.144913)
(-1.10819,0.317542)
(-1.21904,-0.356828)
(0.0674236,0.229415)
(0.156605,0.999633)
(0.0957117,-0.997811)
(-1.27744,-0.971195)
(-0.145139,0.43638)
(0.628381,-0.429367)
(-1.16547,0.703458)
(-1.05513,0.402705)
(0.448137,-1.20182)
(-1.10929,-0.127678)
(0.278677,-0.0944834)
(-0.138471,0.0767561)
(-0.124364,0.158088)
(-0.155134,-0.477624)
(-1.1239,-0.534342)
(-0.0761364,0.0321415)
(-0.500841,0.297462)
(-0.343211,0.679899)
(-0.128695,-0.435721)
(0.490596,-1.23359)
(0.256429,0.290009)
(-0.744861,0.689342)
(-0.5448,-0.65772)
(-0.442322,0.206376)
(0.066526,0.199554)
(-0.129416,-0.0423347)
(-0.494244,0.0535779)
(0.289308,0.720325)
(-0.304679,-0.536047)
(-0.325995,0.164326)
(0.125741,0.294538)
(-0.340644,-0.841634)
(-0.134828,-0.366894)
(0.294521,-0.219419)
(0.281376,-0.747774)
(-0.131461,0.41101)
(0.16304,-0.0650493)
(-0.760114,-0.225512)
(0.0134085,-0.858078)
(0.359866,0.740845)
(0.209237,0.0276485)
(-0.0670448,0.16919)
(0.943709,0.0873697)
(-0.28396,-0.0408943)
(-0.29244,-0.264873)
(-0.0900089,-0.728161)
(-0.549847,-0.300637)
(0.530784,-0.517529)
(1.25007,0.39642)
(-0.21542,0.237977)
(0.0954533,-0.030379)
(-0.44299,0.197105)
(0.286022,0.452806)
(0.901518,0.0309507)
(0.787144,-0.215719)
(0.492622,-1.15455)
(0.464574,0.00527083)
(-0.413316,-0.611255)
(0.0876565,-0.283875)
(-0.317508,-0.0043044)
(0.579883,0.348035)
(-0.389995,-0.168082)
(-0.733429,-0.533155)
(-0.527741,-0.255735)
(0.595548,0.276262)
(0.233037,-0.309278)
(0.357916,0.293532)
(-0.148778,0.484176)
(-0.354117,-0.211893)
(1.4979,-0.765174)
(0.238597,-0.242442)
(0.674836,-0.00110033)
(0.230749,0.241111)
(-0.62769,-0.152841)
(0.332588,0.488553)
(-0.00477445,-0.0941826)
(0.970972,-0.330382)
(0.358621,0.311809)
(-0.400903,-0.0608067)
(0.303288,-0.0683297)
(-0.289549,-0.304449)
(-0.957075,-0.142145)
(-0.464147,-0.168227)
(0.500414,-0.688075)
(0.410083,-0.190742)
(0.419656,1.13498)
(0.267848,-0.724386)
(-1.1482,1.03035)
(0.246761,0.419652)
(0.216411,-0.770935)
(-0.165551,0.302462)
(-0.215631,0.112794)
(0.25436,-0.309712)
(1.2638,0.623326)
(-0.878106,-0.247942)
(0.366052,0.775167)
(-0.31872,0.375491)
(-0.129818,-0.350334)
(0.134486,0.669863)
(0.275492,-0.171482)
(-0.144322,0.149231)
(-0.815689,-0.187276)
(0.388477,-0.0384088)
(-0.380409,-0.21948)
(-0.517277,0.289352)
(-0.432628,-0.0405828)
(-0.798656,-0.111107)
(-0.450794,0.00206014)
(1.38234,0.617524)
(-1.06694,0.303211)
(-0.00424529,0.0865566)
(-0.287779,0.504336)
(0.105878,0.0978926)
(-0.335408,0.0549701)
(-0.302593,0.352949)
(-0.766738,0.329165)
(0.0855379,-0.172031)
(0.483048,0.686724)
(0.259478,0.272916)
(0.158492,-0.770694)
(-0.572882,0.36905)
(0.695663,-0.500365)
(-0.24468,1.27305)
(-0.437017,1.04935)
(-0.365258,0.0162356)
(-0.363229,-0.665679)
(0.822786,0.968425)
(1.06935,0.907629)
(0.272154,0.100814)
(0.624945,0.208921)
(-0.24279,0.371202)
(-0.479089,-0.97244)
(0.0826364,1.36419)
(0.0906194,-0.780118)
(0.0905933,0.380644)
(-0.549487,0.500816)
(1.03841,-0.406085)
(-0.917576,1.04565)
(-0.596327,-1.08072)
(-0.305863,0.039916)
(-0.469703,-0.554489)
(0.415864,-0.0406327)
(0.152925,-0.352273)
(0.627001,-0.0645746)
(0.0724851,0.347626)
(0.227771,0.536565)
(-0.787352,0.145598)
(-0.464309,0.220071)
(0.238874,-0.470418)
(0.824877,-0.896804)
(0.547115,0.146919)
(-0.056987,-0.247736)
(0.0373772,0.0429532)
(-0.234409,-0.215503)
(-0.832299,-0.361418)
(-0.0574189,-0.0203511)
(0.0352979,-0.240494)
(0.0640824,-0.926019)
(-0.0105596,0.165378)
(0.621636,-0.12473)
(0.444911,-0.770276)
(-0.393712,1.20843)
(0.632471,-0.639994)
(-0.175026,0.515521)
(0.685203,0.16353)
(0.217619,0.0561359)
(-0.213661,-0.699475)
(0.456412,-0.270963)
(-0.10969,0.0108555)
(0.630402,-0.82617)
(-0.857287,-0.728936)
(0.954898,0.0492386)
(-0.0366921,0.0233815)
(0.389245,1.09474)
(0.0480098,0.0904019)
(0.140043,-0.99944)
(-0.439901,1.08005)
(0.349335,-1.40958)
(0.265402,0.174332)
(-0.596715,0.156345)
(0.427159,0.123673)
(-0.779763,-0.689688)
(0.0762265,0.137116)
(-0.146666,0.199685)
(-0.0265948,-0.343501)
(-0.904111,-0.608779)
(0.57286,-0.0700773)
(0.458525,-0.0742695)
(0.220586,-1.12169)
(-0.868234,0.388841)
(-0.0216562,1.33814)
(-0.753737,0.392602)
(0.614137,-0.726404)
(-0.128482,0.478112)
(-0.586184,-0.858794)
(-0.0620641,0.454112)
(-1.14169,0.0342084)
(0.373023,-0.0931736)
(-1.08804,-0.637981)
(0.0798014,-0.592386)
(-0.624727,-0.520378)
(0.289758,-0.229059)
(0.515193,0.919215)
(0.0963548,1.09131)
(0.400276,0.619201)
(0.114451,-0.0296819)
(0.398434,0.0392897)
(0.264889,-0.0377328)
(-0.158553,0.333323)
(1.28785,-0.321481)
(0.249337,0.292929)
(-0.75915,1.06212)
(1.19893,-0.497575)
(0.531516,-0.122323)
(-0.158605,0.367235)
(0.942703,0.424471)
(0.101814,-0.673274)
(-0.0593641,-0.246411)
(0.297246,-0.0836692)
(0.20763,-0.468239)
(-0.556208,0.66552)
(0.27462,0.0837507)
(-0.322642,0.125716)
(0.0207737,-0.0120999)
(0.359335,-0.470785)
(0.464586,-0.106787)
(-0.308616,0.0812944)
(0.300909,-0.398955)
(0.900931,0.306287)
(-0.241354,0.0689487)
(-0.153577,-0.562118)
(0.395791,0.131114)
(-0.42362,0.700007)
(-0.591083,-0.0536444)
(-0.25864,0.397766)
(-0.569316,-0.395232)
(-0.0755568,-0.44222)
(-0.280041,0.0490508)
(-0.137062,0.884246)
(-1.13428,-0.145039)
(-0.0330917,0.404216)
(0.184353,-0.706649)
(-0.542713,0.128817)
(-0.0549846,1.01245)
(-0.0669008,0.950563)
(-0.128086,-0.654844)
(-0.197551,-0.247814)
(-0.421734,0.978141)
(-0.753105,0.109871)
(0.390197,1.17225)
(-0.428635,0.114622)
(-0.389882,-0.816103)
(0.012374,1.14059)
(-0.557551,-0.714736)
(-0.699193,0.33212)
(-1.12451,0.426751)
(0.817194,-0.0327766)
(-0.103632,0.753524)
(-0.271713,0.611336)
(0.814977,-0.126658)
(-0.31752,0.712802)
(0.480968,0.376986)
(0.527742,0.320491)
(-0.458852,-0.1954)
---------------------------
f_d = 3000
---------------------------
(-0.474491,-0.423843)
(-0.307438,0.938286)
(0.288095,-0.563268)
(0.799709,-1.2101)
(0.198089,0.323768)
(1.13779,1.15528)
(0.0823305,-0.280679)
(0.170948,-0.723922)
(0.166184,-0.864153)
(-0.331892,-0.986338)
(0.0971891,0.69975)
(0.595188,0.0911108)
(0.597158,-0.323365)
(0.375017,-0.803556)
(0.333291,0.218743)
(0.193358,-0.300252)
(-0.715694,-0.455229)
(-0.31123,-0.767178)
(0.682863,-0.328454)
(-1.14589,0.704173)
(0.975995,-0.984288)
(-0.933412,0.0816183)
(0.0609377,0.454143)
(-0.364001,0.753284)
(-0.275122,-0.355033)
(-0.368765,0.277208)
(0.364208,-0.355433)
(0.436768,0.153214)
(-1.02591,0.612299)
(-0.10109,-0.0541981)
(-0.820776,-0.18785)
(-0.837901,-0.567459)
(0.693152,-0.839274)
(-0.738544,0.127341)
(0.0180024,0.204023)
(0.260857,-0.305419)
(0.0711313,-0.223851)
(-0.390253,0.958235)
(0.0190281,0.946014)
(-1.28062,0.512529)
(-0.0625531,0.47771)
(-0.0984009,-0.0794256)
(-0.149646,0.241551)
(-0.376088,0.53174)
(-0.613404,-0.758346)
(-0.543741,0.903643)
(-0.271116,-0.883229)
(-0.161389,-0.0266633)
(-0.254625,-0.683212)
(0.60351,-0.874001)
(-0.0583183,0.216209)
(0.890322,0.118237)
(-0.437688,0.875214)
(-0.73125,-0.603903)
(0.00508708,-0.418829)
(0.20635,-0.0370372)
(-0.782874,0.134383)
(0.0907451,0.793278)
(-0.302226,0.297841)
(-0.577301,-0.727211)
(0.549332,0.750659)
(-0.381738,0.682407)
(-0.96889,0.0806817)
(-0.0279867,-0.307741)
(0.960092,-0.335225)
(-0.281597,-0.0756419)
(0.45186,0.605574)
(-0.547711,0.469222)
(0.531456,-0.377729)
(0.155944,0.869826)
(1.10698,-0.33889)
(-0.451074,0.157778)
(-0.221186,-0.0914501)
(-0.636463,0.347518)
(0.0197519,0.154655)
(0.634503,0.775414)
(-0.437123,0.275235)
(0.294079,-0.684911)
(-0.610176,-0.440762)
(0.635829,-0.235859)
(-0.893399,0.76583)
(-0.243452,-0.340298)
(-0.340749,0.490457)
(-0.421671,-0.3416)
(0.137072,0.0120864)
(-0.0251547,0.0301344)
(0.459327,-0.980374)
(0.155194,1.01485)
(-0.037845,0.129783)
(0.153326,-0.381555)
(-0.51663,0.281005)
(-0.0296688,-1.01544)
(0.227106,0.154006)
(-0.0599831,0.174557)
(0.19977,-0.171505)
(-0.151611,0.307511)
(0.153669,-1.68728)
(-0.864313,0.0392494)
(-0.918441,0.816915)
(1.36655,0.315409)
(-0.150326,0.888992)
(0.405779,-0.844159)
(0.266405,0.392942)
(-0.42018,-0.480413)
(0.0777278,0.459816)
(-1.20283,-0.307379)
(-0.343071,-0.73266)
(0.00910161,0.610721)
(0.3342,0.935838)
(0.342061,-0.672262)
(-0.282982,-0.230439)
(-0.0145717,-0.434854)
(0.0884965,0.869818)
(-0.985865,0.0081189)
(0.26505,-0.309901)
(-0.768101,-0.272288)
(-0.421182,-0.0681204)
(-0.522303,0.567072)
(0.199747,-0.121253)
(-0.920084,-0.122416)
(0.404677,-0.178362)
(0.603962,0.125132)
(-0.959672,-1.05748)
(1.29416,0.494633)
(-0.0499109,-0.0410938)
(0.357014,0.526329)
(-0.0658327,0.143248)
(-0.11787,-0.755029)
(-0.960654,-1.29577)
(0.324842,-1.25056)
(-0.619807,0.405106)
(0.571291,0.590216)
(-0.675675,-0.341997)
(0.204576,-0.672099)
(-0.375512,-0.187662)
(-0.099182,-0.634394)
(0.315802,1.31525)
(-0.423799,0.255004)
(0.161287,-0.387268)
(-0.206367,0.570601)
(-0.304914,-0.177135)
(-0.828853,-0.471328)
(0.963175,0.61975)
(0.138893,-0.272656)
(0.334655,0.688101)
(-0.16778,0.712245)
(0.473942,-0.328336)
(-0.709155,0.881705)
(-0.218397,0.291515)
(-0.397294,0.616009)
(-0.975329,-0.0868253)
(-0.108774,-0.432409)
(-0.306451,0.0671534)
(0.657531,-0.895329)
(-0.16895,0.824639)
(-0.119114,-0.00277846)
(-0.791727,0.757711)
(-0.710353,-0.144544)
(0.27412,-0.303564)
(0.185068,-0.524363)
(0.834254,0.0717361)
(0.246643,0.35331)
(-0.161257,-0.379997)
(-0.385291,0.35159)
(0.0250082,-0.55667)
(-0.685462,-0.435702)
(-0.611978,0.290965)
(-0.51411,0.0836765)
(0.416675,0.208505)
(-0.772919,-0.369579)
(-0.0979207,-1.11386)
(0.972586,0.13748)
(-0.38981,-0.872638)
(-0.803488,1.69572)
(-0.0799378,-0.22078)
(0.899413,-1.51521)
(-0.334973,-0.19719)
(0.170134,-0.124903)
(-0.972219,-0.101915)
(-0.146102,-0.66322)
(-0.213585,-0.142416)
(-0.0466496,-0.668433)
(-1.46075,0.79941)
(0.228615,-0.039826)
(-1.00131,0.0791248)
(-0.419995,-0.182402)
(-0.17076,0.677704)
(-1.35441,0.226156)
(-0.953142,0.0352731)
(-0.223411,-0.408614)
(0.894477,0.245286)
(-0.536685,0.991513)
(0.0993525,0.454403)
(-0.849348,-1.09882)
(-0.320035,0.183574)
(1.0617,0.63503)
(-0.339561,0.47258)
(-0.376689,0.295512)
(-0.639216,-1.13011)
(0.440594,0.849911)
(-0.208293,0.107995)
(-0.0461378,-0.227539)
(-0.668163,0.694029)
(0.160535,-1.54459)
(-0.0596271,0.376444)
(0.422618,-1.05481)
(0.411908,1.21684)
(0.139201,0.0159661)
(-0.700156,0.163846)
(0.32715,-0.143509)
(-0.321082,-0.671186)
(-0.298324,0.918714)
(1.03904,0.0944422)
(-0.996982,-0.134716)
(0.892955,0.368926)
(0.066024,0.219976)
(-0.417126,-0.735102)
(0.343333,0.304051)
(-0.181633,0.408798)
(-0.682504,-0.462242)
(-0.00376533,-0.00598123)
(0.328274,-0.250805)
(-0.130259,-0.697791)
(-0.209019,0.663259)
(0.397382,0.603527)
(0.0598039,-0.332916)
(-1.07471,-0.982085)
(0.477964,-0.58452)
(-0.607963,-0.603478)
(-0.328272,-0.496099)
(-0.522763,1.54265)
(0.00322945,-0.475363)
(-0.180963,1.36645)
(0.365343,1.23225)
(-0.320104,-0.0526535)
(0.156837,-0.551442)
(0.514565,0.462128)
(-0.145633,0.415602)
(0.605146,-0.384861)
(0.689793,-0.355975)
(0.376515,-0.922568)
(0.293161,-0.317495)
(0.0100987,1.09492)
(-0.455574,-0.153491)
(-0.365301,0.126638)
(-0.379274,-0.179465)
(0.403465,-0.021912)
(-0.315068,1.24001)
(-0.013652,-0.482791)
(0.0121715,-0.0783183)
(-0.487561,0.190779)
(0.807763,0.00779938)
(-0.699048,0.15037)
(0.378062,-0.662381)
(-0.901272,-0.340143)
(0.121812,0.0885836)
(0.234411,0.80749)
(0.0748379,-0.831534)
(0.484277,-1.32406)
(0.0676026,-0.563391)
(-0.774451,0.168003)
(-0.593639,0.129519)
(-0.547452,0.809316)
(1.4843,-1.04086)
(0.166997,-0.647476)
(-0.218513,-0.643551)
(-0.305403,-0.208013)
(-0.640471,0.609322)
(0.368917,0.184108)
(-0.70583,0.109326)
(-0.158962,-0.76036)
(-0.390725,0.202029)
(-0.215457,0.0233078)
(0.567782,0.550369)
(-0.457486,-0.17423)
(0.0828576,-0.251352)
(-0.254811,-0.263381)
(-0.218159,-0.833267)
(-0.732198,-0.79654)
(0.102772,0.0846896)
(0.599596,0.444295)
(-0.190342,-0.559196)
(0.0432281,-0.0208535)
(0.327491,-0.373768)
(-0.720785,-0.422096)
(-0.185418,0.327902)
(-0.0898873,0.386653)
(-0.0628171,-0.843391)
(0.0462542,0.418585)
(-1.3814,-0.31694)
(0.243715,-0.526049)
(-0.350048,-0.679724)
(0.508157,-0.647539)
(-0.781165,-0.0567876)
(-0.499135,-0.345757)
(0.0339132,0.0314855)
(-0.217199,-0.590055)
(0.257699,0.624604)
(0.455097,0.583292)
(0.048311,-0.00342201)
(-0.579524,-0.94672)
(-0.130002,0.275263)
(0.422326,-1.1092)
(0.0527005,1.14751)
(-1.97371,-0.235627)
(-0.428542,-0.281564)
(-2.31253,0.392529)
(0.0204716,-0.740969)
(-0.519041,0.724749)
(0.130355,-1.37225)
(0.415867,0.451622)
(-0.0949294,-0.427398)
(-1.23859,0.214945)
(-0.913688,0.150192)
(-0.00686308,-0.671584)
(0.500598,-0.0503493)
(0.358299,-0.217878)
(-0.713414,0.383941)
(-0.462851,0.341269)
(-0.357764,-0.527213)
(0.959496,0.60159)
(-0.733345,0.327429)
(-0.746535,-1.74297)
(-0.29392,-0.980544)
(-0.881737,-0.366204)
(-0.199706,-0.331216)
(0.432177,-0.111359)
(0.895273,0.0289528)
(-0.799637,-0.487073)
(0.065061,0.526973)
(0.529366,0.578036)
(0.927271,-0.0817301)
(-0.175922,-0.108904)
(0.149837,-0.388731)
(-0.841414,-0.0717111)
(-0.576272,-0.498243)
(-0.353383,1.164)
(0.050378,-0.93441)
(-0.087561,0.153073)
(1.00963,0.278413)
(0.41498,-0.101673)
(-0.967154,0.112372)
(-0.394217,0.106178)
(-0.345601,0.941862)
(0.647067,0.436698)
(-0.526093,0.919952)
(0.542109,-0.99698)
(0.685233,0.338829)
(0.0481856,-0.437739)
(0.108811,0.496231)
(0.305416,0.442342)
(0.222424,-0.0648105)
(1.26536,-0.378654)
(0.121582,0.576696)
(-0.0237275,-0.494206)
(1.26254,0.712339)
(-0.841164,0.390899)
(0.334912,-0.642219)
(0.263831,0.461224)
(-0.555456,-0.185559)
(-0.0621566,-0.0906288)
(0.679584,-0.365709)
(1.18635,0.53468)
(0.840739,0.47214)
(0.343897,-0.424053)
(0.425914,-1.2437)
(1.25415,-0.474592)
(-0.105583,-1.03608)
(1.11883,0.761569)
(0.03049,-0.931556)
(0.909338,-0.213021)
(-0.275838,-0.0735762)
(-0.359875,-1.23518)
(0.2361,0.173574)
(0.105076,-0.658177)
(0.187445,-0.557054)
(0.486062,0.367158)
(-0.370769,0.300781)
(-0.29298,-0.305588)
(0.084848,-1.14199)
(-0.587019,0.168295)
(-0.0215376,0.222378)
(-0.541486,0.553186)
(-0.284041,-0.743729)
(-0.359458,-0.421442)
(-0.0588764,-0.118036)
(0.201387,-0.268702)
(-0.148782,1.21252)
(-0.413159,-0.59948)
(-0.438358,-0.756532)
(0.199375,-0.12367)
(0.30327,0.271748)
(-0.6113,0.386194)
(-0.452548,0.243406)
(0.790637,0.0393144)
(-0.716787,-0.175731)
(0.802898,0.0228795)
(-0.183282,-0.271121)
(-0.0909475,-1.55189)
(-0.438708,-0.0230903)
---------------------------
f_d = 4000
---------------------------
(-0.867333,-0.110402)
(1.44771,1.04377)
(-0.514922,-0.16063)
(0.386045,0.00114964)
(0.0111723,0.193616)
(0.271402,-0.978402)
(-0.0127273,-0.837847)
(0.981599,-0.242686)
(0.685794,0.278577)
(0.924396,0.0833506)
(-0.0845382,0.289497)
(-0.0726115,-0.0940422)
(0.230531,-0.0729)
(0.376161,-0.102197)
(0.58924,-0.132886)
(0.572472,0.756882)
(0.192857,0.240966)
(-0.0360204,0.0611403)
(0.208401,-0.357898)
(-0.41927,0.138449)
(1.22167,-0.221153)
(-0.308647,0.784544)
(-0.183224,-0.260331)
(0.692111,-0.313722)
(-0.0456631,-0.0579028)
(1.34557,1.25784)
(0.431075,0.0386493)
(-0.291217,0.375366)
(-0.771979,0.586762)
(-0.406872,-0.29135)
(-0.541646,-0.160838)
(0.336087,-0.454246)
(0.108125,-0.0976791)
(-0.388504,-0.0332296)
(-0.533126,-0.324881)
(-0.24108,0.184231)
(0.152572,0.890885)
(-0.38718,-0.277231)
(0.243551,0.33525)
(0.331759,0.927082)
(0.000979905,-0.0974453)
(-0.641513,0.239195)
(0.251599,-0.267334)
(0.35681,0.095818)
(0.461525,-0.105187)
(0.242912,0.656219)
(-0.809024,0.209221)
(0.0331908,0.557198)
(-0.0250359,0.792928)
(0.648382,0.300685)
(-0.657097,0.0636364)
(0.0792397,0.317022)
(-0.205656,0.163919)
(-0.493171,-0.276092)
(-0.54775,0.769483)
(0.415528,0.406466)
(-0.597379,0.0781512)
(0.494789,-0.735211)
(0.639803,0.0338862)
(-0.345455,-0.516717)
(0.43053,0.140503)
(-0.606936,0.15945)
(0.174012,-0.463327)
(-0.765916,0.691149)
(0.0137273,-0.376153)
(-0.451284,0.5194)
(-0.226789,0.984106)
(-0.265722,0.431431)
(0.620138,-0.432671)
(0.920599,-0.13023)
(-0.0531922,-0.406205)
(-1.15823,0.0410149)
(-0.137017,-0.242872)
(0.249127,0.714159)
(1.2223,-0.382955)
(0.0548146,0.0049097)
(-0.762024,-0.85815)
(0.610328,0.0567638)
(-1.26251,0.461186)
(-0.498476,-0.249547)
(0.172406,0.751667)
(-1.09657,-0.368418)
(-0.314152,-0.807729)
(-0.480503,0.00719761)
(-0.215897,0.0202392)
(0.246382,0.978189)
(0.283202,0.242625)
(-0.571421,-0.650652)
(-0.500214,0.248726)
(-0.0332782,0.114819)
(0.499018,0.151716)
(-0.663762,0.619769)
(0.248584,-0.133696)
(-0.107755,0.560213)
(-0.671281,-0.846882)
(1.18881,0.397664)
(-1.48329,0.280041)
(-0.0073989,-0.590848)
(-0.731488,-0.292265)
(-0.246717,-0.434247)
(0.171667,0.634183)
(-0.35976,-0.62826)
(0.73384,-0.000165415)
(0.0737181,-0.932668)
(0.241298,0.77678)
(0.0742292,-0.664028)
(0.605705,0.158685)
(-0.579096,0.421296)
(0.227744,0.133918)
(-0.152879,0.805334)
(0.18748,0.546184)
(-0.357322,0.638052)
(0.72651,-0.235667)
(-0.687632,0.538296)
(0.266507,0.698004)
(-0.540083,0.268719)
(-0.425986,-0.27236)
(-0.0144659,0.758072)
(0.210119,-0.426014)
(0.661567,0.441047)
(-0.618714,-0.473301)
(0.468711,-0.670229)
(0.394252,0.223802)
(-0.700845,0.230007)
(0.257986,1.1178)
(0.107167,0.835495)
(-0.473334,-0.727145)
(-0.371129,0.236941)
(-0.955248,0.767861)
(0.412341,-0.41103)
(0.153077,1.06086)
(-0.398935,0.394662)
(0.503384,-0.359024)
(-0.428142,-0.36085)
(-0.0966192,-0.384882)
(-0.167862,-0.291654)
(-0.612489,-0.523637)
(0.991825,1.08868)
(0.00117586,-0.226526)
(-0.77124,-0.0905827)
(0.140933,-0.454098)
(-0.66686,1.37465)
(0.253718,-0.0874376)
(0.759977,-0.289922)
(-0.857125,-0.991098)
(0.758339,-0.145948)
(-0.408106,0.148774)
(0.0329466,0.459585)
(-0.158047,-0.0200214)
(-0.146608,-0.00286162)
(-0.533607,0.217923)
(-0.440542,-0.154347)
(-0.475439,0.28849)
(0.436782,0.815801)
(-0.00783053,-0.460685)
(-0.913874,-0.84431)
(0.261502,0.933355)
(-1.1658,0.299073)
(-0.761514,-0.28548)
(-0.453234,0.636613)
(0.351837,-0.023861)
(-0.509855,0.169948)
(0.288841,0.0762989)
(0.358449,-0.175092)
(-1.27832,-0.476046)
(-0.429114,0.350816)
(0.197153,-0.101937)
(-0.850145,0.190741)
(-0.201302,-0.58068)
(-0.0903218,-0.390104)
(-0.739579,0.370891)
(0.0051302,0.569349)
(-0.561064,0.184245)
(0.21122,-0.285334)
(-0.297216,0.682666)
(-0.267823,0.609266)
(-0.67729,0.541139)
(-0.282872,-0.029091)
(-0.113017,0.18625)
(-0.373942,-0.439045)
(0.243761,0.318074)
(0.443233,0.561324)
(-0.646522,-0.327539)
(-0.179417,0.276263)
(0.0111016,-0.234456)
(0.54519,0.404258)
(0.556628,0.406951)
(-0.164883,-0.130458)
(0.184285,0.232112)
(-1.20337,1.08061)
(0.511458,0.82457)
(0.0191323,0.974058)
(0.0250607,-0.541632)
(-0.35168,0.723295)
(0.166375,-0.333333)
(-0.451392,-0.0968252)
(-0.267314,-0.314309)
(0.987569,0.860487)
(-0.0216025,-0.393788)
(0.180465,-1.06895)
(-0.236339,0.132231)
(-0.292766,-0.0908854)
(-0.10499,1.0448)
(-1.04772,1.20167)
(-0.0317432,-0.0536329)
(-0.232207,0.120296)
(-0.261688,0.0197109)
(-0.465376,-0.533549)
(0.439857,0.0391821)
(0.107486,-0.0695886)
(-0.137568,0.288462)
(0.215912,-0.819309)
(-0.053675,-0.0886306)
(0.774469,0.135137)
(-0.167322,-0.0229786)
(-0.437741,0.948449)
(0.228977,0.31808)
(0.256016,-0.154659)
(-0.374777,-0.140177)
(0.563987,0.0534533)
(-0.431757,-0.221675)
(-0.0309318,0.560136)
(-0.218104,-0.0489065)
(0.877302,-0.493355)
(-0.27006,-0.243)
(0.0869014,0.0273052)
(-0.0601482,-0.131466)
(0.00832893,0.0301435)
(-0.204107,1.30824)
(-0.104188,-0.973059)
(-0.127344,-0.60338)
(-0.164996,0.174218)
(-0.137345,0.268552)
(-0.30991,0.115297)
(0.466311,0.128135)
(-0.204448,0.290303)
(0.429955,-0.454332)
(-0.196656,0.0553262)
(0.260982,0.819709)
(-1.04321,-0.124874)
(-0.694676,-0.337787)
(0.356308,-0.327317)
(-0.853573,-0.715083)
(-0.361433,-0.171709)
(0.16343,-1.04504)
(-0.148234,-0.0241115)
(0.132029,-0.57561)
(-0.917317,0.303133)
(-0.713216,-0.385604)
(-0.250854,-0.300249)
(-0.784014,-0.0778198)
(0.19444,-0.357199)
(-0.28368,0.259891)
(-0.221162,0.367046)
(0.00274489,0.4886)
(0.0481428,-0.61459)
(-0.176377,-0.249722)
(0.541894,0.670636)
(-1.0278,0.0423238)
(0.262834,-0.102833)
(0.45788,0.0305145)
(0.381605,-0.0261015)
(0.00797756,1.14121)
(0.433907,0.311842)
(-0.650111,-1.38339)
(0.0774052,0.570835)
(0.536303,-0.372178)
(-0.276994,-0.81286)
(-0.526807,0.172441)
(1.04256,0.386493)
(-0.118897,-0.424232)
(-0.145985,0.128632)
(-0.0257289,0.264557)
(-0.774596,0.744503)
(-0.759349,-0.316319)
(0.259033,0.201487)
(0.314042,1.51632)
(-0.947014,1.61891)
(-0.312182,0.366698)
(0.134753,0.137005)
(-0.0628571,0.0456492)
(0.514959,0.30856)
(-0.31953,0.503569)
(0.376295,0.0641361)
(-0.0705633,0.576004)
(0.252091,0.191476)
(-0.141199,1.33746)
(0.138495,-0.367777)
(0.286223,1.00963)
(-0.283618,1.30539)
(-1.07166,-0.680214)
(-0.309482,1.21369)
(-0.288252,-0.0179028)
(-0.632828,0.507107)
(-0.23393,0.247952)
(-0.0129931,-0.349401)
(0.302994,-0.320305)
(0.0717687,1.22078)
(0.332108,0.239382)
(0.650941,0.653433)
(-0.201457,0.997857)
(0.487066,0.405937)
(-0.722297,-0.620598)
(0.647902,0.848868)
(-0.586225,0.572525)
(0.201599,-0.200477)
(-0.0403954,0.138446)
(-0.307723,-0.723523)
(1.33452,0.21338)
(-0.319446,0.00932015)
(0.587161,0.0274119)
(0.238254,-1.3053)
(0.129532,0.144575)
(0.765434,0.929136)
(0.340364,0.560395)
(-0.280407,0.104363)
(0.0431375,-0.25563)
(0.81554,-0.258942)
(-0.0557466,1.01601)
(-0.65307,-0.268825)
(1.47981,-0.714796)
(-0.608248,0.00912974)
(0.838454,-1.18637)
(-0.376727,1.43803)
(-0.743037,-0.662356)
(-0.0879788,0.281099)
(-0.307514,-0.047289)
(0.968468,0.560865)
(-0.155076,0.819246)
(0.610261,-0.811358)
(-0.311956,-0.21903)
(-0.37629,-1.36102)
(0.507034,0.360193)
(0.16106,1.31062)
(-0.0756177,-0.95)
(0.810813,-0.52291)
(-0.942327,0.372765)
(-0.767017,-0.645373)
(0.0859626,0.553152)
(0.124276,-0.533308)
(0.0832694,0.0906709)
(-0.637885,0.433456)
(0.134825,-0.366554)
(-0.23436,0.0833194)
(0.23565,0.0524526)
(-0.0354596,1.30198)
(-0.140763,-0.857695)
(-0.317092,-0.357178)
(-0.0119161,-0.419815)
(0.219448,0.373061)
(0.31256,-0.0859865)
(0.0978029,1.16912)
(0.0864762,0.661721)
(0.120174,-0.705766)
(-0.314766,0.167951)
(0.36197,0.174368)
(0.773254,0.0902803)
(0.743584,0.617482)
(0.129492,0.4222)
(0.0471767,-1.3163)
(-0.0266586,0.772544)
(-0.0590094,0.162369)
(-0.247903,0.340188)
(1.08616,0.409101)
(0.649997,0.964854)
(0.231327,0.240767)
(0.0608733,-0.571922)
(-0.441916,-0.515229)
(0.250926,-0.360142)
(-0.735791,0.462842)
(1.241,-0.283785)
(-0.281575,-0.0431992)
(-0.380225,-0.575342)
(0.737042,0.485255)
(-0.0165219,-0.229977)
(0.858848,0.727579)
(-0.713948,0.180087)
(0.809504,-0.504477)
(-0.476623,-0.43231)
(-0.388212,0.612071)
(0.399892,1.06282)
(-0.599897,-0.571592)
(0.191249,-0.368594)
(-0.57557,-0.670614)
(-0.819178,0.410594)
(-0.618728,0.044283)
(-0.138335,0.702531)
(0.058808,0.103447)
(-0.421616,0.545789)
(-0.849104,0.489504)
(-0.51344,-0.242671)
(0.69754,-0.310434)
(0.339393,0.0411773)
(-0.664123,0.120178)
(0.218606,-0.901649)
(-0.590645,0.697631)
(0.759931,-0.671699)
(-0.577236,0.996888)
(0.0103931,0.775814)
(0.241475,0.216289)
---------------------------
f_d = 5000
---------------------------
(-0.143105,0.553371)
(0.435999,-0.167881)
(-0.83396,0.911535)
(-0.247823,-0.508035)
(-0.0645972,-0.408448)
(0.00590607,0.739559)
(-0.163244,0.461806)
(0.0105054,-0.150113)
(-0.317915,-0.470877)
(1.29351,-0.291533)
(0.505816,0.997734)
(0.495124,0.654957)
(0.385412,-0.220984)
(-0.214832,-0.522047)
(-0.337609,-0.0647102)
(1.44975,0.845334)
(0.843591,-0.279629)
(0.29509,0.400462)
(0.886681,-0.610219)
(-1.20944,0.106439)
(-0.388253,0.309759)
(0.145811,-0.326248)
(0.0825343,-0.391817)
(0.49527,-0.200885)
(-0.450995,-0.295299)
(0.161706,-1.45431)
(-0.788888,1.18922)
(-0.389192,-0.417461)
(0.611978,-0.513513)
(-0.0314895,-0.473549)
(-0.219173,0.212042)
(-0.683647,-0.135268)
(-0.377531,0.606764)
(0.593383,-1.39169)
(0.629399,0.42334)
(-1.04309,0.205905)
(0.44486,-0.39826)
(-0.839147,0.455995)
(0.340817,-0.146174)
(-0.314172,0.74389)
(-0.427577,-0.586256)
(0.978093,0.67231)
(-0.332438,0.776737)
(0.639765,0.667158)
(-1.57482,-0.533866)
(0.385934,-0.23476)
(0.0607176,0.460317)
(-0.0875442,-0.916736)
(-0.866701,-0.510308)
(0.60579,0.396105)
(-0.706707,0.454149)
(-0.593057,0.143952)
(-0.35462,0.562193)
(0.187947,0.0644246)
(-1.0287,0.946311)
(-0.0598121,0.0143266)
(0.231833,0.0324101)
(0.458292,0.140967)
(-0.448916,1.31762)
(-0.337796,-0.258088)
(0.511659,0.1011)
(-1.06313,0.753524)
(0.189114,-1.61094)
(0.224375,0.712841)
(-0.914035,-0.214897)
(-0.0939187,-0.0771705)
(0.373577,-0.25794)
(0.0569312,-0.792562)
(0.569178,-0.437554)
(-0.0752475,-0.276958)
(-1.05005,-0.0665293)
(-0.945957,-0.386098)
(-0.290475,-0.767731)
(0.322952,-0.263462)
(-0.0515506,1.03159)
(-0.38816,-0.0189835)
(0.0202421,0.702419)
(-0.0083367,-0.251336)
(-0.213914,0.370359)
(0.0188143,0.790911)
(-0.324888,-0.132097)
(-0.198052,-0.313534)
(0.134748,0.0734439)
(-0.343057,-0.112145)
(-1.54379,0.775426)
(-0.306507,-0.195392)
(-0.21217,-0.0639287)
(-0.544282,-0.143428)
(-0.834985,-0.704837)
(-0.587783,0.924041)
(0.029536,-0.828059)
(0.463506,0.184924)
(-0.0421061,0.0788545)
(0.792612,0.750785)
(-0.36497,-0.405831)
(-0.851219,0.453146)
(-0.823628,0.220961)
(0.969571,-0.609288)
(0.0255337,1.24697)
(-0.316319,-0.389578)
(0.0928488,-0.121162)
(0.421514,0.497212)
(0.0222327,0.160161)
(0.270071,-0.487254)
(-0.00369709,-0.612257)
(0.0316064,-0.732893)
(0.307389,0.396034)
(-0.448335,-0.197332)
(0.191097,0.146145)
(-0.987864,-1.17678)
(1.14079,-0.470825)
(0.476598,0.367639)
(-0.400531,-1.43566)
(0.875024,0.745012)
(0.41755,0.176076)
(0.168992,0.909594)
(-0.248963,0.49302)
(0.589405,0.771868)
(0.182744,0.246208)
(-0.336225,-0.427545)
(-0.0606508,-1.03842)
(-0.243402,0.0967466)
(-0.447372,0.912396)
(-0.489652,-0.604501)
(-0.584307,0.736521)
(1.22789,-0.818095)
(-0.570907,1.30107)
(-0.881682,0.0876685)
(0.555122,-0.280389)
(0.219435,-0.367552)
(-0.88545,0.858894)
(-0.0469681,0.90696)
(-0.409925,0.339217)
(-0.729111,0.559927)
(0.319134,0.0416013)
(-0.847546,-0.495935)
(-0.406655,0.934767)
(0.083879,-0.402354)
(0.353678,0.552615)
(0.365995,0.273708)
(-0.76189,-0.264203)
(-1.33657,0.915424)
(-0.290262,-0.0887704)
(-0.186382,0.388726)
(-0.579504,0.0793775)
(-0.762751,-0.158816)
(-0.262308,0.745628)
(0.219314,0.0232214)
(-0.273084,0.591179)
(0.261478,0.406106)
(-0.0631151,0.562906)
(-1.00439,-0.0165715)
(-0.159274,0.159567)
(0.0846048,0.342689)
(0.244179,1.29555)
(-0.0185981,0.663386)
(-0.24981,-0.678325)
(-0.490106,-0.208561)
(0.480937,0.703494)
(-0.768947,1.08277)
(-1.1312,0.508668)
(0.250422,0.851149)
(0.665089,0.776153)
(0.635983,-0.129978)
(0.577183,-0.0692946)
(-0.444598,0.456377)
(0.842705,0.449403)
(0.650728,0.90528)
(-0.143932,-0.145582)
(0.695552,0.28535)
(-0.079307,1.1323)
(0.0981775,0.331415)
(0.210416,0.477276)
(0.10806,0.0508774)
(-0.312269,0.854203)
(-0.527342,-0.0176022)
(-0.158556,0.244329)
(0.51987,-0.608493)
(0.585667,0.0445968)
(-0.0089466,0.348276)
(-0.00631723,-0.629649)
(-0.929673,-0.282035)
(0.312716,-0.59833)
(-0.235204,0.144687)
(-0.769912,0.224276)
(1.21027,-1.45269)
(-1.01031,1.01054)
(-0.377414,-0.391542)
(-0.0981482,-1.02886)
(0.262846,0.311662)
(1.1098,-0.226798)
(-0.906861,0.139368)
(-0.335076,-0.529853)
(-0.0161522,-0.27145)
(-0.590152,-0.261206)
(0.523338,-0.460287)
(0.968893,0.30531)
(-0.0292481,-0.524369)
(-0.724228,0.654903)
(-0.488177,-0.26739)
(-0.0249304,-0.754633)
(0.198104,0.377837)
(1.14741,-0.237414)
(-0.00346624,0.0930504)
(0.53313,0.0405737)
(-0.185816,0.496383)
(0.671001,0.434505)
(0.338022,-0.717107)
(0.340713,0.449012)
(0.172117,0.221964)
(0.132719,0.886876)
(-0.934651,0.620437)
(0.686125,-0.455687)
(0.12754,0.300832)
(0.423055,0.108402)
(-0.13279,1.34485)
(-1.06614,0.0282186)
(0.0842787,-0.00169075)
(-0.533633,-0.638888)
(0.259521,-0.142578)
(-0.284267,-0.870922)
(-0.711979,-0.290603)
(0.0501742,0.494881)
(0.161974,-0.481272)
(-0.705139,-0.708805)
(0.282117,-0.803972)
(-0.227393,0.0880786)
(-0.722334,0.399539)
(0.85349,-0.707196)
(0.368093,-0.357105)
(-0.398894,-0.0465327)
(0.840119,0.170444)
(-1.47171,0.241337)
(0.010443,0.830082)
(0.209502,0.352352)
(-1.14434,-0.474742)
(-0.124495,-0.561553)
(0.766686,-0.356558)
(0.048125,-0.168495)
(-0.0317309,0.14029)
(-0.0956704,-1.37555)
(-0.0901645,0.0556037)
(0.643625,0.14526)
(-0.151746,0.0837398)
(0.0841177,0.146148)
(0.645118,1.07141)
(-0.396753,0.509319)
(0.0204071,1.22304)
(0.134619,1.20769)
(-0.614022,-0.376923)
(-0.162595,1.01012)
(-0.782511,0.447837)
(0.681633,-0.715877)
(-0.506347,0.159345)
(0.31913,0.445706)
(0.0499988,-0.46904)
(-0.591543,0.618487)
(-0.511988,-0.229987)
(-0.16447,0.921821)
(-0.186796,-0.673648)
(0.573385,-0.8064)
(0.489895,0.691079)
(0.0304992,0.0324772)
(-0.203758,1.16302)
(0.0184155,-0.261666)
(0.17781,-0.299979)
(-0.0644864,-0.167321)
(0.6346,-0.206756)
(-0.0583674,-0.554121)
(0.985516,0.436051)
(-0.537416,0.153168)
(-0.0642388,-0.360029)
(-0.026438,-0.0728682)
(-0.180748,-0.162098)
(0.214735,0.868835)
(-0.702476,-0.504524)
(0.167414,-0.142892)
(0.511737,0.0869625)
(-0.845955,-0.166548)
(0.418327,0.758686)
(-0.978407,-0.0934647)
(-0.570367,-1.34746)
(1.01354,0.511946)
(-0.446822,-0.327907)
(0.382041,-0.987694)
(-0.716669,0.587229)
(-0.177102,0.212839)
(-0.00911247,1.57543)
(-0.389674,-0.49452)
(-0.0678309,-0.831995)
(-1.01476,-0.522523)
(-0.461321,0.635675)
(-0.304127,0.25268)
(0.328083,0.139882)
(0.127254,-0.386801)
(-0.410961,0.711286)
(-0.724327,-1.06696)
(-0.0863938,0.255634)
(-0.345488,1.24778)
(-0.552871,-1.11312)
(0.0742087,-0.926614)
(-0.0585136,0.235811)
(0.0727656,0.397019)
(-0.17845,0.218873)
(0.00563224,0.0304515)
(0.728521,-0.379498)
(0.724126,0.78821)
(0.509804,-0.463808)
(0.562664,-0.626237)
(0.429375,1.12612)
(-0.960454,0.229703)
(-0.00971046,-0.00100118)
(0.634167,-0.600102)
(0.111208,-0.680999)
(-0.387355,0.908812)
(-0.408688,-0.166742)
(0.113449,-0.477399)
(0.106275,0.466836)
(0.642716,-0.765931)
(-0.0555689,0.34267)
(0.441298,0.238459)
(-0.149655,0.881726)
(-1.46476,-0.00807879)
(0.489979,0.561806)
(0.264352,-0.156009)
(0.556629,0.276008)
(0.689741,0.433822)
(0.2653,0.0606608)
(-0.449119,-0.680025)
(-0.115749,-0.450247)
(0.198829,0.309816)
(-0.533475,-0.626293)
(0.075854,-0.460208)
(-0.0826594,0.382771)
(0.0330035,-0.718769)
(-0.758665,0.166911)
(0.146343,0.000854917)
(0.180893,-0.457054)
(-1.14083,0.540963)
(0.277468,0.989758)
(0.176312,-1.02913)
(-1.03138,0.205868)
(0.81591,-0.453662)
(-0.314668,0.489172)
(0.7782,0.677638)
(0.512042,0.450305)
(-0.373841,-0.757856)
(-0.077513,0.158533)
(-0.632375,0.715343)
(-0.400373,-0.302271)
(-0.832935,-0.675391)
(0.245445,-0.032469)
(-0.269478,-1.23409)
(0.262543,0.0754006)
(-0.0351238,1.10794)
(-0.682814,0.256176)
(-0.106677,-0.732633)
(0.672263,-0.713783)
(0.180417,0.863705)
(-0.0673221,0.695269)
(-0.477615,0.479292)
(0.497427,-0.87051)
(0.816804,0.262626)
(-0.419061,1.15055)
(0.382406,-0.392157)
(-0.0583264,0.381983)
(-0.507223,0.0663843)
(0.708443,1.48978)
(0.700778,-0.51205)
(0.0975618,0.0111152)
(0.353176,0.361731)
(-0.31569,-0.169407)
(-0.516567,-1.09436)
(0.140042,0.181854)
(0.226437,0.101485)
(-0.108174,-0.278028)
(0.0101378,-0.254017)
(0.700897,-0.0536731)
(-0.860135,-0.0526155)
(-0.718034,-1.33312)
(0.34257,-0.42602)
(-0.317414,-0.402255)
(-0.145088,1.07531)
(-1.32614,-0.437336)
(-0.224923,0.143512)
(-0.470298,-0.395253)
(-0.902039,0.555163)
(-1.60666,-0.00995276)
(-0.377808,-0.851971)
(-1.71167,0.196412)
(0.499842,-0.437127)
(-0.329983,-0.481241)
(-0.0932448,-0.25366)
(-0.533352,-0.317161)
(-0.236714,-0.776077)
(-0.272489,0.517793)
(-0.934519,-0.56829)
(0.1845,-0.592359)
(-0.212451,-0.053156)
(1.81821,0.107821)
